tensor_linearrelustack6weight 32
0.485714644 0.387158692 -0.256995291 0.341709763 0.484135687 -0.070369035 0.287587136 0.267943323 -0.090133816 -0.0562717356 -0.066699639 -0.0542552024 0.370264411 -0.0576891899 -0.209046304 0.488650441 0.500096679 -0.0992454812 -0.0497264378 0.358486265 -0.465935111 0.440016806 -0.28692472 -0.0680219382 -0.158103511 0.306844652 -0.145922989 -0.043457143 0.347692966 0.359942019 -0.30969274 0.3547225
tensor_linearrelustack3bias 32
0.0348736681 0.650017083 0.388248354 0.688207984 1.10503316 -0.0444967076 -0.0193687323 -0.749832511 0.0680526495 0.101550356 -0.167587817 -0.143761486 0.886295617 0.0658220574 0.682239532 0.224718079 0.527546108 0.410108 -0.120920092 1.05321991 -0.230002895 -0.93797493 0.132508874 0.0706004128 0.594370723 0.786327243 0.352075398 -0.0891270489 0.953462005 0.135498583 -0.550161004 -0.288800776
tensor_linearrelustack3weight 2048
-1.72514331 0.384248853 0.169818819 0.411479741 -0.197599411 -0.0190173481 0.242462412 -0.250936508 -0.256531328 -0.137084529 -0.0985725522 -0.548555493 -0.380290002 -0.139437586 -1.37140656 0.359686196 -0.197294801 -0.160112888 -0.659992576 -0.220619664 0.459955245 0.150313646 -0.0099316854 -2.39250565 -0.0220482964 -0.253958613 -0.237659857 0.218019992 0.866337478 -4.14359903 -0.351239383 0.197081119 0.665331244 0.105363764 -0.233882591 -0.0345882028 0.265774459 0.159870893 0.0276355185 -1.05046868 -0.439170778 0.350901693 0.157946095 0.217960462 0.048212193 0.164961964 0.622757375 -0.470951468 -0.149145916 -0.432541192 -1.27933872 -0.775863111 0.726450443 0.561353624 0.261435986 -0.0629612729 0.423968226 0.283668101 -2.82954001 0.249927968 -0.222468346 -0.030730525 0.435940713 -0.0285970978 0.0581249371 0.274984628 0.0651354119 0.0226775948 -0.380424976 -0.591344535 -0.27929765 -0.178102612 -0.0121915312 -0.103654988 0.263084471 -0.29332301 -0.304468036 -1.65526295 0.228647351 0.294298112 -0.0252437815 -0.197398812 0.0437352099 -0.0273242164 -0.277002811 0.398432374 -0.185859889 -2.48570514 0.126148582 0.554638863 -0.585012436 0.120023593 0.231231779 -3.76312518 0.025009023 -0.14422901 0.892555177 -0.00161687564 0.114389375 -0.273814231 -0.978127301 0.430029273 -0.453539848 -0.18464981 -0.115827724 -0.181578949 0.081597127 -0.101723969 -0.734910131 -0.221779838 0.74219197 -0.109874099 0.554779112 -0.177701563 -0.521888912 -0.172550991 -0.428397447 0.0157506354 0.351380914 -0.138970807 0.548637152 -0.520734727 -0.332098365 0.888310134 -0.43208608 0.0228553265 0.125884801 -0.697816432 -0.276686519 0.700366318 0.0898032114 0.867844224 -0.950828135 -0.232905716 -0.0478893779 0.288953781 0.409952402 0.00427231845 0.109294005 -0.501748979 -0.024212528 0.136057347 -0.0353181362 0.626240313 0.169714391 -0.230275348 0.113180973 -0.271780699 0.166552946 0.0542180277 -0.0220772568 1.53734088 -0.481645972 0.0472048484 -0.0194008797 -0.399873525 0.402492344 -0.646489143 -0.172020376 -0.185234472 -0.763663888 0.0298383385 -0.0815468952 0.171477348 -0.155985177 1.82136095 -0.024442438 0.542579472 -1.38664889 0.549529135 0.0337739736 0.164492875 0.0111695305 0.35182032 -0.52108705 -0.150716364 -0.142456189 -0.762514114 0.182586327 -0.306002051 -0.362879872 -0.254788756 0.267900229 -0.878519714 0.402418882 -0.0122271627 0.531393945 -0.369084924 0.0182335041 -1.33448601 0.026871888 -0.49074167 -0.627664566 0.659748793 0.424137264 -0.20254533 -0.393459797 -0.0951566845 0.295158833 0.26821813 0.461796612 0.0400753394 -1.3688153 -0.45328182 0.257412851 -1.32439733 0.264619976 -0.687283695 -0.823194742 0.0951213017 -0.150549278 -1.06395257 -0.682275295 0.000584394147 -0.319162875 -0.34954384 -0.968570054 0.00606383523 -0.145113125 0.289680153 0.560191154 0.860125363 -0.516951621 0.606421888 -0.797001004 -0.143326938 -0.695700586 -0.0314711519 0.0784497261 0.0412354432 0.331931293 0.215945005 -0.310364902 -0.673591793 -1.54862535 0.142182887 -0.179425672 0.229553223 0.104531847 -0.227536619 0.317694962 0.0269162934 0.130308449 0.0670467988 -0.0966472775 -0.585795522 -0.513791382 0.193446383 -0.437393844 0.043322131 -0.200222194 -0.410754502 -1.19416857 -0.343720734 0.148428783 0.713288188 0.666589499 -0.0769990236 -0.031932693 0.380072474 -0.12724556 -0.337505549 -0.412846386 -0.0282901488 -0.323996812 -0.0612130798 -0.230223924 -0.15728128 0.0180662014 0.105211057 -0.163120538 -1.063218 -0.00224550744 0.18720457 -0.140053377 -0.107166231 0.0117529044 0.206986234 -1.0084914 0.917437673 -0.255205452 -0.0940831304 -0.797554195 -0.36738947 -4.31869268 0.244037479 0.0203019809 0.635599494 0.529562533 -0.129039347 0.0747257322 -0.216572464 -0.448907107 0.17159681 -0.233386204 -2.48112655 -0.115470782 0.479035765 0.239603877 -0.357030004 0.108978964 -0.471434861 0.0821836889 -0.312953472 -0.412245542 0.0644901097 0.448420346 0.104939915 -0.0649034083 -0.10422869 0.435579747 -0.0456127226 0.287089139 -0.11431966 -1.12952602 0.0573015548 0.0759052262 0.215961128 -0.153616816 -0.991347969 0.128910035 -0.126638383 0.204179913 0.0588751286 0.250813723 -0.195057094 0.300153583 -0.300157636 0.189328939 0.358907938 -0.215708688 -0.724287808 0.161208034 0.0501624681 -0.234275594 0.0333097652 0.37439239 0.013770205 0.0163807422 -0.0208350196 0.407624125 0.61337465 0.363687158 1.14091587 0.0580244288 -0.0138925482 -0.103330635 0.1180299 0.00168101978 0.316398531 -0.0479199961 -0.827491283 0.842382908 -0.0957759842 -0.284065753 0.046683982 -0.173214778 0.410087585 -0.149293259 0.0888081938 0.607213438 -0.446581274 0.046247568 0.538753748 -0.155370206 0.158016711 -0.416215867 -0.267985344 0.252733231 0.234403431 0.229231477 -0.0534990728 0.10397625 0.364669383 0.141612306 -0.0151211051 -0.56907022 0.714918554 -0.152579039 -0.175297827 0.215687618 0.468655378 0.249703735 0.941449344 0.146813855 0.0668666363 -0.097702086 -1.72521436 0.266283184 -0.0792754963 -0.289907604 -0.275421113 0.0385573469 -0.248942256 0.440510511 -0.800555706 0.325770408 0.589380145 0.0219195317 -0.780718744 -0.315624714 -0.0362211689 0.311849982 -0.638148129 -0.307368487 -1.13200521 0.0201629177 -0.803112388 -0.283466458 0.443345517 -0.0911908448 -0.071222052 -0.371228606 -0.951609492 -0.377022713 0.676553607 -1.52681613 0.293669224 0.0263069533 0.667786539 -0.652012646 -1.28795862 -0.336892486 0.23345907 0.930108547 -0.696772575 -0.158541858 -1.19106472 -0.131684631 -0.877138615 0.507044673 -0.31007129 -0.0336406268 -0.589318573 0.0256680101 0.391127378 0.118499465 0.342409551 -1.24551249 0.251146227 0.0172322653 0.44639197 0.0502444655 0.739699662 0.797016025 -0.689428329 0.29070738 0.189701661 0.194485456 -0.624242306 -1.35805655 0.270857036 0.345337063 -0.48238498 0.00684752222 -0.463918895 0.36096406 0.441085428 -0.227429494 -0.446723074 0.0528768077 0.383971393 0.526879549 -0.532914281 -0.365068823 -0.150341749 0.405773163 0.0225328952 0.624833345 -0.106344506 0.0322338939 0.457845092 -0.716803253 0.100240685 0.0359769166 -0.0346358903 -1.6777271 -0.0166032128 0.983597994 -0.373471797 0.204420701 0.058128994 -0.169082507 -0.11308296 -0.567469239 0.298994124 -0.7384547 -0.298057616 -0.881427824 0.0371941887 -0.822797537 -0.7637887 -0.347010553 -0.50857532 -0.225214273 0.0536080897 0.582511604 0.355768919 0.730361044 0.448226631 -0.128213808 -0.114790805 -0.169747248 0.170546308 -0.236601219 -0.294803351 0.420467436 0.198006466 -0.175496608 -0.784779072 0.645382881 0.057349924 0.178898811 -0.327672988 0.044478327 0.310360104 -0.074654609 -0.197077304 -0.427422643 -0.104731344 0.332693458 0.398234189 0.165985063 -1.05905294 0.557210267 0.720688403 -0.0759043992 0.129727662 0.337180436 0.196970403 0.128565937 0.553936362 0.192694873 0.0288709681 0.260941863 0.669328272 0.146312296 -0.877497494 -0.0990734324 0.0601001643 0.54400599 0.300198436 -0.148237631 -0.0187862292 0.228488132 -0.804581821 0.1649611 -0.287542254 0.467047125 0.545953631 -0.133509755 0.0969558507 -1.23392928 -0.119548403 0.06200701 0.295716852 0.234679341 0.0587910339 -0.0968319923 -0.406270713 0.922360301 -0.71822089 0.228343457 -0.129569486 0.0833653361 0.295879781 -0.0199633483 0.00346064637 -0.0971815735 0.30296573 0.0135374796 -0.0150098326 0.180317104 0.245282352 -0.123957768 -0.212290779 0.0854339004 -0.307356745 0.0604673289 0.270892292 0.0525002778 -0.14569442 -0.370727628 0.134190485 0.329461038 0.175804332 0.017972365 -0.471940279 0.479655772 0.695919454 0.315316379 0.39839986 0.0408257917 -0.0167122707 -0.0735529736 0.363613725 0.0383891575 0.573869824 0.153188005 0.683951795 0.194100425 0.0428978689 -0.050731495 0.144897401 0.184270024 0.390369833 -0.218075186 -0.392669499 0.755991995 -0.464549512 0.259111643 0.370314628 0.302152038 0.674229205 -0.309305072 -0.054648973 0.481387287 -0.470334351 -0.00219896855 0.22844936 0.339378089 3.83517254e-05 0.0253763087 -0.0889395699 -0.149527878 -0.0407605991 0.146809638 -0.0202424992 0.511937559 0.194748744 0.187702686 -0.0688833147 -0.0850034505 0.590169668 -0.0334320664 -0.085095048 -0.00825569686 0.166536465 0.226811677 0.623004854 0.165659025 -0.624706805 0.404363662 -0.339843571 0.200494364 0.0338354297 -0.198241651 0.186757714 0.122971393 -0.0717383474 -0.0462014973 -0.439301223 0.404111773 0.546957195 -0.0818334222 0.0711996183 0.00712165423 0.143370822 -0.0659219325 0.183460817 0.419603705 0.570857048 0.16569604 0.850398302 0.196744233 0.388147295 -0.105026908 0.0224852636 0.344846517 0.560401201 -0.00198183046 -0.0226269849 0.770766377 -0.0825474337 0.297096789 0.242271423 -0.601147771 0.378100723 -0.18453306 0.000534391147 0.709821403 -0.257213771 0.287273049 -0.168979853 0.335772812 -0.0204767305 0.0592037439 -0.0220842045 -0.188014269 0.218940943 0.0120783132 0.0192025006 0.44375658 0.0486390702 0.163036868 0.119142614 -0.185664445 0.259268492 -0.0752693936 -0.269341022 0.277690798 0.501662552 0.604352474 0.114030473 0.110871971 -0.272154748 0.219804868 0.242107466 -0.060991697 -0.16734381 0.165202156 0.142211065 0.217475161 0.114682704 -0.0658084154 -0.550182164 0.233257145 0.57705313 0.300656199 0.235905811 0.0221996307 0.0816420764 -0.0670382455 0.246939227 0.127897948 0.516989052 0.237540469 0.540937543 0.18758902 0.103096426 -0.0954059362 0.145638123 0.117977612 0.549492657 -0.0130241346 -0.294290483 0.866702259 -0.14059566 0.0339479782 0.454466403 0.0944346562 0.518059492 -0.280603319 -0.0462122224 0.611987889 -0.391560197 0.226876318 0.083437033 0.308816969 -0.197058976 0.0825626552 -0.0126554035 -0.183732271 0.15930897 0.229362085 0.0444007851 0.413216889 0.23886691 0.26072976 -0.0191019792 -0.113327816 0.496597141 -0.265130639 -0.0614172146 0.195881844 0.378007799 0.348273098 0.575151563 0.963837087 0.201624393 -0.11377126 -0.101761796 -0.885858059 0.043572031 -0.315677643 0.247095853 0.0260420442 -0.0922229961 0.192274734 -0.566614807 0.400685877 0.322341353 -0.102545537 -1.02262735 0.0944153741 0.0649745017 0.0330091864 0.496495694 0.524775624 0.0652027577 -0.226616636 0.291180104 0.39069283 0.406393617 -0.449393868 -0.770249307 -1.11339867 0.390730381 0.00557912467 -0.68444401 0.569000959 -0.0680316985 -0.782729268 0.364880085 0.430089027 0.73150295 0.0542830527 -0.649964631 -0.720410466 0.118112333 -0.12497969 0.0863410383 0.0353218876 -0.15327853 -0.131112248 0.00957403611 -0.451324522 -1.1314404 0.665392995 -0.314221233 0.364733964 -0.35210216 -0.261936277 0.210674375 0.146636307 -0.277736962 -0.0949175432 -0.133180991 0.171583608 -0.490733296 -2.28821445 0.161572829 0.357452273 -0.197740555 0.106360264 0.0807226598 0.195778802 -0.0502372645 0.272182643 0.166748315 0.249889687 0.247471943 -0.0643671304 -0.393566519 0.268938899 0.338319272 0.0786475986 0.160247773 -0.0154265491 0.0855876952 -0.0244589932 0.157131821 0.135002166 0.674788594 0.325605571 0.791470051 0.0624859892 0.252534151 -0.0746919364 -0.0135233682 0.499204606 0.471859455 -0.0808583349 -0.26627183 0.867995083 -0.0345488079 0.158951774 0.352575094 -0.236362234 0.410731405 -0.284318894 0.00447674422 0.541911423 -0.323060662 0.0267018229 0.0726540536 0.421492159 -0.18503283 0.0384962186 -0.0657189488 -0.280715406 -0.046866294 -0.0962132812 -0.0775232613 0.420568109 0.376495719 0.272484273 -0.0569127724 -0.216450498 0.388720065 -0.00812195521 -0.13955839 0.288299441 0.337860167 0.366947204 0.545587659 0.0534541048 0.275937855 -1.4543426 0.530039608 0.0555948801 -0.492802173 0.532117784 -0.602288187 0.296265423 0.0779418051 -0.803871036 -0.943964362 0.132425502 0.0277783424 -0.0654178038 -0.150868684 -0.0861275494 -0.163425669 -0.112885006 0.461724311 -0.160101384 -0.529148221 -0.18390201 0.943143129 0.6494959 -0.661252856 0.248361006 0.123144329 0.621634543 -0.206787765 -0.505474865 -0.0780088156 -0.198980644 -0.348031104 0.37016961 0.351168245 -0.0479627363 -0.333104581 -0.350366801 0.208797857 -0.664646685 0.0365711488 0.241471887 0.504883885 -0.0961750746 -0.0567577295 0.109214209 -0.124690227 0.624252975 -0.687161565 0.0289413072 -0.00644256361 -0.0218417924 0.0760623962 0.351969481 -0.00234568398 -1.3728044 -0.494744122 0.000888962182 -0.0297498889 -0.870875359 -0.0839197636 -0.478463411 1.65964794 0.00562732946 0.926149666 -0.0390210748 -0.278123468 -0.45628202 -0.378825068 0.239566714 0.548069775 -0.954353988 -0.54534328 0.195566356 -1.04106474 0.0215566754 -0.333889395 -1.24547613 0.232966349 -0.0165418088 0.317150891 -0.640265882 -0.50340426 -0.688126743 -0.703834534 0.327708691 0.242201224 -0.106059939 -1.59048164 -0.272310615 -0.667110324 -2.72645855 -0.0398912728 -0.110952258 -0.158553109 -0.959564149 -0.0985841304 0.366020381 0.0999060869 -0.333037555 -0.498447061 0.101783156 0.711416841 -0.232241303 -0.0366773345 -0.011708363 -0.452674031 0.258042544 0.334654689 -0.477481604 -0.529133558 -0.0369083285 -0.892233074 0.167852357 0.31733796 0.767317474 -0.105720282 -0.0749765858 -0.199965596 0.671164095 0.413861632 -1.00098932 -0.050020542 0.112612717 0.0425715446 0.437315851 -0.867614985 0.296415091 0.271517634 0.202848718 -1.49471748 0.000254743092 0.197671786 -0.170759618 -0.244647533 0.325234056 -0.372226328 0.56499505 -0.138473034 -0.282436758 0.222417131 -0.609911978 -1.94823623 -0.331875801 -0.866851509 -1.29851782 0.603253186 -0.348897934 -0.673478842 -0.641034067 0.490055323 -0.455840886 -2.10324216 -0.103547111 -1.89356184 0.599313438 0.277319908 0.123699628 -0.985467315 -0.879486084 0.377127647 -0.818962574 0.390619755 0.514587402 -1.69690478 0.000978620141 -0.130023077 -0.759508073 0.17117998 -0.38977015 0.22635743 -0.202310845 -0.274642289 0.168672934 -0.368129253 -0.174923867 -0.313619226 0.342388749 -0.287606508 0.533935428 0.224383131 0.269024521 -0.261546165 0.582907736 -0.191040128 -0.219113305 -0.0170478113 -0.318963289 0.0722140744 -1.47529817 0.798808813 0.100264892 -0.103092901 -0.66856724 0.98442775 -0.623421848 0.0212146658 -0.0855738074 -0.455681294 0.413703978 0.239121839 -0.119301461 -0.976098478 0.291348845 0.439514667 0.0651939139 -0.662244022 0.213736117 0.0818479136 0.0619108379 0.46470955 -0.359327942 0.506113112 -0.110530965 0.194572225 0.0995803401 -0.921708405 0.231320038 0.0517596602 -0.206776828 0.628311932 -0.301306278 0.208576053 -0.471078426 -0.306990653 0.288132221 0.119632281 -0.0542203896 0.330070853 -0.245984599 0.261796355 1.46851695 -0.482221276 0.169882745 -0.0220006071 -0.0553577803 0.188921422 0.186863393 -0.0152986133 0.224684075 0.0231792182 0.364873588 -0.313738614 0.416446775 0.268217206 0.234849826 -0.189199254 0.0888051093 0.0533543378 0.185737371 0.0658291727 -0.421816617 0.519227862 -0.241722688 0.367710739 0.30613777 -0.133153394 0.0688293055 -0.0568218827 0.093108274 -0.0593166202 0.26317513 0.178591445 0.232568219 0.21519728 0.036708951 -0.396579415 0.285530269 0.781471014 0.0520367548 0.177845851 0.198696181 0.154659972 -0.101341762 0.0930377543 0.138061032 0.724095166 0.304268241 0.737356782 0.0544103943 0.206167802 -0.0255965404 0.087734893 0.363946825 0.532687962 -0.102926776 -0.251841813 0.986715198 -0.131904736 0.12910068 0.337807745 0.177389234 0.5384233 -0.283108681 -0.048855152 0.484582484 -0.323179215 0.176217631 0.0381493866 0.274948806 -0.0961072594 0.104020931 -0.0586610287 -0.289168 -0.0529759042 0.0316778421 0.000694600109 0.52984339 0.32001394 0.356057137 -0.13022694 -0.217967302 0.447040349 0.0284686591 -0.0432084873 0.191357344 0.29229486 0.242681876 0.129204482 0.0640002042 0.399698943 0.637347639 0.0371712372 -0.00462208455 0.409930378 0.151199684 -0.18975915 0.297726601 -0.418545455 -0.22995688 -0.219470382 -0.0542991497 -2.44082761 7.69810285e-05 -0.241807029 0.599736035 -0.0751577169 0.237733603 -0.209477156 0.0472513884 -0.347741812 -0.0496703498 0.0164531488 -0.336530596 0.158679873 -0.17142272 -0.0784948617 -1.13230968 0.0630927607 -0.228574321 0.132266164 -0.343727797 -0.517482698 -0.954242766 -0.171957031 0.13330394 -0.893952072 0.280735403 -0.000676214753 -1.3288945 -1.25684237 0.29274115 -0.525366247 -0.402120531 -0.124313921 -0.0140700564 0.468817145 -0.196672544 -0.21719189 0.152478203 -0.511915684 -0.143894553 0.068376638 -0.0131604662 0.0504779853 -0.071783416 -0.0433344208 -0.0672482178 -0.292947948 -2.79681706 -0.182452694 0.666441381 -0.00330992439 0.0868757293 -0.130040258 -0.534929335 0.50041151 -0.634946764 0.0553031191 -0.161194727 -0.0800843388 -0.129215986 -0.834986091 0.243420228 -2.49510503 -0.445857108 -0.109035753 0.383556694 -0.0993968174 -0.393921554 0.0351281874 0.0185460523 0.373217225 0.265292823 -0.167053759 -0.0755661055 0.246061265 0.0409272388 -0.534191847 -0.225294456 -0.279132187 0.279827178 2.98728037 -0.514118493 -0.549781799 0.463317722 0.167320594 -0.302746832 -0.263102353 0.11341846 0.842444777 -0.139007896 0.951713443 -0.608990669 0.570197463 -0.0233767163 -1.63572073 0.542837143 0.422367156 0.456489354 -0.934604168 -0.150740474 -1.00470519 -0.455906093 -0.183679193 -0.365268528 -0.499706745 0.64083004 -1.39906359 0.458903849 -0.0839124396 0.224125549 0.144081935 -0.182722196 -0.0802295581 -0.178854838 -0.601252139 -1.1790669 -0.554368615 0.698144138 0.0300029255 0.421536356 -0.331511647 -0.528571665 0.259669214 -0.547062993 0.0622212328 -0.656776965 0.430684477 -0.324863553 0.281866521 -0.341569483 -3.64134216 -0.128079787 -0.995206237 -0.146462992 -0.0989177451 -0.345525324 -0.0864664838 0.282776296 -0.251601219 0.106298558 -0.0287086535 0.397089988 -0.114399768 -0.849109352 -0.0742321685 0.102050819 -0.261205792 0.727788329 -0.0724159181 0.114692762 0.25423941 0.156906903 0.0635086894 -0.277879715 0.902838111 -1.60321033 -0.363885254 0.151202902 -0.427482724 0.0679290146 0.705232203 -0.280152559 0.016767012 -0.0861646011 -0.0778171942 -0.0464550406 -0.296830833 0.329286605 -0.0947428346 -0.236711532 -0.358815581 -0.0186074097 0.47757709 -0.130167648 0.0550804213 0.372090548 -0.13505663 -3.81850553 -0.170229927 0.204241619 0.249902949 -0.288439423 0.213244393 -1.0852623 -0.048773814 0.468701929 -0.293379158 -0.253986269 -0.803193808 -0.188234732 0.296036839 0.484870583 0.256406277 0.312960684 0.193641052 0.556073546 0.124819212 -0.158606201 0.0884643793 0.197774455 -0.100866094 0.176663592 0.690991223 -0.238059685 -0.230325997 0.396334141 -0.201021358 -0.101749055 1.49639523 -0.38198033 -1.25762808 0.0215736963 -0.604165971 -0.0672136694 -0.470525205 -0.0653819218 0.652177155 -1.41305804 0.246767923 -1.942801 0.862194359 -0.0540122762 0.0344970524 -0.713016152 -0.0301188845 -0.725497365 -0.607812941 0.0358815566 0.633937061 -0.508081794 0.12142913 0.876617968 0.0348842479 0.56705147 0.175203875 -0.267562568 -0.195117325 0.386770517 -0.809403658 0.156954423 -0.0747019723 0.159255341 -0.215268463 0.00758331642 -0.35812664 0.292153895 -0.156523749 0.133428916 -0.142730564 0.284019142 0.2419402 0.125376806 0.320135564 -0.123295859 -0.671134114 0.467492759 0.600676417 0.0668683127 0.20199199 0.193319142 0.122805901 -0.0965353474 0.187374979 0.125516921 0.67431885 0.282802492 0.415167958 0.155519918 0.177250132 -0.180419624 0.080229111 0.0577967949 0.366325885 0.0178027321 -0.338654757 1.01156485 -0.403076887 -0.00606154744 0.295385391 0.358135104 0.666505635 -0.3330549 0.0859624073 0.766632557 -0.768894315 0.261957288 0.17611061 0.307996213 -0.225167409 -0.0233835001 0.00832844432 -0.231964141 0.0912558213 0.161084577 -0.0514010228 0.0626386777 0.165579766 0.184155732 -0.0351478383 -0.0298099779 0.222008958 -0.418383688 -0.0223975759 0.414002925 0.265456527 0.264394432 0.56008774 -0.132992476 -0.823451698 -0.507540107 0.835081935 -0.118366547 -0.0763772726 -0.212563142 0.418607086 0.0070070303 -0.0653648451 -0.347097397 -0.834742427 0.142461941 0.290258378 -0.273338944 -0.690101087 0.31381309 0.276847184 0.0779453591 0.356063604 -0.335176826 -0.0828854665 -0.162527382 0.527357638 0.432596117 -0.262892604 -0.498484403 0.30573079 -0.218315497 0.248398334 -0.0336337239 -0.18617858 -0.0269120354 -0.531844914 -0.0462250933 0.730927289 0.535303891 0.164496422 -0.101999462 0.0898539051 2.25461054 0.0672683269 -0.00766001968 -0.174650341 0.183205634 0.802389085 -0.190875039 -0.314780921 1.00169528 0.110871382 0.278803885 0.116664924 0.0932293236 0.0175838768 -0.0289217196 -0.596032143 -0.733769357 -0.192336306 0.456281006 0.104860798 0.0937278941 -0.363791227 -0.0403011367 0.092000179 0.126782671 -0.238248929 -0.476357639 -1.16733563 0.328738481 -0.0129955383 0.239325941 -0.596766829 0.170611456 0.500200689 -0.950248659 0.165926784 0.170543328 0.798784077 -0.204100072 -1.0552665 -0.346410185 0.60881722 0.0987288654 -0.686796784 -0.422536343 0.53723222 -0.25157693 -0.102267377 -0.572214663 0.037577983 -0.300433069 0.079704389 -1.13808525 0.622526467 0.304620087 0.0382742994 -0.77867198 0.0946540758 -0.00407514302 -0.707126439 -0.222697869 -0.0341703184 0.00773981726 -0.400394827 0.0515637472 0.319253772 -1.02348053 -0.0166627467 0.350311428 -0.201240733 0.0582911819 -0.393353075 -1.10624373 -0.368176132 0.0216536969 0.148068935 0.356828034 0.230056211 -0.704883635 0.510652602 -0.0998504236 0.29762429 -0.576905727 -0.161510631 0.572256148 0.473437101 -0.353935421 -0.252515435 0.184223965 0.0485112965 -0.066428192 -0.177784458 -0.623567522 -0.0358689576 0.59790951 -0.868422985 0.0523651652 0.152264073 0.075210914 -0.703190207 0.177618474 0.121470131 0.041401878 0.202377141 0.153323919 -0.266993195 -0.289364547 0.0611496903 0.326266021 0.181102619 -0.142525926 1.17813551 0.714673817 -0.922104895 0.728110015 -0.069078505 0.388391495 0.852536798 0.135092288 -0.0110384328 0.477580249 -0.234188691 -0.262971401 -0.311926037 -1.21334493 0.252969295 -0.19413124 0.449013978 -0.566767514 0.121636644 -0.0579108782 0.228966504 0.275850624 0.157260537 -0.238946125 -0.398961693 0.225594416 0.138014227 -0.0810670257 -0.466084242 0.447097152 0.779212594 0.383295745 0.380495995 -0.380524546 -0.0320656709 0.0719538108 -0.112960234 -0.191738278 0.0810061172 0.448883623 0.299369544 0.195628539 -0.258008868 0.100321762 0.0948278233 0.0958839804 -0.160711482 0.193479463 0.0977495834 0.354168087 0.211699516 0.0478564017 -0.551899672 0.181289077 0.686923146 0.134794593 0.162261665 0.0857180282 0.152854681 -0.0677568838 0.13421762 0.18913734 0.577271163 0.30707404 0.629952073 0.118706889 0.169509336 -0.0784209669 0.0873128995 0.241359502 0.503549993 -0.12410561 -0.276824832 0.907401502 -0.0694309697 0.0131955454 0.255415171 0.0238036085 0.481225938 -0.307765931 -0.0424832813 0.478644311 -0.451618701 0.206112295 0.0990322083 0.19144927 -0.00540592847 0.112559475 -0.112227045 -0.0472703204 -0.0450140834 0.130354851 0.0312591828 0.437008232 0.26306054 0.181998953 -0.0042614108 -0.198524892 0.469958812 -0.039529644 -0.0824908912 0.207563967 0.371324092 0.357964247 0.549062371 -0.375827163 -0.0465931781 0.0995913669 -0.122194774 0.134730637 0.102853768 -0.766483545 0.141999885 0.0494874418 -0.238920629 -0.134513721 -0.12087068 0.107486442 -2.19344401 -0.110363282 -1.18760419 0.139558256 -0.402479142 -0.922200024 -0.137500003 0.162011251 -0.336438805 -0.0937453583 0.600034535 -0.0420595445 0.79360193 0.148453072 -0.25727582 -2.09647489 -0.329392344 0.337974846 0.07545726 -0.462994993 0.278320134 -0.318485349 -0.187544852 -0.0170750394 0.960211098 0.176091239 -0.137569651 -4.52467775 -0.202403679 0.0731980652 0.166148841 -0.129219279 -0.140184388 0.0308815073 -0.0638477728 -0.482165068 -0.770834506 -0.280978322 0.582965791 -0.329523861 0.0750281438 0.062272992 -0.0227905829 -0.159873486 -0.560300589 0.0339738578 0.577832341 -0.589722753 -0.363917559 -0.233207479 0.607732713 -0.0545606464 -0.0144464616 0.238218188 -0.314728588 0.744345188 1.06474018 -0.28590396 -0.172753081 -0.084985666 -0.347340703 0.345873266 -0.832418859 -0.3052845 0.206260785 0.139221683 -1.48542285 0.114335731 -0.729093134 -0.201401845 -0.937146842 -0.276861757 -0.702409267 -0.099735938 -2.26919365 -0.0706147328 0.277141094 0.188801184 -0.225635618 0.283899307 0.214234129 0.418170035 0.207553566 -1.95085585 0.524768651 -0.314629138 -0.152814686 0.705907941 -0.823909998 0.572269678 0.0965225622 -0.23569341 -0.294795364 0.197907224 0.383536756 -0.196897298 -0.0136521216 -0.913896263 0.186552435 0.602082074 0.737637401 -0.0871166289 -0.318272829 -0.386950344 -0.173733637 -1.02497852 -0.461295456 -0.271096289 -0.0407235101 0.342598528 -0.657365143 0.378416806 0.147917166 -2.9192369 0.350275427 0.556520522 0.645308793 -0.112999104 0.242284805 0.00938137621 0.110882312 -1.08302963 -1.06518269 -0.202341124 -0.391067773 -0.350605994 -0.308861911 0.0277681127 -0.401667595 0.256921738 0.587124646 0.0749242529 -0.13734062 -0.326494187 0.0715860873 0.107305489 0.275168926 0.0212793034 -0.0935598686 0.190810248 0.394337952 0.7694965 -0.239563167 -0.99249202 1.84453714 -0.16332905 0.126659483 0.857958198 0.144720212 0.391702443 -0.56882894 0.977419853 0.265897334 -0.0751805976 0.0119428979 -0.0889166445 0.0227618124 0.0256378837 -0.594096541 -0.372658521 -0.197452068 -0.118281737 -0.34616372 0.210562736 0.390865117 0.0771830305 -0.780889988 0.50027287 -0.397331864 0.835752606 -0.255044699 0.355984539 0.711743712 0.0522177964 0.00735155726 -0.0929188803 -0.363354832 0.362491012 -0.910932302 -0.846230567 0.140843943 0.300425082 0.389550775 -0.242099598 0.593646765 0.160214812 0.538979292 0.127934813 0.145621598 0.0209074728 -0.467922002 0.487866759 0.864496112 -0.279706657 -2.49219799 0.303424329 -1.09643626 0.279814392 -0.251037508 -0.613697648 -0.0730300397 0.00322062708 -1.18241847 0.255687684 -0.343679845 -0.000637404155 0.0957244486 0.429557025 0.172259688 0.00261648488 -0.226812035 0.621157885 -0.407198578 -0.175125226 0.389575839 0.342906684 0.303495884 -0.972284973 -0.0602407232 0.490229428 0.244620338 -0.057201732 -0.0275197197 -0.277298063 0.422382742 0.265831053 -0.0931447297 0.0174989309 0.455294698 -0.225385219 0.257465243 -0.412507385 -0.16084291 -0.148081049 0.159242138 0.630743623 0.314068198 -0.0607920364 -0.258679241 -0.0133120921 0.402423322 -5.49312925 0.0659106448
tensor_linearrelustack0bias 64
-1.47832656 -0.660539508 -0.652009606 1.37556863 0.142583728 0.276749164 -0.482453227 -0.520474792 -0.581192553 0.269522756 -0.455726355 -0.508901119 0.378203064 -1.65834117 -1.00119126 1.1125555 0.467362761 1.23363543 0.30488348 0.296206921 -1.07056665 0.887415946 -0.652832568 1.14894724 0.486460865 -0.787347615 -0.935676217 0.0198111981 1.48469055 1.36757064 -0.573654711 -0.665473819 1.05534136 -0.364915758 -0.170167148 -0.600169241 -1.0643295 1.38431811 -0.642178178 -1.22919834 -1.53381145 -1.45454133 0.203205004 0.952572167 -0.204427034 -0.811112165 -0.97398901 -0.774980903 0.269614905 0.191794053 0.81477356 -0.653280854 -1.31488383 -0.410854042 1.39730406 -0.35144496 -0.642330408 -0.884878278 -1.36081874 0.0750776455 -1.24957275 0.920328379 1.59438801 0.236344501
tensor_linearrelustack6bias 1
-1.48465061
tensor_linearrelustack0weight 1344
0.0710353851 -0.183070943 0.113708526 0.0661132485 0.0157067347 -0.0216601975 0.0357308872 -0.0295531023 0.434894264 0.349101424 0.303642005 -0.962825775 -0.0733052865 -1.02216065 -0.0181046054 0.0668446869 0.105709963 0.0250349939 0.0356116742 0.00712979026 0.649341881 0.438431472 0.216231897 0.360968828 0.110021129 -0.0716335028 0.0330258831 -0.0662762672 0.0618272237 1.16803241 0.541946471 -0.167596504 -1.57075787 -0.17333518 0.10539674 -0.195136905 -0.194233045 -0.387075871 -0.0883413404 -0.00603379402 -0.300670713 0.147137612 0.178917319 0.00124171365 0.127297938 0.314589202 -0.130001634 0.399076313 0.411726207 0.0481782742 0.77292937 1.15207613 0.361982107 -1.6177963 -0.257465065 -0.225908756 -0.0312853158 0.0402425192 0.284351975 -0.0311880261 0.0917239785 0.187538877 -0.0360128954 -0.0201201532 0.0785258338 -0.0212509166 -0.0654961392 0.0106484136 -0.0428041331 0.0133884987 -0.00458121393 -0.458503813 -0.182701528 0.00957769342 1.07017767 -0.501715481 -0.483099222 0.0401205495 0.0254823156 0.343488783 0.555113196 0.111305803 0.409318149 -0.560274124 0.651161373 0.25131014 0.136956096 -0.0199576169 -0.194686383 0.315208912 -0.0875470415 0.0762390271 0.0727721825 -0.395254582 -0.544219196 0.318837702 0.0412054285 1.07443917 -0.449578166 -0.111120686 -1.48036015 0.0162622426 -0.216814861 -0.389537454 -0.419054896 0.226189524 -0.38062191 -0.0386796556 -0.132535934 0.0477820337 0.078457132 -0.0380001999 -0.0362924822 0.087945953 0.428569883 -0.328418076 -0.460212886 0.125026211 -0.477479279 0.291078538 0.0072650346 0.409269124 -1.70087349 0.347396076 0.288767189 -0.339143008 0.0885002613 0.0685382336 0.361282557 0.0328598022 -0.101502202 0.137120232 -0.0100048631 0.254194081 -0.470857888 -0.0593572557 0.129069611 0.625091672 0.498322785 0.422208935 0.301871002 -0.150023133 -0.283599406 0.0151104135 0.127622351 -2.12013412 -0.0135580776 -0.211489812 0.0658470765 -0.0731231198 0.259845227 0.233893827 -0.0882522389 0.578358769 -0.0655708089 -0.0903196409 0.808774233 0.392852843 -0.137374014 -0.25007844 0.526588321 -0.131849274 0.146769553 -1.24889708 0.647893786 0.0873967335 -0.255503237 -0.394364476 -0.449597001 0.27902928 -0.00923955627 0.0373691209 -0.0709684044 0.0228760093 0.0121288905 0.0665152967 -0.0830789432 0.0243852101 -0.00773447426 0.173122868 -0.361049294 0.328010619 -1.16460419 -0.0219019335 0.631407797 -0.37740922 0.245836124 0.353570133 0.544583082 -0.746056914 0.36114347 -0.141704127 0.00198283279 -0.0144056566 0.220032364 -0.120264761 0.0262614563 -1.38310385 -0.409057647 -0.284424067 1.18735373 0.054322578 0.278833449 0.692133665 -0.0491669364 0.300914347 0.144408166 -0.0635737777 -0.403473139 0.120666914 0.393670678 -0.123895057 0.788966298 0.00269080698 0.208740622 0.160881415 0.300485522 0.27450496 0.0904925689 -0.282471925 0.215669885 1.28163934 -0.361741155 0.0103164818 -0.364092469 0.806730986 -0.142902032 -0.10980659 -0.144033164 0.153304443 0.0572183654 -0.367428869 0.795148671 -0.432844192 -0.219305158 -0.406270236 -0.2796624 -0.143389463 -0.0613355562 -0.148329645 0.0957702696 -0.20381391 1.30364561 0.67227143 0.253382415 0.189710081 -0.253923029 0.0454954207 0.171087027 0.626813173 -0.168732375 -1.03467715 -0.410331368 0.557864904 0.163243651 -0.421941012 -0.325894654 0.447511703 -0.0350627266 0.0817238614 -0.0664755702 0.0127609828 -0.243785903 0.267759919 -0.92250663 0.0480281599 0.111446731 0.277997911 0.180934161 0.490558356 0.606989026 -0.205649897 -0.0371646211 -0.0545120686 0.160732269 -0.0233141445 0.010990655 0.000175364956 -1.23563361 0.0428350717 -0.0237502884 -0.657075644 -0.681670725 -0.0568882935 0.269969136 -0.976138115 -0.132691473 0.56198144 -0.0144383451 0.387649328 0.493856221 -0.0607236698 -0.245951027 -0.117720783 0.0607678108 -0.0163057894 -0.102384508 -0.0861769989 -0.0764585137 0.000934190059 -0.0184084568 0.0592365786 -0.715811431 -0.0853875875 -0.121056773 0.45600909 -0.856506824 0.407366693 -0.441133112 0.011277223 0.364238024 -0.0808171257 -0.0941229761 0.247967228 0.753975749 -0.0729504228 0.218090907 0.00551875122 -0.167514205 -0.00578472018 0.0619761348 0.053563334 -0.000916413381 -0.179516286 -0.0133040585 -0.00895638671 0.149521023 0.713597596 -0.108115606 -0.0331059992 0.0418306552 0.63985604 -0.549141526 0.0892981961 0.073827818 -1.19997108 -0.303798318 -0.364511997 0.503858864 0.214131117 0.112006277 -0.090668045 -0.0326450244 0.0621139333 0.133505836 -0.0123858117 0.0317498147 1.21604717 -0.103898168 -0.0392192341 -0.619943857 -0.915525496 -0.0759074911 -0.0535690151 0.246734709 0.0687052086 -0.154828578 0.0994501188 0.325561076 0.223264262 0.161107764 -0.0329072662 0.465285033 -0.0358859003 -0.0321341716 -0.00649645692 -0.275445163 0.11535275 0.39391619 0.969271481 -0.0224134047 -0.128616467 -0.0231047366 -0.0764941126 0.0755050853 -0.100578129 -0.257573098 -0.657586157 0.452653766 0.282311678 0.0638061613 -0.408244699 -0.406166196 0.244587943 -0.0405923128 -0.0259568039 -1.27091861 -0.0704692602 0.120465122 1.23021567 0.216089875 -0.133053496 -0.567509174 -0.155061319 0.208416685 0.124532238 0.180364609 -0.322736025 0.00555059686 -0.165654108 -0.294240534 0.0333139002 0.00589569239 0.141270176 0.257747233 0.0229351316 0.0761706159 -0.771794438 -0.115617022 -0.0709611923 1.89446104 -0.819771826 0.00487115514 -0.287443966 0.11535383 0.394873172 0.204312459 0.032850761 -0.0423571207 -0.174129263 -0.422985226 -0.27296707 0.208694726 0.249640793 0.266562879 0.170332894 0.0842832476 0.044318717 -0.489237636 0.0853081495 0.201097995 0.770564377 -0.474249631 -0.0560600981 0.245490327 -0.0580323972 0.206073642 -0.332671642 -0.390195191 -0.918545663 0.421395749 -0.111931942 0.228462279 -0.661602557 0.156064421 -0.176254287 -0.212244347 0.0650497377 -0.0763469338 0.63563478 -0.208569154 -0.129893541 0.486590475 0.0342867672 -0.777271271 0.24104692 -0.0820114464 0.167281255 0.653326452 0.398179442 -0.212765619 -0.771323621 -0.153738812 0.144814774 -0.591449559 0.281437516 0.112192661 0.0313439183 0.0869061798 0.0557631142 -0.953126371 -0.0258329958 0.20315744 0.0292689297 0.0295904484 0.0672807172 -0.260535359 0.181749597 0.0741408244 -0.0801205784 0.188111678 -0.133184224 0.578248799 -0.00475464296 0.191434264 0.0345281698 0.137418464 -0.0591883585 0.0226631258 0.0565471761 0.0155384205 0.0681630373 0.0195886809 0.00580897694 0.0012788194 -0.138296947 0.521801651 0.169379398 -0.0175709203 -0.156372786 0.57683605 -0.33779633 -0.0823668242 -1.71724439 -0.889257729 0.103863761 -0.2217509 -0.000281858578 0.06603802 -0.0146754337 0.131558776 -0.065163672 0.0145415599 -0.0944849774 -0.0596377403 0.575047374 -0.0303159319 -0.363567591 0.397240222 -0.826767623 -0.710124314 -0.20785822 -0.0487926416 0.537534535 -0.939292729 -0.388904542 -0.104772173 -0.326118946 -0.338300288 -0.609620214 -0.469819307 -0.762578964 -0.689013004 -1.12992144 -0.34201166 -0.26293987 0.903722882 0.441844493 0.58032167 0.16835621 -0.0727924779 -0.123517208 -0.250758052 0.218864381 0.344137043 0.0835154802 -0.259486854 -0.192661464 -0.532959163 -0.101707853 -0.129790843 -0.0433149822 0.0032407965 -0.0668751374 -0.105207011 0.0908986256 -0.0893159285 -0.119360678 -0.0124938078 -0.758081079 0.136757523 0.0380110294 -0.48070237 0.6647349 0.519638479 0.091440022 0.666910112 0.283884019 0.0484112836 0.140902877 -0.0244508218 -0.113703512 0.150795266 -0.0121984063 0.0594739541 -1.65089786 -0.189566419 -0.263315618 1.24845326 -0.185947224 -0.378555804 -0.144980222 -0.154511988 -0.388283372 0.243735939 0.181873456 0.305409551 0.311637789 -0.0806361958 0.211986631 -0.000521561713 0.0135939997 -0.0246110037 0.00436548796 -0.0107230404 0.0037255683 -0.0135492943 -0.0228483584 0.0284285378 0.0747681782 -0.0577874407 -0.00672113756 0.674660027 -0.0172591191 0.42219761 0.0289478116 -0.247591272 -0.026709307 -1.28668833 0.00262140995 0.149348781 -0.00937051047 0.0497489125 0.0692732781 -0.0519274697 0.0142738465 -0.00370521448 -0.0792759955 0.0564941876 0.0387074649 -0.0584557354 0.0143452277 1.06260467 0.0440944806 -0.0430316925 0.126243338 -0.225334853 -0.127077803 -0.1183763 -1.62010193 0.118719928 -0.151817441 0.01609076 -0.114773735 0.209073186 -0.235378549 0.107342489 0.147530198 -0.0563379712 0.823209584 -1.2326858 0.401688546 0.338858396 0.213938192 -0.188824564 0.0431845188 -0.484552264 -0.914399743 0.404312521 0.139745027 0.175443172 0.0738871545 0.143169537 -1.32978058 -0.431840271 -0.410625249 -0.00618388178 0.345472693 -0.0658005625 -0.756417632 -0.301831037 -0.193941161 0.787235379 0.392074615 -0.214123785 0.471651971 -0.342642576 0.0401153341 -0.294374734 0.231255278 -0.269484341 0.0946383327 0.529257476 0.457555026 -0.292205989 -0.432930201 -0.283077061 0.00623442838 0.00225469354 0.0697495416 0.393062502 -0.258527488 -0.16696915 0.0471864007 0.666265428 -0.306580901 0.169739649 -0.146994144 -1.03206742 0.299892575 0.292350292 -0.194378063 -1.10356808 0.220064178 0.54982245 -0.0591188669 0.326322377 0.226483494 0.265313238 0.0753692314 0.224889129 0.813191831 -0.376497984 -1.02207029 0.178232938 -0.210368112 0.152265862 -0.0858583003 -0.673346162 0.228357643 -0.304926962 -0.18914336 -0.69470948 -0.164791495 -0.103780031 -0.0550154969 -0.0163968112 -0.134409204 -0.161501855 0.00665073982 -0.0628114939 -0.316053361 -0.708307207 -0.0270727072 -0.091843389 0.247766286 -0.240865946 0.0579910278 -1.7133075 -0.112476483 1.26344478 0.123036727 0.391182244 0.0953670144 -0.0100871818 -0.792369902 -0.0366409682 -0.264910698 -0.122933075 0.493035167 0.770067096 -0.154039994 -0.0231307782 0.217524514 0.13410683 0.386879414 0.785386026 0.177827239 -0.112344749 -0.528931618 0.0923860669 0.032094609 -0.111236967 0.377185762 -0.137678936 -0.0644678622 0.062372297 -0.282120317 -0.445395619 0.0367015116 -0.251589 -0.0964923128 0.0217423178 0.157307252 -0.211408287 0.124259286 -0.451775432 0.074684687 0.111580871 -0.472719431 -0.349629253 0.244808227 0.587367713 0.180156291 -1.50047779 0.209038317 -0.138947889 0.241893575 0.415849775 -0.119945049 0.00357302791 -0.133827135 0.108206138 -0.0680766255 0.0212421324 -0.361450374 0.329215735 -0.262755007 0.722707987 -0.167473435 0.084041968 -0.516824186 -0.0699657574 0.684991002 -0.54510051 0.36644581 -0.127231568 -0.883140504 -0.111981496 0.227679148 0.341942191 0.275788575 0.54931289 -0.40525502 0.228270784 -0.0569330044 0.149548769 0.785465896 0.404756904 -1.17198098 0.479837507 0.445513576 0.518275142 -0.189877719 0.159064457 0.257594794 -0.110518001 -0.410458118 -0.228807211 0.164438903 -0.221000671 0.18066971 -0.0903788805 0.00198765541 0.0274422783 0.0466913581 0.0695301294 0.122076236 -0.0286987852 -0.0330983214 0.388471425 -0.554128706 -0.155587599 -0.267404228 0.00753646065 -1.63452685 0.359337777 0.235305473 0.196541846 0.632326782 -0.275184453 -0.0276119653 0.267195433 -0.22556296 0.147236258 -1.37874174 0.127314627 -0.236174732 0.903841436 0.267592818 0.164853752 -0.663089752 0.0787904188 -0.152921483 0.0847007558 0.0580710545 -0.0612720102 0.255784124 0.0884752572 0.141329139 -0.575922251 -0.0997157916 -0.0554043353 0.0206152759 -0.000614195131 0.0172928385 -0.139868617 0.0853129998 -0.264587075 -0.335840464 0.149276093 0.00632382371 -0.950754464 0.0534285344 -0.339816183 -0.660895765 0.0112996092 0.176957816 0.281322896 0.253370374 0.0629935414 0.503385365 0.154497191 0.187028915 0.0438809767 -0.0951063484 -0.0425165743 -0.0118084121 0.0139690097 -0.00549961813 -0.233842984 -0.171996698 0.148454323 0.143178657 -0.396011651 -0.488703281 -0.463373512 1.31306839 0.171253771 0.492961675 0.352784067 0.512851715 0.0560930781 -0.0166590884 0.136802152 0.135147348 0.309679568 0.111872628 -0.00408964464 -0.0728627071 0.539875448 -0.20520708 -0.175925538 -0.0688519627 0.758593678 0.0465925634 -0.154130518 0.750495434 -0.23429808 -0.287397861 -0.498185575 -0.0782236978 0.195020109 -0.806110501 0.0759554356 -0.63434732 -0.132156149 -0.0498873182 -0.104480654 -0.0278897174 0.00802701805 -0.0893535092 -0.350695759 -0.256284684 0.0284630768 0.835125566 -0.624374628 -1.09000599 -0.414730191 -0.00863683783 0.133568853 -0.421921462 -0.384656936 0.45318231 -0.132644087 -0.023119593 -0.128878295 0.129356831 0.244416296 0.142720044 0.191537067 -0.230770975 0.0616403781 -0.445736855 0.946774244 -0.141305268 -0.0113594644 -0.243585825 -0.0281888042 -0.311618954 -0.0509494953 -1.56138349 -0.205785781 -0.107828304 0.39467454 0.0256246924 -0.0323018208 0.154480785 0.218447253 -0.272712678 0.411737293 -0.0926077813 0.0267439727 -0.0594402254 0.194304094 -0.0158808157 0.313108921 -0.159368947 -0.461629778 -0.410113186 0.529461801 -0.150045261 -0.0681256801 -1.30424774 0.69251895 0.0452463515 -0.0706959814 -0.413192213 -0.481187075 -0.0538596585 -0.0433253162 -0.0481908098 -0.308064818 -0.0489268191 -0.351439923 0.694171786 -0.756922483 -0.336521894 0.399733484 0.26293245 0.239964768 0.163002491 0.228750974 -0.763001323 0.427837908 0.346077114 0.400330544 0.343067855 -0.389469385 0.864168942 -0.4225187 -0.138453141 0.0109325433 -0.235999048 0.0934067667 -0.0815363601 -0.126478672 -0.386970788 0.0994291678 -0.49907124 0.559534073 -0.326834708 0.158987179 0.800927997 0.92273581 0.0885679945 0.240015715 -0.0704473108 -0.640311122 -0.0956293046 -0.0431474559 0.546866596 -0.207910776 0.161240414 0.673413575 -0.140880823 0.002544438 -0.421347409 -0.0142914224 -0.699494958 1.69741857 -0.336077601 0.359001398 0.429283977 -0.166018069 -0.621971667 0.203142658 -0.0945103019 0.273177683 -0.524116218 0.0428983793 0.174536437 0.194094583 -0.19955115 -0.262797505 -0.000720101001 0.0284735691 0.109320171 0.569558918 -1.30462193 -0.412071824 0.346462309 0.0700794458 0.928228378 -0.333589256 0.0318506286 -0.451141417 0.125013381 0.307227105 0.060261488 -0.399290323 0.204289034 -0.0293280482 0.0403133668 0.076491423 -0.0190634001 0.105343163 0.096167244 0.0720486641 0.102646582 -0.298235297 -0.0766039938 0.407409459 -0.0430798046 -0.769616663 0.895708263 -0.00180865102 0.684253275 -0.676531315 -0.507455945 -0.501783311 0.165035889 -0.214315638 0.333861023 -0.514273703 -0.343046963 -0.049079705 -0.0973463953 -0.0360660739 -0.00379735092 -0.0466138199 -0.290828437 0.232826293 -1.23381507 -0.622524679 -0.191308051 0.0564527772 0.213527873 0.35258612 -0.231465414 -0.117660828 0.117202319 0.182305798 -0.342782915 0.0412172973 -0.217641413 -0.117804065 0.0487146862 -0.203105405 0.628035128 -0.110132009 -0.388265014 0.392394722 0.227600887 0.04106424 -0.564706981 0.860470533 -0.0277995858 0.308530807 0.164968625 -0.262429833 -0.399852186 0.173519671 -0.117813475 -0.0314843617 0.0888942778 -0.0073710694 0.0074454383 0.0552290864 -0.00357304513 0.0205718912 0.0152652087 -0.52528137 -0.233893678 -0.0479270406 1.23044169 0.529284239 -0.242174402 -0.204809129 0.028043611 0.11055427 0.00890760589 0.101928227 0.105844162 -0.483830184 0.1341203 0.0741803721 -0.624646604 -0.114963196 0.0415682606 -0.177049801 -0.168840125 0.0790069178 0.466529578 -0.226012379 0.1130023 -0.634627819 0.771534622 -0.0813476518 0.241641909 -0.394213945 -0.115343727 0.176826909 -0.157002166 0.635536015 0.160614207 0.410232216 -0.179790035 0.282636583 0.277117521 -0.087030679 0.420603693 -0.14390865 0.0801609382 0.890746117 0.389041811 0.19885385 -1.63531387 -0.219478324 0.646155655 0.02210599 0.0185348541 -0.232586339 -0.5737679 -0.121292897 -0.0104627237 -0.0511987917 0.36175409 0.0262467619 0.446734786 -0.0750062093 0.277497828 -0.2764045 0.0952655002 0.270527929 -0.729572296 -0.408241391 0.353580147 -0.264521688 -0.876529455 0.269344479 -0.781357586 -0.107762046 0.327569962 0.0566423684 0.0564468242 -0.0663439631 0.130729839 0.0458893925 -0.0358661823 -0.00235147774 0.00500111515 -0.0332392901 -0.100271791 0.0195881277 -0.0087141199 -0.00120943086 -0.126032889 0.137008518 0.154965818 0.247834459 -0.228295416 -0.288817167 -0.0523048714 -0.274632186 0.126588121 0.177414685 -0.822988689 0.790102005 0.114058018 -0.112621002 0.152894586 0.386900216 0.0935792923 -0.13256073 0.0396735519 0.0373633876 0.302830219 0.419452608 0.122763947 -0.150916815 0.274402708 -0.110740542 -0.261005729 -0.183745936 0.151863024 1.09068036 -1.60007691 -0.131427884 -0.228259414 0.0936012343 0.0420412123 0.316224515 0.212238118 0.0268668849 0.187709376 -0.00750352768 -1.46146321 -0.105393611 0.0461281799 -0.311159939 0.164675519 0.192754284 -0.00123168691 -0.914833426 0.0393315144 0.514763176 -0.316035926 0.256924659 0.023368923 -0.232497007 -0.756918073 -0.0686770082 -0.512557685 -0.104278147 0.0485173985 0.272095501 -0.405013382 -0.356473267 0.649230838 0.0931101367 -0.216973707 0.186797008 0.222901255 -0.0611154549 0.299158931 0.176593587 0.237956017 0.221428201 -0.118073568 0.00303959451 -0.609382689 0.0108699435 0.158853248 0.0323284976 0.00869633537 -0.0272647887 0.03291668 0.0186530817 -0.0176833756 -0.0521159731 0.034614604 -0.0246259347 -0.0124352677 1.30986929 -0.0545638353 0.0331520066 -0.0229930356 -0.155909449 -0.0607257932 0.00572005659 0.0875101984 -1.03427517 0.249121815 0.154698521 0.192342371 0.110775687 0.335453719 -0.03230327 0.108174525 0.0734432563 -0.0255475007 0.32538867 0.339387506 0.257710874 -0.294953376 -1.55802786 -0.651916027 -0.0775745064 0.63213104 0.988788188 0.932599962 0.022092618 -0.366175443
