tensor_linearrelustack9weight 32
0.357797533 0.431081057 -0.0675824359 -0.0672922581 0.340498537 -0.145763442 -0.175308853 -0.0762342662 0.181310102 -0.314223945 -0.293994993 0.615502834 0.224798664 -0.0712387338 -0.0749841928 -0.0793747008 0.243577465 0.484347969 -0.0734491646 -0.0777326897 -0.112862393 0.230662301 0.365409523 -0.338318527 0.44578889 -0.102728173 -0.0711262152 0.31359297 0.159000486 0.180576533 0.37408933 -0.447039634
tensor_linearrelustack6weight 1024
-0.123541839 -0.0846125335 0.026372442 -0.177776247 -0.0565155596 0.709896505 -0.611960828 0.148708284 -0.246515378 -0.0403488353 0.139136523 -0.294441164 -0.310616523 -0.701541603 0.177096143 -0.162388667 0.826271236 -0.176141933 -0.560380638 0.157585502 0.16703026 0.169372737 -0.137456074 -0.154921189 0.032851465 0.345623165 0.283353955 -0.722972631 0.575827479 -0.717367113 0.206223726 0.539512694 0.888783157 -0.393291205 0.513363123 -0.0140518015 0.15655838 0.308323324 0.594363511 0.0316041745 0.771622658 -0.284715086 0.249941662 -0.148781136 0.718081832 -0.223386869 0.0277624503 -0.270157665 0.184390262 0.732726336 0.00951837096 0.0708477721 -0.413144529 -0.199824616 -0.227769807 -0.0634177327 0.671283484 -0.11362242 0.26064688 0.291990995 0.13175267 -0.236368477 -0.530479729 -0.473445833 -0.358743578 -0.20203568 0.463575065 0.171484888 0.15260689 0.438928008 0.291636199 0.0483838655 0.235854 0.00224267412 -0.229363516 0.000456274429 0.530309796 0.272744745 0.184065744 0.162074044 0.0691402331 0.0533072948 0.172894895 -0.11464835 -0.0813793838 0.24417302 0.357803553 -0.179546729 -0.358635396 0.0077689481 0.235917956 -0.133739814 0.324001938 0.283740044 0.169690222 -0.0757490247 -0.206889257 -0.154350445 0.302243412 0.246238753 -0.0402429812 0.441504747 0.074458167 0.150547013 0.405254722 0.0634983405 0.136294693 0.0522568785 0.452444017 0.0899179876 0.0302049834 0.191603631 0.120751463 -0.205592692 0.327654868 0.187523603 -0.156107262 0.304142714 0.394917458 -0.262288183 -0.360191077 0.0436849594 0.344366699 -0.115120776 0.382051617 0.212631434 0.255073726 -0.036338944 -0.319271266 -0.299870312 0.00181114662 -0.710989058 0.667119741 0.0932506397 -0.103232183 0.0254664291 -0.101864971 -0.868193984 0.162927255 -0.246662557 -0.237990826 0.0556215197 -0.322435886 -0.211481661 0.175959796 0.058314357 -0.103623293 -0.131924346 -0.529360533 0.603464365 -0.797191083 -0.5335868 0.361321807 0.237643734 0.492393196 0.168845832 0.627985775 0.200335115 0.496044964 0.109107092 -0.617532313 -0.0985185206 0.383771151 0.405677557 0.529333353 0.40634653 0.763697267 -0.0671480224 0.0886686742 -0.307940334 -0.549151361 -0.020608481 0.0725512132 0.210743368 0.0767225474 -0.155276939 -0.0339381509 -0.298887789 0.46831584 -0.029214086 -0.0281543713 0.484227568 0.524746001 -0.329348147 -0.400174052 0.141529888 0.0048964275 -0.300255775 0.476477742 0.220006809 -0.334472507 0.424624294 -0.845326543 -0.475731075 -0.0590904355 0.301759005 -0.265192181 0.48823911 -0.0126473773 0.0159170013 0.600591063 -0.00112279539 -0.170742676 0.27410388 0.244427517 0.49790144 0.0226122104 -0.382552803 0.474165469 1.08433187 -0.330608755 0.00729261804 0.322567821 0.272862583 -0.169052854 -0.298000574 -0.0425890647 -0.13234365 -0.0359951854 -0.488858402 -0.406327873 0.222225025 0.134203598 -0.0727624521 -0.12331748 -0.105291508 0.582976878 0.24013263 -0.0417375416 0.564296901 0.227061406 0.0782668591 0.261470199 0.14061299 0.166957825 0.114614367 0.312260598 0.1361745 -0.00573267182 0.145999566 0.0962530598 -0.241784424 0.282383353 -0.108573012 -0.125704348 0.372098029 0.32802397 -0.192277849 -0.268277198 -0.0249580182 0.268298835 -0.252486676 0.364283383 0.260019511 0.176059231 0.114639945 -0.120631695 0.304141223 -0.0500594601 -0.146398902 0.0968439505 -0.664493501 0.408259034 -0.230527043 -0.523879945 -0.433769733 0.0324184746 0.47962755 0.221546382 0.339222997 -0.614088714 0.0932215303 0.430183262 0.530973017 -0.128986061 -0.15876998 -0.53889513 0.268284321 -0.589736879 0.289612889 0.272911429 0.0730007291 0.368050098 -0.176461801 0.0627267659 -0.403703749 -0.211856589 -0.0612066835 0.228754729 0.202982068 0.281208426 -0.500722528 -0.657885313 -0.6827631 -0.0182890948 0.115428478 -1.01701093 0.0631515831 -0.127371356 0.05635361 0.00522690639 0.619100749 1.10344934 -0.558472633 -1.09148169 -0.542282939 0.191773966 -0.152174383 -0.268308252 -0.176761061 0.0116349021 -0.493079215 -2.05995631 -0.732333899 0.393422425 -0.132617772 0.389698535 -0.691130877 -0.0891749114 0.147167176 0.444567472 -0.135085568 -0.0923781246 -0.224357441 -0.363372833 0.671048701 0.148531929 0.43534407 -1.04604793 0.209793985 -0.696241915 -0.310147017 -0.114621021 -0.831705451 0.102044359 0.391338646 -0.0692752674 0.0385793187 -0.346233726 -0.00644422695 0.113509461 -0.438565135 -0.991481304 -0.138587877 0.204030454 0.0661607385 0.406544477 0.595736265 0.351114899 -0.156611606 -0.857732117 -0.217809483 -0.059585344 -0.639482021 0.266161591 0.6085971 -0.353046894 -0.106954023 0.160320997 -0.335089326 -0.00681012683 -0.0408437364 0.178663954 0.347331077 -0.166041791 0.318801403 -0.149762049 -0.312797874 0.258777529 -0.205661595 0.527734697 -0.0366817154 0.147819594 -0.764545262 0.27997005 0.972511649 0.202341676 -0.585197031 -0.525144637 0.424254864 0.0858691409 -0.506614685 0.128682464 -0.235829309 0.385559082 0.349417359 0.0209444277 -0.179376796 0.539385378 0.0435729772 -0.468842685 -0.479493529 -0.817967892 -0.374048948 0.158276081 0.0057991473 0.344803423 -0.305284739 -0.195514634 0.128298134 0.220951021 -0.873713493 0.0687902942 -0.140457943 -0.0989629552 0.203305274 -0.364663601 0.0865346119 0.145811275 0.444735467 -0.236682594 -0.242873028 -0.323531508 0.615925133 0.178501636 -0.240108833 -0.219018549 -0.106715903 0.465740263 0.295602441 0.00163483468 0.295627385 0.238891855 0.0551150925 0.366602093 0.0691713914 0.0748336315 0.192302614 0.354018688 0.283029914 -0.0556842498 0.134902239 0.180344 -0.245468646 0.214788884 0.0035885137 -0.126725897 0.282398015 0.302686334 -0.19287765 -0.224362791 -0.116327435 0.367407769 -0.246940896 0.407712281 0.327531546 0.169008061 0.0924265161 -0.206673399 -0.160981342 0.622002542 0.204822093 -0.111954324 0.320789218 0.276703089 0.188364655 0.308437467 -0.139616132 0.112473734 0.012145102 0.431150228 0.362416983 0.266326547 0.228373379 0.172160685 -0.177179679 0.27284348 0.109335594 -0.13527602 0.228588149 0.359292895 -0.282350123 -0.332961589 0.00226705428 0.253670007 -0.235027179 0.319856942 0.343004555 0.18166922 -0.0455726273 -0.301279873 0.00279272511 0.340766728 0.307313949 -0.252381027 0.395183951 0.230623484 0.119236551 0.500296056 -0.109619647 0.0176122896 0.22914286 0.359245986 0.160818011 -0.116400175 0.221713409 0.0776851922 -0.325757265 0.318656176 -0.0461119264 -0.0909867436 0.42292273 0.311099738 -0.231460318 -0.32376048 -0.181881234 0.181966901 -0.279671222 0.281498581 0.349680662 0.200745761 0.0304162037 0.600065827 0.109192155 -0.273975998 -0.150941193 0.097006157 -0.491536081 -0.315540522 0.0560088307 0.360596836 0.00081482064 0.176570803 0.560924292 0.0795890987 -0.340994924 -0.639950335 0.172971889 0.155708849 -0.201933488 -0.506931782 -0.057310123 -0.908583522 -0.0499708764 -0.340437859 0.283457398 0.445171118 -0.507137001 0.258382529 0.21912992 0.422656327 0.162121058 -0.951457202 -0.276144087 -0.0826475248 -0.273202598 0.0550043583 0.284687787 0.770199597 -0.514173806 0.474829048 0.322653979 0.0804878324 -0.711911261 -0.305488825 -0.924534082 0.224275872 0.180396348 0.859875441 -0.134657443 -0.520599902 0.864443958 -0.245013282 -0.149650171 -0.028215602 0.254483491 -0.538833439 -0.0915351808 -0.341456294 0.00270760176 -0.119577147 0.493802518 -0.125403166 -0.310318738 0.674900413 0.333058774 -0.462004215 -0.240785211 0.586585999 0.375401676 -0.0994599387 0.478916138 0.1564814 0.158649102 0.458707511 -0.0625497326 0.0328202248 0.0269710179 0.369070888 0.266568005 0.145507127 0.280165166 0.0879638195 -0.127220333 0.228826135 -0.0925135165 -0.215237051 0.381077051 0.455506712 -0.155540332 -0.156628355 -0.0759243369 0.126244426 -0.150582597 0.181330919 0.271290988 0.127422795 0.0839913413 -0.0396448411 -0.158856273 0.569215536 0.235574633 -0.0336937569 0.629976571 0.150287986 0.188687935 0.358596593 0.0837084875 0.127542958 0.0850417987 0.46435833 0.00547967991 0.202517509 0.0929300115 0.248095348 -0.257053345 0.316331595 0.0121193808 -0.186365828 0.323810577 0.287330687 -0.197317496 -0.262838781 -0.0551998131 0.0416313186 -0.263034433 0.306288511 0.149558455 0.171525583 0.0782849789 -0.637854278 -0.412602574 -0.239531621 0.174960181 0.0664220303 0.388658583 0.266321033 -0.00275250641 0.77776432 0.127054974 -0.553087652 0.593830109 0.228399932 0.241675243 0.126419723 -0.195670024 -0.097764045 0.351004541 0.165425047 -0.162270918 0.0670465827 0.264702886 0.234652996 -0.163675591 -0.287167817 -0.0614695586 -0.156537369 -0.0527582765 0.185330763 0.500315249 0.445157647 0.0449968651 -0.203868732 0.148267403 -0.523442388 0.662924647 0.00298487232 -0.546968997 -0.46210739 -0.0580142662 0.0472273417 0.0305858441 -0.129229471 0.192001745 -0.121306717 0.10417641 -0.25401783 0.237052113 0.149853036 -0.722367167 -0.150046021 -0.178715691 -0.289787352 0.26128912 -0.453818202 0.737255812 -0.829416215 -0.195740491 -0.353197634 0.252047688 -0.165999383 0.149760187 -0.191541642 0.142132595 -0.416778535 0.136952177 0.0652213618 0.0422097035 -0.0347540267 -0.153970346 -0.562958956 -0.462856621 -1.3757689 -0.357256591 0.204979509 0.104878329 0.950075626 0.350891382 -0.187781945 -0.307297111 -0.0624444224 0.154865056 -0.117483243 0.0847125426 -0.338515252 0.0237792172 0.180740386 0.787362933 -0.933000326 -0.668596566 -0.929146528 -0.0244734939 -0.136302605 0.240022883 -0.152858481 0.433404624 -1.00001776 -0.476240128 0.401603669 -0.207477912 -1.07336819 -0.100029863 -0.274612188 -0.1384238 0.838759243 -0.142446011 -0.319956541 0.054528892 0.384624779 0.318984509 -0.394905776 -0.334280282 0.51565975 1.08168077 -0.182132244 -0.0932318047 -0.247689947 -0.119960256 -0.419511229 -0.0089218365 -0.254878819 -0.0849932134 0.243055612 -0.986343324 0.0370722152 0.0749294907 0.135253787 0.0496547557 0.284749806 -0.0032854965 0.0146075636 0.041139517 0.12466713 -0.194912851 0.110368498 0.348603368 -0.114622608 -0.0999176577 -0.018786421 0.0574140027 -0.274302542 -0.573111057 -0.132448256 -0.520253181 -1.50299406 -0.0516007394 -0.109577268 -0.139201552 -0.436929494 -0.183987796 -0.179259628 0.128963932 -0.588730156 0.26350677 0.0364356413 -0.641066372 -0.806624353 -0.283737868 0.010544451 0.251479596 -0.452518791 -0.224450067 0.419710219 0.418198824 0.404078841 0.479259998 0.251422882 -0.124671951 0.308515608 0.0556923598 -0.283605635 0.296656579 0.43256709 0.19330804 -0.216193363 0.180897459 -0.00346277538 0.264370948 -0.0426518619 -0.110361747 0.179787099 0.274527967 0.249348134 -0.49252218 -0.289022028 0.10998071 0.301143646 -0.170096859 0.718438983 0.233304441 -0.131514505 0.14348346 -0.339138687 -0.159008816 0.410757571 0.225189388 -0.146019757 0.350778878 0.112197734 0.167833686 0.412028909 -0.0320850015 0.130273536 0.0941309035 0.406759143 0.276394308 0.188547388 0.180756539 0.20124343 -0.230609417 0.255571485 0.0195605103 -0.00229806732 0.32581532 0.358463496 -0.0593414046 -0.280750573 0.00474032387 0.187375098 -0.185053423 0.396738023 0.223347709 0.124568067 -0.0613561682 -0.141479 0.52697897 -0.855338156 0.3235735 0.936754107 0.0526640601 -0.366733968 0.492665648 0.636570871 0.0940317959 0.253474265 0.615505636 0.114796482 -0.168809205 -0.0591634624 -0.634009242 -0.897980034 -0.0615929887 -0.270112693 -0.149672136 -0.469166785 0.0463106446 0.260806262 0.0157880411 -0.249734014 -0.0656193867 0.0792390257 0.0173116028 0.0326330438 -0.71730864 -0.141449615 -1.32142234 0.255991787 0.459853381 0.504060149 -0.130868554 -0.102012314 -0.613990843 -0.455668211 -0.295877963 0.13832359 0.0901793763 0.205785125 -0.113203064 0.0188605804 -0.287389159 -0.0851568654 0.312724024 0.342132121 0.455004871 -0.359859467 -0.162716612 -0.247200042 0.286264002 -0.096756205 0.233628422 0.322310984 0.181203023 -0.30900684 0.583668649 -0.473617047 0.0895503983 0.185047656 -0.0614512265 0.0996243209 0.377622724 -0.12191242 -0.0748447329 -0.0913941711 -0.24107714 0.0884912238 -0.435547978 -0.171992108 -0.14997068 0.0152316922 -0.238770649 0.104195058 -0.0583068542 -0.647717953 0.42000553 0.31048438 -0.622523606 -0.0454886816 0.00722241821 -0.0678974018 0.219028473 -0.220049068 0.0985516608 0.289916605 0.0534474775 -0.344347566 0.230607092 0.111964412 0.50630182 -0.0633263886 -0.466122538 -0.530747294 -0.296420544 -0.0811446607 -0.624456704 0.233134031 0.350591749 0.155031383 -0.00104727037 -0.64217943 -0.0487879179 0.0760232583 -0.348582745 -0.276117802 -0.528163731 0.481391579 -0.0455470383 0.650491118 0.162626162 0.518553615 -0.0180071816 -0.048407957 0.0880095288 -0.310597718 0.123055644 -0.335614145 -1.01195586 -0.542629719 -0.183817714 0.113005273 0.288473606 -0.503251195 0.320840836 -0.574233532 0.0369723476 0.327209681 -0.565719664 -0.319267988 -0.23899214 0.276670218 -0.579660118 0.290999502 0.451134324 0.307231188 0.425242633 0.0323818587 0.573939681 -0.236628816 -0.681973457 -0.329014003 0.706768095 0.00172232674 -0.148095042 0.348839611 0.0549554378 -0.763267696 0.855111361 -0.418740094 0.00511725107 -0.212797195 -0.323459595 -0.359249085 -0.446276158 0.571260512 0.0345971622
tensor_linearrelustack3bias 32
0.157845423 -0.0186323244 -0.267844111 0.571790755 -0.13068305 -0.103004061 -0.290429443 -0.283570886 0.631782889 -0.0760971308 0.11584194 0.854860306 0.85461694 0.158627108 -0.294101745 0.36285615 0.297938854 -0.276047677 0.245407104 0.00826882757 0.275360197 0.607851148 0.315635175 0.0073105325 -0.447771013 0.0289285239 -0.0565623306 0.729615927 -0.0132233752 1.36821973 0.0975713879 -0.153191864
tensor_linearrelustack3weight 2048
0.393905222 -0.0774598867 0.384529799 0.415323764 -0.0601515472 -0.0965809226 0.242190331 0.192902952 -0.516713917 -0.34738192 0.0500665642 0.151461765 0.197738141 -0.410883456 -0.626911104 -0.0335212126 0.664400935 -0.0492032133 -0.34140256 -0.400725245 -0.685275793 -0.311770171 0.0427464433 0.0422637053 -1.08447194 0.0647334009 0.314332038 -1.6919744 -0.223677963 -0.279193312 -0.225515887 -2.9350245 -0.0362106301 -0.346705645 0.0357416682 -0.128730327 0.384755462 0.154593065 -0.136155382 0.262234807 -0.374615371 -0.346835136 -0.138258159 -0.413965404 0.0355716087 0.277629167 -0.415587127 0.116035715 0.833630264 -0.422623605 -0.947224617 0.511000693 -0.169244513 0.0740952045 0.421917617 0.230871201 -0.488472134 -0.559888363 -0.18011339 0.457143694 -0.145082638 -0.92623812 0.166803434 1.12868381 0.0672344118 -0.117984913 -0.208663717 -0.245711878 0.310168564 0.12430653 -0.390793413 0.0762949511 0.210422173 0.644161165 -0.183586285 -0.530741036 -0.456334352 -0.287142873 0.133645505 -0.449964702 -0.164705753 -0.254722059 0.260505527 -0.0286758859 -0.12246342 0.2278357 -0.103178367 0.577751815 -0.928195894 -0.572380841 0.164843306 -0.747218609 -0.285361141 0.401637822 0.712141752 -0.548678815 -0.114541195 0.250660151 -0.377058476 0.0927134082 0.0841193423 0.572213411 -0.282405615 0.919689655 0.192444354 -0.241312414 -0.0261053741 0.52735132 -0.167754248 -0.382537127 0.246915221 -0.657991171 -1.07699633 -0.263490558 0.0804231912 0.140058935 -0.17002663 0.223099902 -0.158782348 0.045491755 0.0802450851 0.100159436 0.064624086 -0.0267559458 0.374297857 0.421693236 -0.106081091 0.165120453 0.151996806 -0.193769246 -0.12148995 -0.326355606 0.255601943 0.0027191015 0.307718933 0.420217663 0.0658854172 0.103042655 0.289139271 0.369592488 -0.0686958358 0.109274894 0.249825493 0.4757815 -0.590701282 0.410894245 -0.183061138 -0.493159205 0.395133913 -0.24875544 0.461157292 -0.0181290451 0.50840807 0.717600882 0.626130164 -0.449968874 -0.480306298 -0.610126853 -0.0817357302 0.30095017 -0.33227703 0.316950351 0.185313538 0.281409115 -0.190556988 -0.469016194 0.100449428 -0.547563791 -0.255357921 0.197412103 -0.178569078 -0.560381234 -0.036170911 0.299055248 -0.447839558 -0.776506305 0.792334139 0.173800319 1.3227433 0.0158887599 -0.232684016 0.290780216 -0.0793691501 0.13350679 -0.43445012 0.390822113 -0.130916938 -0.0796305388 1.14134359 0.744957983 0.108075298 0.551019371 -0.299321949 -0.370943159 -0.178044975 0.0644899309 0.229366019 -0.0710931271 -0.44528982 -0.882431865 -0.673222423 0.278111786 -0.8450436 -0.120338678 -0.410090744 0.3417916 -0.18362315 -0.330540121 0.327441692 0.366487175 -0.372969568 -0.0786442086 0.64772445 0.273634076 0.645859957 0.0775974542 0.426009595 -0.462545216 -0.380933732 -0.556408107 0.153464586 0.0187178385 -0.370696485 0.244216159 0.140824333 0.4861058 0.433246166 0.319705069 0.127451852 -0.142153174 0.487564981 -0.30280596 -0.43508321 -0.310115337 -0.350571305 0.0360251293 -0.539772451 0.497113407 -0.163940921 -0.231734395 0.31153965 0.626850486 -0.60065347 -0.790753007 0.300749391 0.221737459 -0.314374745 0.105710231 -0.0205456242 0.326221943 -0.142661154 0.200436056 -0.212338328 -0.373446465 0.633313477 -0.906721115 0.0996769369 0.214212313 0.218807414 -0.311953336 0.0246042181 -0.244205281 -0.0592351034 -0.795487821 -0.0966601744 -0.248384565 -0.0120229414 -0.184183717 1.1377281 -0.0085893292 -0.667548835 0.349067718 -0.299978018 -0.391479522 -0.236752987 -0.108637556 0.8708902 0.150993407 0.460116088 0.217043817 -0.250965089 -1.40247595 0.706307054 -2.09330249 0.0243874025 0.357094347 -0.379177868 -1.8348155 -0.264932543 -0.708457649 0.37530157 0.320930302 0.283623189 -0.143715814 0.0317675807 -0.0553674214 -0.143868759 0.289007336 -0.166941985 -0.266956329 -0.280623913 -0.0317145176 -0.957401395 0.0346165635 -0.0596413128 -0.203348339 -0.718028307 -0.157014057 0.194171518 0.519970536 -0.398487449 0.178279355 -0.0393255949 -0.35531801 0.821148217 0.0890963152 -0.176044688 -0.493126482 0.0968581736 0.183671102 -0.069376193 -0.485785514 0.416565597 -0.946964085 -0.107493415 -0.478831857 -0.255943209 -0.301154822 -0.202977568 -0.491448641 0.0844396353 0.0427054055 0.378154725 -0.0145279653 -0.727610111 -0.359586358 -0.109083943 -0.201462358 -0.448747754 0.0836865604 0.830340147 0.062102437 0.150935739 0.6803298 -0.762690663 -0.180841982 0.207512975 -1.08242154 0.192580447 -1.31882989 0.133547574 3.62066793 0.220830873 0.27234754 0.360364854 -0.530462205 -0.629175246 -0.222503677 0.20127885 -0.0626864508 0.0252934098 -0.513166368 -0.424643517 -0.942696989 -1.75765002 0.283321917 0.151689544 0.617715001 -1.67766225 -1.01642096 -1.42264569 0.604136169 -0.892103136 -0.0369385332 0.00143318798 0.193502977 -0.981071532 -0.0184906833 -0.0755246282 -0.415079802 -0.196153894 0.038454853 0.388012737 0.488990277 -0.078355521 -0.0339513831 -0.299179673 -0.347795606 -0.224515334 0.0400371961 0.308999628 0.239481077 0.18330501 -0.152732998 0.139606878 0.338541418 0.137433037 -0.00543542253 -0.111255914 0.0128254676 -0.179473653 -0.134226054 0.111859038 0.224513143 1.21708417 0.0726539716 0.327280849 -0.124699354 -1.07257354 0.445004702 0.330864489 0.769455314 0.093715094 -0.278338611 -0.0644252822 1.59617579 -0.0190461669 0.282199413 -0.438533664 0.424471378 0.0246123746 0.219196975 0.343074292 0.495661587 0.138885573 0.707558095 -0.328196704 -0.406347066 -0.801368773 0.15597859 -0.0355675928 0.637380898 -1.43646729 -0.257330686 1.90630364 -0.0595783778 -0.906026006 -0.0947456807 -0.0829618573 0.0668798611 -0.235692382 -0.23199077 -0.349136233 -0.146543458 0.217815205 0.219830975 -0.27785477 0.91934675 0.130787551 -0.100176491 0.25079599 -0.0948003232 -0.213884279 -0.288428217 0.0103027988 0.106777206 0.0255539641 -0.534525812 0.170979753 0.357107431 -0.328782767 0.354889423 -0.423131347 0.230296433 0.198639065 0.15689981 0.169589564 -0.513064384 1.13331616 0.155749455 0.375970006 -0.104474701 0.815568566 -0.188338816 0.462971449 0.784570217 0.467415035 0.174958363 -0.149911031 0.181218877 -0.0901047662 -0.0218528789 -0.145185784 0.379258513 0.121064171 0.422645599 -0.229284182 0.127050832 0.0504627302 0.937203109 -0.496034414 -0.132306844 0.24461849 0.0450786315 0.0717235059 -0.352322072 0.111770578 0.191811085 -0.263007224 -0.256385624 0.143885255 -0.195260122 0.554360569 -0.14427036 0.134768873 -0.397303492 0.15943931 -0.224787727 0.328746855 -0.224019378 0.464552045 0.139597878 -1.11616337 -0.20666343 0.0409787595 0.0353223719 -0.20524466 -0.0852242038 -0.0402757823 0.390381515 -0.588317156 0.146676674 -0.13795571 0.0659604594 -0.12508975 -0.222031832 -0.134380549 0.116606899 -0.746903658 -0.00573647534 0.0150270723 0.0747726485 -0.579377234 -0.409873486 0.358683884 0.187191725 -0.46609062 0.289431483 0.198960975 -0.00854010414 0.142856121 -0.14252317 -0.230086833 0.445988655 0.147322029 0.787379444 -0.31799984 0.167594537 0.0166896041 -0.284372985 0.232336819 -0.0810088813 -1.76852298 0.123275071 -0.254108638 0.0964562967 -0.307033807 0.596266925 -0.111372992 0.221872509 0.294010371 0.363519132 -0.330532491 -0.151981533 0.0977616906 0.144975036 -0.463915825 1.0699271 -0.844299793 0.392837048 -0.313800305 0.0803330168 -0.0299267154 0.104968801 0.212300837 -0.0599898957 0.225836903 -0.472745329 0.165092275 0.0987549722 0.0521427691 -0.391690105 -0.191725135 -0.716061413 -0.112148121 -0.00951081607 -0.157729089 -0.195421681 0.160584182 0.0546614602 -0.416946888 -0.147226408 0.0469060391 0.0819433331 -0.82505846 -0.0833985433 0.199801028 0.18363592 0.137832209 0.418993294 0.0310437586 0.843295455 1.3431437 0.800279856 -0.0281417202 0.163444474 -0.121254876 0.558884144 0.879489303 0.0517671183 -0.195054203 -0.231825605 0.259624243 -0.0368116535 -0.217560649 0.0278848819 -0.251881689 0.75829798 -0.815585017 -0.371194929 0.231648386 0.128518119 0.051610332 -0.27676934 1.16093123 -0.159500971 0.322989732 0.205935612 -0.477527261 -0.0141441124 0.285986453 0.198918954 -0.231149599 0.159198299 -0.0361756012 0.133283272 0.0236096326 -0.229177833 0.251550317 0.552287042 0.380159795 0.0616434403 0.141697317 -0.0434338301 0.424820602 0.0298738405 -0.250041425 -0.487864465 -0.205541998 0.140969843 0.641898394 -0.337323457 0.297735095 -0.294886589 0.134685814 -0.604039371 0.194570467 -0.318656474 -0.184614375 0.383030415 -0.931405962 -0.0105112558 0.413217306 0.159691811 -0.0409155749 -1.10693467 -0.27295205 -0.887473702 -0.593817472 0.227491662 -0.00353644253 0.0607002378 0.62795496 -0.102919437 -0.0480770059 -0.0735642985 -0.114019006 -0.265822798 0.622825921 -0.110862143 -0.0463501997 0.402731538 -0.93575865 0.177391976 -0.0541877039 -0.0145402346 0.566547692 0.542279005 -0.315845549 -0.0544439219 -0.073029004 -0.846535087 -0.0156951156 -0.0905636176 0.0835448429 -0.0862205848 -0.128948867 -0.685609341 0.260422796 0.0828941166 -0.717756927 -0.0609257892 0.298627704 0.536855578 0.0651884899 -0.0115333721 0.167243361 0.180930793 0.428960353 -0.0972350016 -0.367439836 0.311552733 -0.188066185 -0.0267676469 -0.00950684678 -0.391835034 -0.0632967502 -0.171409011 -0.334357023 -0.309413046 -0.438543469 -0.238859102 -0.376300633 0.129825532 0.364208549 -0.0103530884 -0.277609766 0.122760057 0.358157605 0.436650038 0.520535707 -0.362863868 -0.0608700812 0.0487471297 0.257574528 0.659854293 -0.197401628 0.115617521 0.175598443 -0.365680963 -0.146479338 -0.317211479 -0.199073672 -0.229424551 -0.346000105 -0.403832436 -0.0916985869 0.141328931 -0.0759591833 0.278315544 0.301191628 0.111670673 0.244719699 0.785571575 -0.391372353 1.25420523 -0.0268235169 -0.879873753 0.362076789 0.143264398 -0.958204806 0.139256135 0.102002956 -0.265826166 -0.0897042453 0.622147262 0.389902055 0.0964687467 -0.0711725727 -0.0592625588 -0.113249607 0.339735001 -0.228044078 -0.0265335999 0.696575522 0.518555522 0.353408277 0.8465119 -0.530982316 0.13946417 -0.120782308 0.155468345 0.420125663 -0.696895778 0.151637882 0.0112282839 0.0389921069 -0.436158955 0.0082914466 -0.029367039 -0.710900068 0.0743289217 -0.414818138 0.600580573 0.748515427 0.130704761 -0.306117594 0.0697574094 -0.00487168739 -0.783604026 -0.139700502 -0.805955112 0.0421526805 -0.306496382 -0.274730772 0.468245327 -0.95535177 0.0769554526 -0.0132485675 0.106758609 0.711300492 -0.15964663 -0.165267736 0.585428298 0.0159331392 -0.473147541 0.118430592 -0.00693640206 1.0454694 0.540344238 -0.221777916 -0.225530997 0.348265797 0.436298907 -0.401355684 -0.217968211 -0.313880473 -0.224959046 -0.223024279 -0.319357753 -0.181860685 -0.211897284 0.165722087 0.575232625 -0.0920498967 -0.333252072 -0.688970566 0.312575787 0.31417042 -0.273491889 0.187192529 -0.220132455 -0.630427778 -0.073265031 -0.203388348 0.0302516017 0.0560335629 0.480060875 -0.122610666 -0.347612411 0.184009314 0.00306650298 0.943252087 0.0236714724 -0.401982248 0.386851281 -0.4653382 -0.842791438 1.24501491 -0.133467793 -0.318984777 -0.519542396 0.0142293144 1.55185831 -0.416476697 -0.0214396473 0.292505443 -0.375409663 0.194952965 0.502703846 0.368416637 -0.275640458 0.450583339 -0.191331893 0.640413165 -0.0621128455 -0.159795955 -0.287714332 0.392315507 0.222504646 0.335764199 -0.245485589 0.39378646 -0.100616187 0.222521886 -0.380113602 0.34090963 -0.196852535 -0.338343441 -0.0490811802 -0.617661655 -0.149843991 -0.257825792 -0.0521735922 0.151642621 -0.798315704 0.382957995 -0.379060596 0.466698349 -0.62278986 -0.0530833341 -0.259265006 -0.359089673 -0.255083263 -0.474918634 -0.286846012 -0.0377564505 -0.0852856264 0.237268314 -0.61054194 -0.228498235 -0.519241869 0.339637637 -0.660224915 -0.0626830757 0.163580373 0.479374021 0.522419453 0.0659635887 0.0772347972 -0.363082409 0.402541369 -0.319456607 -0.472101182 0.323627114 -0.162718266 0.0644711405 0.128651083 0.57889539 0.0577291548 0.0766131282 -0.0748013705 0.120680109 0.205831543 -0.440412462 -0.00263382099 0.232324004 -0.823345006 0.0379755758 -0.0661134869 1.51092613 -0.326595813 -0.226534128 -0.27805385 0.10341002 -0.523874283 -0.0246423054 0.66809541 0.0243913736 0.423406988 0.492337912 -0.411480725 -0.608092725 -0.00984952599 0.240278378 0.220191017 0.0593703948 0.245905325 0.0290321261 0.619862199 -0.328782171 -0.109579563 -0.0362010375 0.163946792 -0.413392097 -0.0176660549 -0.269255966 0.218947291 0.197864071 0.190707043 -0.47720477 0.792055905 0.333286285 0.161569268 0.343079805 -0.0463907197 -0.419474661 -0.111948445 -0.521480381 0.159662247 -0.0793766305 0.21211493 -0.244567588 0.352904946 0.663402677 -0.00202037743 0.134470433 -0.21176964 0.374227613 -0.0441844538 0.356079787 -0.32867077 0.233099416 0.279695779 0.180062294 -0.309028 0.403075427 0.0502560586 0.755039036 0.204428047 -0.0387305915 0.722578228 -0.38087061 0.0246225987 -0.691496789 0.139871418 -0.417302102 -0.380132973 0.0607011057 0.15426603 0.8523283 0.703499496 -0.0188555326 0.805966973 -0.103973843 -0.0656508729 -0.169326454 -0.134221941 -0.948153913 0.0876926556 0.186173871 -0.304108053 -0.609978914 -0.295029193 -0.187737271 0.466900915 0.136487365 0.326109707 -0.580900013 0.21294412 0.19884944 0.257966012 -0.462390095 0.0377553478 -1.48099613 0.057926055 -0.182359949 -0.204482466 0.497136056 -0.0863459259 0.0744356886 -0.713458955 -0.517948568 0.0352879204 -0.312602639 -0.474686444 0.0615419522 -0.984757841 0.447706282 -1.32989693 -0.650070906 -0.893499196 -0.157614306 0.144092172 -0.246369898 -0.0398635231 0.370096147 0.299187928 0.350066155 0.251030475 0.354701996 0.345975101 0.0110044992 0.0737920776 0.186227217 0.131635055 -0.283799052 0.140910387 -0.375322074 -0.468559295 0.192588881 0.284763545 -0.492162406 -0.412620127 0.823629022 0.26505515 -0.560269654 0.0466993041 -0.141445547 0.369409382 -0.295103073 -0.577535987 0.487046182 0.777880728 -0.21562475 -0.301965564 0.255576789 -0.307084233 0.182554275 0.389596462 -0.580374479 0.118322231 -0.230306804 0.544559538 -0.188323945 0.812913895 0.215202227 0.683872759 -0.192426443 -0.536608458 -0.130787581 0.75132668 0.453851283 0.345088422 -0.411158502 0.785275817 0.403272331 -0.863595247 -0.0540409982 0.0790211931 0.705798924 0.865305662 -0.381527901 0.618196011 -0.492263198 0.651650667 0.40367946 -0.191654831 0.307069063 0.0144599164 -0.738256097 -0.623986125 -0.142342404 0.107487991 -0.232445583 0.0856701955 0.688920915 0.55101651 0.296757728 -0.272141248 0.351996601 -0.149999976 -0.161243543 -0.667146504 0.123972706 -0.591679156 -0.914590478 0.764761865 0.01683704 0.13864851 -0.685382962 -0.22540091 0.111078791 -0.132235065 0.408948302 -0.613537729 0.456088006 -0.1807919 0.200216472 0.109353535 0.0889100358 -1.30611372 0.30137673 0.120724253 0.310900062 -0.18597433 -0.61708194 0.386201203 -0.0879611149 0.0683055967 0.35347271 0.228398249 -0.352495432 -0.161945656 -0.0771069974 0.0409597568 -0.120324805 -0.145112619 -0.0410381742 -0.264326364 0.201996073 -0.0636001602 -0.410438478 0.0620441325 0.531265497 0.179870859 0.39383477 0.000984528684 0.397246629 -0.18225427 -0.311818719 0.0658680797 0.184815496 0.0599814244 -0.296037376 0.264149219 0.476174563 -0.118474394 0.26864171 0.27956301 -0.116126917 -0.716054201 0.231347263 -0.167687073 -0.0152711021 0.230974123 0.110896595 -0.195766717 -0.485667557 -1.28624058 0.856587112 0.661516428 -0.401687652 0.0049272445 0.513821661 0.0742600411 0.473332196 -0.286583722 -0.00279040402 0.243277356 0.0166720618 0.273999721 0.0090015512 0.151445925 -0.25444746 -1.05867147 -0.119762994 0.0501666293 -0.144983396 -0.0391392782 -0.124384038 -0.0998742208 -0.0365705304 -0.0909698457 -0.0802013353 -0.0682192221 0.0293967724 -0.120712489 -0.0307658911 -0.0161530934 -0.112217568 -0.0701529086 -0.0927309692 -0.121306568 0.0013737285 -0.105996735 0.0530325398 0.0300284345 -0.0999386087 0.00896047242 -0.100639574 -0.0532915443 -0.136147812 -0.0742675588 -0.137149364 -0.0460838787 -0.0224391576 0.0555666685 -0.15158534 -0.0271737576 -0.0455422737 -0.165306509 0.0334151834 0.0552480146 -0.0607703365 -0.110442773 0.0285189431 0.0231639817 -0.128367573 0.015617202 -0.00620329613 -0.0356397405 -0.0859806612 0.0584556572 -0.0856341794 -0.06474787 -0.112814702 -0.0402269475 -0.0918539315 -0.0622137636 -0.0357613936 0.00920062046 -0.0311854258 -0.0736332014 -0.0258055851 -0.0665573701 -0.105694339 -0.131603852 0.0322533995 -0.11541909 -0.124755979 -0.854033411 0.459015369 -0.284051716 -0.0840589628 0.174703553 -0.742430627 0.185150951 -0.164494812 0.295690656 -0.159083441 0.0903995112 -0.146802947 -0.576488554 -0.0157601014 -0.38555336 -0.244590536 0.218043953 -0.36507228 0.349623919 -0.376404285 0.0806964189 -0.136823505 0.488893121 0.574875832 -0.477131397 0.847910285 -1.3877604 0.246725231 0.0500902869 0.165460542 -0.85345751 -0.0561584793 -0.254665822 0.491989344 0.858540177 -0.0465400256 0.321258694 0.410015196 -0.0181524586 -0.0314714462 -1.14164078 -0.493789136 -0.0914376155 -0.750491679 -0.13126415 -0.620758891 -1.2619983 0.771370292 -0.194926202 -0.348835975 0.208569586 -0.180798396 0.0592303798 0.0996438935 -0.0897589028 0.53154552 0.054400485 -0.201750904 0.542200744 0.0913421288 0.0243409202 -0.0640439913 -0.383743823 0.0612978227 -0.0978849307 0.592712939 -0.213545114 -0.258163005 0.466161042 -0.217151701 0.644322634 0.404520065 -0.343877912 0.260987878 0.00573629048 -0.0231077839 0.163057163 -0.497506917 -0.319651246 -0.178152412 0.341084749 -0.135818973 0.132299945 0.148621038 0.335795999 0.616000712 0.058875978 -0.628328323 -0.502047181 -0.847573221 0.697010636 0.42389065 -0.197423935 -0.0953047872 -0.622337997 -0.409987241 -0.471830815 -0.0618176535 0.114132784 -0.142925292 0.0611946099 0.13132301 0.337448746 -0.176963031 0.695162475 0.250141025 0.230768412 0.309118927 0.218381405 -0.751464427 -1.34464085 -0.276995718 -0.485908121 0.613076091 0.854324222 -0.226916492 0.507996857 0.194342747 0.0844160393 -0.0601683557 -0.46933198 -0.06469208 0.14020817 -0.339439243 -0.102117971 -0.115360923 0.564803481 -0.102958672 0.312680185 -0.0237383395 0.232257426 0.342325002 -0.100208104 0.221658021 0.143832326 0.44624114 -0.0221559182 -0.134302229 0.258247793 -0.558609962 -0.28837046 0.132258087 0.211620003 0.857005656 -0.727143764 0.0428165421 0.372881055 0.380471438 -0.218956202 -1.29693472 -0.151641428 0.324875295 -0.330717564 -0.314082235 -0.436938763 0.106479041 0.379719138 0.00819797162 -0.166961849 0.431289643 -0.764511824 -0.238356099 -0.0381418429 0.0786568597 0.0504405089 -1.00537896 0.355431855 -0.121885985 0.372514725 0.2634404 -0.220293149 0.341928929 0.09730234 0.343218267 -0.0776624903 0.316055745 -0.349726409 0.0920322165 0.164432153 0.029527802 0.280284643 0.081677787 0.368677795 -0.491561264 0.0829125345 -0.066472359 -0.316402137 -0.196392596 -0.563138545 -0.486241847 0.302906543 -0.0484263636 -0.0383709222 -0.0704931915 -0.13939108 -0.120526448 0.189615279 0.256468892 0.0524964593 0.205885485 -0.00844288338 0.517246485 0.5064044 0.10880468 0.336751729 -0.304117858 0.184157565 -0.19671239 0.177075416 0.242363393 0.119682662 0.590676904 0.408517599 -0.135951102 0.061640624 -2.14118147 0.162989631 0.455069959 -0.630583107 0.181136742 0.0588628091 -0.199487612 -3.41887283 -0.247738704 -0.286861122 -0.504082918 0.171302572 -0.353400677 0.205881655 -0.123724349 0.967732012 0.285053045 0.553845942 -0.231819361 -0.293911427 -0.329942793 -0.126372829 -0.0407411531 -0.897792459 -0.123903014 -0.673842371 0.268629938 0.206111073 -0.159301475 0.428149551 0.00854495354 -0.0652159825 -0.0559156053 -0.229305118 -0.0415303782 -0.4024643 -0.0134063391 -0.175397709 -0.282145441 0.782360196 0.196894109 0.375645131 -0.227987856 0.0240689591 -0.317743033 0.478042871 -0.067861177 -0.411310643 -0.517034411 0.232448325 -0.0900750831 -0.0880335867 -0.172975957 0.116649404 0.540306151 -0.0461918451 0.554558754 -0.014435349 0.142872602 0.359881729 -0.103387915 0.0133387065 0.172519892 0.613293946 -0.446216047 -1.19186246 -1.7861799 -1.87652457 0.296683848 -0.49235636 0.225087225 -0.114218704 0.178340644 0.0545108281 0.114929415 -0.906267047 0.233844414 0.10465131 -0.487549931 0.192181021 0.258381724 0.0974198282 0.194270775 0.262861907 -0.181494564 -0.38954097 0.0386527367 -0.803038955 0.453876168 0.301173359 0.285814047 -1.86769855 -0.0528278202 -0.021589566 0.439938158 0.317558736 -0.599576294 0.323806971 -0.744940042 -0.141728818 -0.1957127 0.332060724 0.062683925 -0.125982329 0.395080984 0.645503402 0.227143764 -0.143611863 -0.132992163 0.0898465812 0.297128946 -0.688393056 -0.299735159 0.134332374 -0.662229478 0.0901365206 0.135264665 0.45396474 -0.276639968 -0.212341651 0.412849545 -0.017512098 0.504551232 0.311667442 0.069901295 -0.296727955 -0.485097885 -0.800572693 -0.643953919 -0.411668479 0.0679688677 1.65567493 0.312517345 -0.264766246 -0.372715324 -0.438815862 0.0109314686 0.620468915 -0.404309511 0.175168425 -0.364469349 -0.0404082164 -0.170412362 0.218989551 0.00117277505 -0.0256785024 0.0764767453 0.0104870405 -0.846331656 -0.245419756 -0.0549540147 -0.399656385 -0.877628326 -0.13987942 0.30759868 -0.160195351 0.104485832 0.240033492 0.624368906 -0.171002343 0.0314237624 0.527708173 0.0774688572 0.0399571024 -0.196154669 -0.398613214 -0.166043371 0.0616929419 -0.083749041 0.417700529 0.160905555 -0.277890086 0.0693995506 -0.216719389 -0.345830023 0.306810856 -0.384321302 -0.0442755446 0.177097857 -0.151374474 0.258345544 0.00228543673 0.123745047 0.501726627 -0.256876141 -0.118959703 0.24409762 0.625145972 -4.7408123 0.201211825 0.316238314 0.341632724 0.254120529 0.218007594 0.153145537 -4.70439434 0.201198071 -1.00315881 0.31094414 -0.0939159542 0.27904433 0.101699784 0.666973889 -0.520049632 0.0281043909 0.392826825 0.340828151 0.0227206945 0.0729586631 -1.62198758 -0.0830377117 0.0713436976 0.216917232 -0.164681822 0.134407237 0.303306222 -0.76370573 0.258656949 0.288914591 0.38718307 -0.254621416 0.162626654 -0.0262527782 0.0911558568 -0.263877809 -0.159271717 -0.63304311 0.0147372074 0.270449936 -0.0496539362 -0.280307055 -0.608225882 0.268820435 0.121553972 0.472618163 0.129075095 0.0451659411 0.0233602449 0.0385787971 -0.162029713 -0.262719899 -0.315261811 -0.312290579 0.0555056743 0.0646385029 -1.41949701 -0.005798392 -0.205817878 0.217525169 -0.644467711 -0.386131644 0.0974806771 -2.14843726 -0.480329305 0.102061085 -0.137548029 0.28181088 -0.435231924 -0.111042567 -0.777233064 -0.546718717 -0.0816624016 0.34248051 -0.239394188 -0.357891321 0.433420807 0.266386986 -0.229453713 0.517412186 -0.186736584 0.0393302776 -0.0652118772 -0.19636789 -0.588248551 -0.507806718 -0.158211023 0.108281039 -0.0802889615 -0.0916557461 0.132250071 -1.10882139 -0.195056275 0.341540128 0.760730147 -0.220069364 -0.162258983 0.0585781485 -0.0218968224 0.345803469 -0.276343942 0.289557755 0.647405386 -0.080006659 -0.309315979 -0.164677948 -1.83332849 0.497301161 -0.263587862 0.636677623 -0.140960589 -0.668804049 0.408495098 0.445418745 0.0946228802 -0.574336648 -0.272276402 0.3187581 0.118427843 0.914191723 -0.350719541 -0.315354437 0.0151130715 0.446317226 -0.238762215 0.011040464 -0.0180268493 0.364467204 0.153937906 -0.135907948 -0.0117355715 0.659123659 -0.262067705 -0.256418198 -0.306380093 -0.0985002071 -0.283246905 0.0429055914 0.778382957 0.127800345 0.343868405 -0.129071653 -0.397607535 -0.278392971 0.28847304 -0.132020086 -0.26061973 0.317216426 -0.587026358 -0.413593382 0.33067593 -0.0329531468 -0.679882765 -0.429449022 -1.35576224 0.142363846 0.00398666365 -0.14631781 0.665826797 -0.224611655 0.234258533 0.41917032 -0.320961416 0.086398527 -0.385826737 -1.0095917 0.408342659 0.404350162 -0.16089347 -0.0999430194 0.298863143 -0.229683489 0.0383420438 0.016186446 0.117874317 -0.109367721 -0.316938818 -0.157276288 0.243891835 0.237855583 0.0662152544 0.0368787162 -0.0864541605 -0.594617307 -0.304424584 -0.267326564 0.0738328025 0.356403619 0.0355140604 -0.260988325 -0.299738109 -0.429455906 -0.265608996 0.447010279 0.204381138 -0.246377409 -0.738586426 -0.0688589141 -0.434972107 -0.243727654 -0.340131909 -0.55158329 -0.910250008 -0.286750376 0.150012165 -0.0357548855 -0.00983826257 -0.302533865 0.087990962 -0.140464231 0.121620722 -0.265964687 0.867746413 -0.666376472 0.00812763628 -0.0795889497 0.471956372 -0.081408985 -0.0808389038 0.10416244 0.18446973 0.619769275 0.31588608 -0.0273050684 -0.394696623 0.030272359 0.363515139 -0.119253829 -0.0658235177 -0.197304413 0.0608683676 0.282570839 -0.28016147 0.282981932 0.357407004 -0.248751462 -0.207308829 0.312154591 -0.229433239 -0.394061625 0.163149923 -0.205508813 -0.959079981 0.0745962709 -0.0817454457 -0.570987403 0.720930278 -0.46167627 1.0325824 -0.0179377217 -0.066369541 0.631286919 0.0898359939 -0.664368153 -0.200884894 0.52318567 -0.111922376 0.157386616 0.540329576 0.368356615 -0.352890491 -0.194255486 -0.279385 0.413276255 0.0635582283 -1.33150673 -0.443782896 -0.636274874 -0.163976446 -0.335192889 -0.339155555 0.0470184051 -0.205581471 -0.810393572 0.0610732548 -0.229466319 0.681513786 0.270947516 -0.231787235 0.0308748819 0.125631645 -0.627902091 0.0827383623 0.308154672 0.00402345136 0.471336424 0.267603427 -0.0394132063 -0.244051158 -0.529357553 0.143760681 -0.0794097707 0.195731774 -0.364178836 0.661916256 0.525803268 -0.0919363275 0.492471844 -0.723895729 -0.374640584 0.200443774 0.316537768 -0.483163565 0.293721199 -0.802868426 0.276889533 0.331778944 -0.203605965 -0.0375051796 0.534272134 0.834881425 -0.43659699 -0.0465395637 0.314956248 0.64757973 -0.546138108 0.310699821 -0.00837643165 0.245095223 0.561008632 -0.220062539 -0.119159803 0.111581914 -1.00960481 0.192683056 -0.40664798 0.0126416367 0.249324709 -0.107250996 0.21610105 -0.330411792 -0.27961129 0.176653937 0.565073371 -0.286168247 -0.00573166413 0.166531265 0.359224021 0.302953631 -0.543664336 -0.132164478 0.103551663 -0.284949899 1.0866909 0.222788781 0.0593944825 0.562656641 0.0524991192 -0.21964559 0.485154629 -0.0524028279 0.0377223566 -0.229224652 -0.367006004 -0.138348386 0.114195034 0.401068836 0.0949605852 -0.31867522 -0.392022669 -0.0306249671 0.592252374 0.0223225765
tensor_linearrelustack9bias 1
-0.597140133
tensor_linearrelustack0bias 64
0.110283062 0.169087738 0.48770836 0.0851390734 0.202768445 -0.0110260099 0.29657197 -0.0111239273 -0.408706605 -0.0143580735 -0.212602332 -0.226311788 -0.344354898 -0.519706368 -0.183300972 -0.150562048 1.08731544 -0.943875194 -0.606238127 0.32960549 0.950456977 -0.4812226 -0.728283703 -0.628753185 0.959674358 -0.0356869139 1.1405251 0.867246628 -0.586141229 0.643015563 0.0433981605 0.94156754 -0.0148442537 -0.710025489 -0.61447984 -0.389676452 -0.30841282 0.177391261 -0.680148423 0.616110981 -0.474315852 0.812428296 -0.115010723 0.0828729495 -1.04531479 -0.457112402 -0.15605177 -0.92492491 0.261831433 0.70798713 0.490855575 1.00309145 0.33699584 -0.3706083 -0.442376405 -0.22139585 -0.640041828 0.0725559145 0.490088761 0.313249499 -0.306524605 -0.366322577 -0.0530153252 -1.05782139
tensor_linearrelustack6bias 32
-0.387183428 -0.787759483 0.51285249 0.250448525 0.354329228 0.0688432455 0.390536338 0.230057284 0.537921488 -0.492203832 0.0479421541 0.317057669 0.47133252 0.288610458 0.3963705 0.281662136 0.499424249 -0.542382777 0.338038862 0.381898314 0.280569255 0.739887655 0.308661908 0.63656199 0.168766126 0.0563841239 0.192560688 -0.135929987 0.0311649479 0.663874865 0.65053612 0.221803874
tensor_linearrelustack0weight 896
-0.0947116613 -0.175249413 -0.00667870371 0.0700549781 -0.141056061 -0.131693989 -0.191773549 -0.0378080159 0.304462433 -0.817978501 -0.310308605 -0.336607039 0.416409701 0.116957858 0.132121295 0.0827211142 -0.168998629 0.106650881 -0.0239705276 1.25113058 -0.302093655 -0.426980287 0.2858679 -0.135323524 -0.627946377 0.37733078 -0.628939092 -0.154199243 -0.0104595749 0.204752281 -0.0563662089 0.0645781383 0.0500777587 -0.163905293 0.175830498 0.0774218738 -0.350917459 -0.0917536765 -0.552478731 -0.704461217 0.692965329 -0.162394583 -0.390353888 0.0431753695 0.180685103 0.128625706 -0.221767262 0.758681953 0.266409695 0.237658814 0.912611902 0.0849998668 0.0161076598 0.0560527332 -0.62031436 0.0722420365 0.09389586 0.222923726 0.404080421 0.139887497 -0.191946208 0.12665163 0.522102952 -0.107399695 0.773509204 -0.101180345 -0.58088249 0.574048579 -0.348500878 -0.21325703 -0.114172988 0.125564396 -0.0513880774 -0.380363256 -0.0155582661 -0.131052583 1.22325587 -0.438125491 0.314022124 -0.139870316 0.219936669 0.0674074516 -0.270266473 0.0265112799 0.0776663348 -0.534530163 -0.0622473247 -0.18492642 -0.0319159999 -0.0982421711 0.113351367 0.237778887 0.303443164 0.0937488824 0.111513615 -0.184361994 -0.714039862 -0.77208668 0.453478277 -0.0776834488 -0.525412858 -0.108351938 -0.0595746413 0.984786391 -0.338549554 -0.324811518 0.607420743 -0.149927095 -0.557554722 -0.0510954261 -0.234463304 -0.691218674 -1.28428614 0.137732133 -0.149060994 -0.0388162173 -0.0428696424 0.313084662 -0.120468773 -0.165548295 -0.0274143275 -0.12402644 0.640334547 0.0935296044 -0.272955954 0.153986424 -0.405110359 0.0867066756 -0.195681974 -0.487427473 -0.416963547 -0.45335871 -0.314915746 -0.0754888803 0.731129944 0.0593591593 0.0635286346 0.752892435 -0.0715590566 0.0904236585 0.275380611 0.0808687061 0.0944843516 0.0656022727 0.13740319 -0.260979265 -0.158277884 -0.745334804 -1.16427445 -0.0580895133 -0.200158238 0.450405717 0.138440743 -0.723212719 -0.104190141 -0.0183122829 0.139416486 0.0664775446 -0.537121534 -0.681822181 -1.11305022 0.499067932 -0.435743749 0.000696020317 0.253861696 0.291036844 0.185713276 -0.143686175 0.283206165 -0.108670898 0.317857116 0.325493515 0.2795977 0.933547139 0.995743334 -0.987202585 -1.07391095 0.0327557921 0.0521064736 0.0220658146 -0.028606059 0.225522131 -0.210883647 0.00849061739 -0.872575939 -0.156506911 -0.0648759827 -0.0471589826 -0.0968548879 -0.967179716 0.250051588 0.127563328 0.557525218 0.0830712467 -0.0248798952 0.272497833 -0.0364625454 0.0509203635 -0.0384318009 0.189742178 0.111951947 0.217676014 -2.0612433 0.0802047327 0.482602179 -0.0402100235 0.00776485633 0.0565462373 -0.121424668 -0.0420780405 0.0399197638 0.122766457 -0.0658608824 -0.172380328 -0.221608177 0.377038419 0.471708059 -0.961848915 -0.258564413 -0.168881074 0.48878634 0.185943022 -1.02215362 -0.0653383806 0.0469591171 -0.138974756 0.074884221 0.00561459688 0.167997569 -0.697249174 0.019718729 1.15091825 0.028607145 -0.0750025883 0.00883809477 -0.126828134 -0.02899611 -0.483030021 0.368301392 -0.025219664 0.0160566103 0.0464084931 0.0420196839 0.218304306 -0.0833040774 -0.612026095 0.157691866 -0.216696113 -0.831754267 -0.0220649149 -0.161195889 0.574930489 0.343082845 -0.154862478 -0.490793288 -0.108566858 -0.0526397303 1.16294515 -0.458970726 -0.41119498 0.171660736 0.0111777578 -0.538208544 0.100667678 0.233997896 0.0572360195 0.397402167 -0.0213663746 -0.164756507 0.0954102501 -0.139080435 -0.393597543 -0.458623648 1.08046865 -0.30280143 0.142212138 -0.0438216217 -0.374764413 -0.0129545648 -0.125538751 -0.0836070478 0.137497425 -0.027274128 -0.0462444536 0.00823303312 0.271645606 -0.0730267465 0.0553108044 -0.248620734 0.00428490061 0.657884896 0.045104634 0.303434938 -1.22084844 -0.0551028512 -0.564519227 0.159360334 -0.0716867819 -0.0541630201 -0.234926209 -0.0331750587 -0.222156405 0.128711164 -0.129025206 -0.731847644 0.189801604 0.243278429 0.348978788 0.132696629 0.0473702811 0.0329435095 -0.0293308515 -0.0412869826 0.728170156 0.576821208 -1.31872892 -0.706508219 0.121897168 -0.148829684 -0.086288318 0.0974532738 0.40076226 0.0230386611 -0.195972219 0.425072521 0.171377406 -0.0810692459 0.387049943 0.622969091 -0.137961417 -0.231406197 0.0377589278 -1.18999422 -0.1718418 -0.0360585675 0.259128779 -0.092616275 0.200995192 -0.0308337975 -0.00762685295 0.042566862 0.152564824 -0.0406574793 -0.0528426692 1.05321777 -0.00125069695 0.0629028305 0.0411131978 0.21505855 -1.00493968 -0.578565359 -0.239869773 -0.0470100269 0.0653688982 -0.2468898 1.48170972 0.0627243295 -0.514539003 0.13698329 0.127936944 0.486526281 0.0956278965 -0.0417446233 -0.57987529 0.0454231128 0.0812246576 0.0249663424 0.0271337926 0.0078488132 -0.0434858985 -0.0840205029 1.18936086 -0.360148937 -0.0524179228 0.301479727 0.0396836288 0.0210790932 -0.682292044 0.0335944183 0.112428382 -0.0486428402 0.099168092 0.0328186415 -0.0712676868 0.0465780981 0.0254627392 0.761515558 0.0316527598 0.445329338 -0.850625098 0.141538993 -1.18208683 0.210321724 0.0212194882 0.0295755211 -0.0833538398 -0.0515121333 -0.899719179 -0.219825342 0.0435622185 -0.476306677 -0.0471473262 -0.283376008 0.154580191 -0.0113064107 0.482605398 -0.0863855109 0.0407696962 -0.0106228013 0.0731273741 -0.0770010278 -0.00165531633 -0.0431963913 0.0135468589 0.625621676 -0.0502377339 0.911071241 -0.647758424 0.147713125 -0.0755835101 0.0697597936 -0.268393546 0.348066151 0.0640998185 -0.476025075 0.123310402 0.0390201658 0.00357979559 0.653310001 0.254107058 -0.820604503 -0.0861091167 0.641825438 0.00564556895 0.00752874417 0.0123782465 0.0213028956 0.01529459 0.0151794693 -0.0199620519 -0.0266216714 0.0435450859 1.22533858 -0.0311571825 -0.113259003 -0.0898966417 0.0887055844 -1.09910679 -0.17540288 -0.368178517 0.150357381 0.0476545058 0.00409770338 -0.314519137 -0.885207713 1.24999094 -0.382323474 0.0790108889 -0.523328006 -0.0995640531 0.450838864 0.278229952 -0.0934486836 -0.159168229 -0.0343787335 0.0843104646 -0.0836979523 0.0744989142 0.410775244 0.101449847 -1.12146926 -0.00579886511 0.330001354 -0.183523178 -0.0485990569 0.747624338 -0.200066417 -0.0673389286 -0.0753425881 -0.119791962 0.172552899 0.29791519 0.121200301 0.0829865709 -0.150654972 0.0963401496 -0.411178857 -1.11934566 -0.538409531 -0.0854764581 -0.802256644 0.104119003 -0.242463768 0.0540134534 0.0960812122 -1.18732417 -0.131396443 -0.44183296 0.113168344 0.117753945 0.806269586 0.194298252 0.106894366 -0.112532794 0.230923787 0.0368483402 0.289349139 -0.0541145429 0.173697725 0.457021862 -0.430082947 0.453481406 0.365599751 0.0584151484 0.29815644 -0.188009515 -0.644938469 0.173258841 -0.700965285 0.0309234168 0.116757229 0.193334207 0.00363499764 -0.448246568 -0.137615129 0.568103731 0.666363299 -0.0138031133 -0.57924962 -0.163114399 0.066624552 -0.172750562 0.00685753487 -0.197395667 0.0680560321 0.0983681604 0.0957507417 1.09900832 0.156806156 -1.25095332 -0.460198313 -0.0503792465 0.0472312383 -0.142545775 -0.264281958 0.431033254 0.264249325 -0.0396848172 -0.00283004367 -0.0192488059 0.0543312728 0.324160814 0.353782862 -0.131296486 0.0133650415 0.0501960143 0.946029723 -1.52199996 -0.213826284 -0.114173174 -0.198642865 0.472401649 0.0734741986 -0.0147258285 0.0636231601 0.0323558971 -0.0797046572 -0.131810844 0.437646806 -1.08592689 -0.0418722741 0.20353958 -0.763937533 0.0498908311 0.0931123942 0.10972023 0.481460571 -0.0788631886 -0.0241864715 -0.327446043 -0.040642336 0.621916354 -0.186181724 0.0378281176 0.544142425 0.099099271 0.205533862 -1.0270952 0.317649484 0.142424658 0.21525903 -0.0632663146 0.0575924292 -1.77234733 0.483740598 0.0494429208 -0.0669878796 -0.00832213834 0.346198291 -0.212130129 0.0365982279 -0.220168769 0.0966836289 -0.0466485135 -0.219649374 -0.377246827 -0.210396454 0.278380245 -0.336132944 -0.284712404 1.06989288 -0.102217145 0.091915302 0.200291038 0.125442758 0.018580379 -0.12636058 0.256729424 0.0762308314 -0.026896432 -0.90128088 0.236754701 0.324804008 0.527678847 -0.428593665 -0.0351930447 0.572127223 0.315900743 0.0292023569 -0.370090425 -0.186436325 -0.21471563 0.00907395128 -0.0150503861 -0.0154231107 0.0691285953 -0.0269713253 0.101496547 -0.304428697 -1.0221231 0.0675951242 0.021247711 0.131063595 0.00181822013 0.109277695 0.0700857863 -0.751471937 -0.485723376 -0.109204814 -0.453204066 -0.185035706 0.433703721 0.487362593 -0.0985560864 0.284862369 -0.173216254 -0.425776958 0.0380427912 0.170665562 -0.0975417122 0.112039879 -0.294193625 0.0313965008 -0.177509427 -0.442614526 0.206290856 -0.543156922 0.158634841 0.610781014 -1.72083318 0.0785695687 -0.222143292 0.189072117 0.0103067942 0.260083526 0.0826787725 0.0341389962 0.349297762 -0.401190072 0.168653578 0.288789719 0.12348146 0.703547895 0.142147049 -0.317454398 -1.46818757 0.197855011 0.328007221 0.0816439167 0.19178471 0.116450332 -0.561296403 0.258156538 0.21851553 1.14643013 -0.0671843663 -0.129236117 -0.304858685 -0.113378853 -0.633970797 -0.14264062 0.105905369 -0.0491871126 0.101215668 -0.0210015308 -0.0477943979 -0.175515726 0.0200820044 0.226950079 0.0559495613 -0.228513271 0.786989987 0.211143926 -1.5608393 0.296980023 0.30111599 -0.146220863 -0.0602028891 -0.00427103788 -0.0350753851 0.0204597916 0.652109563 -0.0189960338 -0.00834918022 0.104311228 0.128792226 -0.292583019 -0.971240342 0.137851879 0.0423432514 -0.152571678 0.259573221 -0.00700736465 -0.273197711 0.394233316 0.267806798 -0.349694014 -0.0032821768 0.446409643 0.54829061 0.263523012 -0.182410181 -0.410654753 -0.0936048999 -0.122661151 -0.0205310062 0.641156018 0.239641413 1.05445874 0.297389388 -0.444760025 0.0536458381 0.178411141 0.411389768 -0.0690381899 -0.0106280474 0.17558904 -0.252307564 0.0764266476 0.0912100226 -0.0612042435 -0.311068535 0.105781101 0.37159434 -0.584098458 0.271981716 0.315345734 0.101830773 -0.479084373 0.588348269 0.166275442 0.881259978 -0.0480905138 -0.108779706 0.0538235009 -0.371091276 -0.294736415 -0.231412157 -0.0323929191 0.419847131 -0.076068446 0.017812511 0.454911113 0.0330438949 0.159689978 0.24122116 -0.0467851609 -0.208587348 -0.0557721779 -0.416614145 -0.198099986 1.33769238 -0.169011667 -0.219825998 0.239126489 0.0710570887 0.444906384 -0.327848583 -0.062864989 0.040581204 -0.00064781215 0.0533743687 0.0534708649 -1.05617964 0.137470022 1.06828117 -0.49684155 -0.107355081 0.332333893 0.0382906161 -0.229925483 0.354484141 -0.249577478 -0.238466695 -0.0508957244 -0.0476642512 -0.0825888887 0.782499194 0.213498145 -1.11993027 -0.0836270973 -0.0148162246 0.452997714 0.078373 0.363550901 -0.424757749 0.52132529 0.0124108866 0.677194178 -0.0394294485 0.0474779904 0.72266686 -0.249369115 -0.405547798 -0.0139051527 -0.0692448318 -0.585942209 0.536257446 0.200683981 0.0266183522 -0.161748409 -0.0958489776 0.0833248496 -0.185511336 0.104269005 -0.626984835 0.283594608 0.14767684 -1.03422666 -0.0590861924 0.275395811 0.0904359668 0.141907409 0.351682156 0.159246311 0.06269788 -0.522074819 -0.495834976 0.143619344 -1.19994092 -1.29232836 -0.245557815 0.798590004 0.0214690305 0.0656928718 0.0648082718 0.318022072 -0.232524335 0.0964760482 0.120998152 0.301699877 0.503765941 -0.356096596 0.416638583 0.782557845 -0.661204815 -0.229894474 0.083104834 0.0382709503 -0.0919537619 -0.0500636511 0.115113273 0.194397375 -0.0988255441 -0.131921127 0.0739107057 0.0957131237 -0.261574 0.536138594 0.368532598 -0.913615048 0.1362288 -1.6092732 0.412538379 0.083006151 -0.087766625
