tensor_linearrelustack9weight 32
-0.173303604 -0.0662961528 0.253130764 -0.0762721449 -0.0210631434 0.489679396 -0.103904143 -0.0760224685 -0.0703985021 -0.183446944 0.314920068 0.210802257 0.35406068 -0.165168047 0.139220551 -0.0565983541 0.383521259 0.199859649 -0.12161658 -0.0738718584 -0.338134199 0.49994415 -0.0794195831 -0.215119585 0.131521642 -0.32586056 0.310715884 -0.0697527751 -0.0754498616 0.430946022 -0.235722601 -0.26508835
tensor_linearrelustack6weight 1024
0.00790136773 0.226048782 0.104828529 0.253168821 -0.154951617 0.0181202348 0.507641733 -0.23807773 -0.487098515 0.386911809 0.328656524 -0.154919639 -0.375482649 -0.3373788 -0.377030343 -0.529926836 0.170587897 0.0995583311 0.267839134 -0.114377864 0.0896822587 -0.0444310866 0.502723932 -0.139301643 0.639615059 0.397846878 -0.0532023683 -0.292482466 0.243673831 0.230068237 -0.0895050466 0.0992009267 0.605353653 -0.333828449 -0.0494146608 0.130310237 -0.13212809 0.136152878 0.294160128 0.213824838 -0.283820897 0.23787874 0.0143952481 0.353636086 0.151213035 -0.137177795 0.345052302 0.136199534 0.208592713 0.0544138514 -0.084624812 0.0731445774 -0.00337332813 -0.356552035 0.16440323 -0.245176613 0.079320915 0.354453444 0.158851251 -0.200005949 0.225098222 0.299841374 -0.00198269519 0.14698261 -1.38284588 0.329784036 -0.199800298 -0.139888063 0.185840264 -1.42123604 0.236259341 0.300171226 -0.195181742 0.519368529 -0.956300676 0.258380681 -0.143494397 0.132714599 0.287197948 0.0202391334 -0.093718417 -0.423437655 -0.971489668 0.0491667353 0.307699949 -0.325408429 -0.308971614 0.0563025139 0.431933403 0.0514829233 -0.279554844 -0.271498501 -0.0135852145 -0.292420805 0.325980097 -0.211319745 0.394735694 -0.0686289445 0.0314885452 0.0930082202 -0.481433392 0.400716513 0.650944352 0.0566127971 -0.46358484 0.187763572 0.319413722 0.338733166 -0.38616842 0.0403460972 0.191693053 -0.0109351845 0.239117876 -0.0368988663 0.00315540936 0.19702296 0.0166682135 -0.114337362 0.218580514 -0.0801723748 0.148139969 0.411970466 0.046306055 -0.0998832807 0.289241284 0.437341452 0.0352890342 0.152955145 -0.0518632606 0.0004428213 -0.200140849 -0.0382546596 0.011673186 -0.159448117 0.0689523667 -0.0250828769 0.117839515 -0.135130182 -0.0113836005 -0.132681251 0.0397596955 -0.00314065022 -0.124833986 0.0407517813 0.0133218002 -0.240650177 -0.0937687606 -0.0973563269 -0.239939809 -0.00572510203 -0.172880545 -0.033254303 -0.0918468535 -0.196420997 -0.0601184368 -0.0563341901 -0.00890835095 -0.138779759 -0.00832132343 -0.0785111487 -0.129745498 -0.278417617 0.560107529 -0.154516101 -0.579921365 -0.755745173 -0.351398826 0.106060714 -0.333824754 -0.272925138 0.0624381676 -0.233914167 0.412880719 0.0949798822 -0.432425618 -1.10305226 0.336229175 -0.823556244 0.306868285 0.0103480211 -0.327987015 -0.225252301 0.519387245 -0.422048301 0.238435864 0.0812606141 -0.549900293 -0.0308217723 -0.113241412 0.537477016 -0.207097784 -0.137910888 0.402528405 0.107678525 0.0147033371 -0.19061929 0.0784095973 0.0239360482 -0.0219116341 -0.528004766 0.0393613651 -0.0402049422 0.33669439 -0.082307823 -0.165793881 0.108501926 0.0338471308 -0.287910312 0.22480844 -0.045110818 -0.00377981737 0.109724842 -0.0987109095 -0.0868039504 0.156925097 -0.412148416 0.418929309 -0.119698875 0.355320126 0.182035819 -0.170940727 0.489067197 -0.394213587 0.502938688 0.548707843 0.159902662 -0.0800350681 0.207378566 -0.392148226 0.0794330388 0.646845162 0.0875631645 -0.473200589 0.0838125348 0.376929224 0.177204773 -0.380679131 -0.108214237 0.035280291 0.113980204 0.214868307 0.12658222 0.0608830899 0.183470935 0.0780475363 -0.0686644986 0.0413844213 -0.0783176199 0.136115402 0.184680626 -0.20261167 -0.103541896 0.550633013 0.158408791 -0.00707702059 0.238637015 0.719045937 -0.263066053 -0.190318957 0.214515358 -0.421739101 0.294475436 0.358123243 -0.0805455819 -0.225413889 0.260650277 0.135005936 0.290621579 0.100628078 -0.310755819 0.206603691 0.319021046 0.442739576 -0.0105396276 0.183141083 -0.103353262 -0.0506218299 -0.0164472628 0.0570848733 -0.0190801527 0.330423623 0.309458464 0.0167334881 -0.099521786 0.234820396 0.149024129 -0.0576521531 -0.0266226921 -0.487723202 -0.259394765 -0.486032844 -0.181987152 -0.0049202037 0.953387558 -0.402615398 0.0536398739 0.0107955011 0.356992006 0.0290569104 0.309130222 0.414004892 0.0402509235 -0.22745946 0.161645472 -0.40135619 0.329541922 0.0273153186 0.549889386 -0.282858938 -0.557079494 0.308652967 0.126941174 0.779867947 0.0450953357 -0.286236078 0.147841632 0.158482507 0.405000269 -0.567790627 0.124450527 0.397174418 0.505825222 -0.254573107 -0.130025923 0.672075629 -0.290133595 0.277566731 -0.0578451045 -0.350931764 0.034237992 -0.0286888443 0.0764028952 -0.291197449 0.196719483 -0.541375279 1.08635962 0.0220990032 0.136219978 0.607534051 0.0182742998 -0.630545914 0.84821701 -0.590783656 0.230503425 0.12424913 -0.544945359 0.443410277 -0.490127534 -0.0620618574 -0.0757472664 -0.111167327 -0.194880828 -1.07533455 -0.688226461 0.235721573 -0.130850166 0.011156993 -1.79394245 0.391816527 0.438726276 0.868141353 0.156091288 -0.488450259 0.37847805 -0.361446381 -0.0941975489 0.320911974 -0.338786304 -0.733182549 0.146063194 0.0546565764 0.346503079 -0.291771203 0.238600835 -0.243949488 0.0556957349 0.367683947 -0.462431371 -0.149432912 -0.328793198 -0.0385022871 0.103677444 0.0812692642 0.125342742 0.510897756 -0.726970017 -0.605676115 -0.443512678 -0.811427355 0.100964092 -0.199316099 0.0580707937 -0.0823330283 0.236813813 -0.0731347799 -0.178678781 0.0559028126 0.549673676 -0.0648811162 0.0401831307 -0.0758619234 0.306479335 -0.562827766 0.430877715 0.485338271 -0.335050017 0.266375601 0.194357246 0.137792885 0.205067948 0.105350368 -0.15446423 0.248942673 0.248319149 0.217362061 0.316769212 -0.0711621195 -0.249981254 -0.561721027 -0.217557073 -0.152800024 1.39019561 -0.159825638 0.183600426 0.230610281 0.407858223 0.384498447 0.256122917 0.348146856 -0.520571709 0.117457852 -0.101025991 0.261451185 -0.155263081 0.360629529 0.233381063 0.122317091 -0.27139014 -0.200153247 -0.279031992 -0.100841574 0.126008168 -0.283061713 0.483348906 -0.375441551 0.232829139 -0.486057401 0.133289531 -1.77657676 0.525184989 0.527087808 -0.150963828 0.322723538 -0.290570199 -0.156836495 0.374907315 0.198140517 0.325509161 0.0111066932 0.0671816468 -0.341328859 0.117200211 -0.221228391 -0.158181727 -0.229461029 -0.21493201 0.08326184 0.471345812 -0.00402181642 0.197021663 -0.315037549 0.117969684 -0.227265418 -0.0625519231 0.155794472 -0.135110468 0.060967952 -0.216540739 0.431833535 0.10620556 0.406932801 -0.168828651 0.0383924171 0.195353121 -0.274758279 0.21093455 0.499994159 0.101827495 -0.325356811 0.103979886 0.0343735963 0.244094074 -0.0860996693 -0.10294576 0.125609621 0.139212564 0.289641172 0.0976101309 -0.0284126811 0.181009531 -0.0121152624 -0.243939608 0.169519618 -0.171337157 0.18922247 0.370543599 0.0578359403 -0.178471223 0.150814116 0.462733924 -0.0169723108 0.167076543 -0.776635528 -0.403083414 0.209121987 -0.27751115 0.871231139 1.44017184 -0.448125184 -0.263292164 -0.0592799783 0.0875815898 -0.847462237 -0.321772724 -0.769922674 -0.482372373 0.191931322 0.325272918 0.336053252 1.04582369 -0.850293756 -0.42110166 0.202015638 0.042268116 0.138869241 0.295161933 -0.194468409 0.467449099 -0.465377927 -0.421698421 -0.376167685 -0.140322164 0.0339747146 0.406615198 0.296500385 0.427837849 0.252194405 -0.137993589 -0.395313114 0.257430166 -0.0509229861 -0.136761129 0.858812809 0.787999153 0.236100242 -0.0960776955 0.111728057 -0.120601609 -0.752479851 0.193258047 0.0132875983 -0.0436839722 -0.0522815846 -0.629329801 -0.0693821162 0.00364619237 -0.254484653 0.325850755 -0.165879533 -0.446559817 -0.00954240654 -0.735534608 0.233371392 -0.0227586962 0.212286845 0.0666264817 -0.592092633 -0.168080389 -0.17357114 -0.206109822 -0.152338371 0.799144089 0.510750592 -0.0225350205 -0.274200886 0.231022045 0.654082537 -0.384603441 0.0705216676 -0.481119186 0.329893738 -0.0563878082 -0.0641605929 0.239688635 -0.104630254 0.0731048137 0.151799113 -0.169045895 0.0467265174 0.000715309347 -0.0661030039 0.481562048 -0.370822221 -0.041643247 0.115277097 0.44075197 0.0552092679 -0.0529534817 0.212424636 -0.329548717 0.234879225 0.128787979 -0.337926239 0.275263995 0.126961902 0.0168986525 -0.488806814 0.341959625 0.266096234 0.180443779 -0.0552656166 -0.00546044391 0.363495708 0.146358788 0.313904107 -0.0222793818 0.0807020068 0.301767975 0.0689333677 -0.258422524 0.275828183 -0.423453629 0.0383441225 0.268963307 0.171124339 -0.149526343 0.0751174614 0.36464718 -0.0919545963 0.154994696 0.462663531 0.343006223 -0.628703654 -0.199878842 0.0786720142 0.541099966 -0.350104898 -0.437755674 0.32775712 0.728930175 -0.350457519 -0.204234228 0.101228639 -0.0108834058 -0.158603236 -0.66051656 -0.422227085 0.113055125 0.837842047 0.137990505 -0.613914132 -0.927936435 0.315408885 -0.7078107 0.249473527 0.188876733 -0.183327347 -0.0647348464 -0.0312608927 -0.34554106 -0.567618132 0.623365819 -0.308077127 0.272861928 0.0424297154 -0.424683511 -0.0364980437 -1.06830394 -0.0245133173 0.173387378 0.169529736 0.110936508 0.584736466 0.197976097 -0.911330342 0.0332292616 0.101709455 0.336857051 -0.0660281703 -0.322707087 -0.0768212676 -0.155400544 -0.371768117 -0.319810867 0.416549087 -0.415647924 -0.19324486 -0.681265652 -0.474347323 -0.380715042 -0.434942573 0.0349570252 0.839339614 -1.21569788 0.714355886 -0.116659947 0.243235797 0.27600655 -0.388603598 0.276515633 0.277691722 0.0285235979 -0.332154691 0.0144329509 0.359061152 0.181250244 -0.0883909762 -0.0471810028 0.281022727 0.0270778257 0.223951817 0.03363261 0.261761039 0.181155786 0.0983114168 -0.246695712 0.328465611 -0.373701215 -0.0606663898 0.220988378 -0.0655106977 -0.304541498 -0.0818717256 0.431660801 -0.13073498 0.00582800992 0.387224138 -0.463422209 -0.0997673348 0.18092382 -0.562774122 0.498175055 0.104413792 -0.529614627 -0.453898907 -0.0428779051 0.214838073 0.0560327433 -0.0176906567 -0.751479149 0.251395762 -0.0699425414 -0.0804346129 0.170050085 0.40369302 0.484918416 0.0687006563 0.194501251 0.172637805 -0.292020082 -0.160605237 -0.500507772 -0.0326122008 0.194458261 0.203253299 -0.344995618 -0.398979515 0.109959453 -1.12470794 0.784034848 -0.062621139 -0.249691412 0.536534727 0.161614493 0.0652211905 0.788737059 0.330113828 0.0884707645 -0.0512691252 0.288742632 -0.166856736 0.0904124603 0.0909431353 0.20495449 -0.184993297 -0.0928740501 0.251443982 0.0885927901 0.156039506 0.564735413 -0.135268435 0.0735443383 -0.131172895 -0.463605672 -0.137957335 0.145652756 0.0156306345 -0.219904512 0.691755176 -0.390293717 -0.389063418 -0.380874276 -0.635436356 -0.439293563 0.313261092 0.902784288 -0.0727444589 0.229917571 0.397179216 -0.541300654 0.751592398 -0.148864135 -0.271739393 -0.0253956597 0.128070772 0.776104987 0.323991567 0.0997548401 0.44557181 -0.235211045 -0.635202169 -0.185027257 0.095418632 -0.649629116 -0.653665006 0.180391043 -0.138481885 -0.0359150879 -0.0255573522 0.0639091879 0.754110873 0.430606335 -1.19320595 0.0613798164 -0.165926352 0.0827842727 0.616670132 -0.839646518 0.1262514 0.175829023 0.877657413 -0.067003198 0.188301504 0.341450423 0.126831546 0.636838436 -0.0774507672 -0.390203178 -0.292814016 -0.632751882 0.333999187 0.258332461 -0.51331079 0.0228964128 -0.935517848 0.161748603 0.139153197 -1.02692032 -0.130931303 -1.02324963 0.695146203 -0.276490301 0.218427405 0.0132363047 0.409122467 0.0239328071 -0.281485885 0.328208655 -0.382154703 0.340965867 0.0299854595 0.0189539827 -0.342313558 0.0588205755 0.405829936 0.280330658 -0.0642995015 -0.217524618 0.0525162145 0.149640456 0.686792672 0.449881166 -0.0063090967 0.0458987094 -0.149557322 -0.124775492 0.253564894 0.0587753989 0.434443504 0.037470188 0.183380008 0.0943595394 0.379780382 0.079771854 -0.293212384 0.0506092347 -0.590779245 -0.138846621 -0.269458085 0.180031493 -0.0568622835 0.263043821 0.000469552091 -0.000475915178 -0.381852776 0.355807632 0.341679692 0.294108391 0.29859066 -0.383933932 0.22231172 0.172978848 0.525441647 -0.0114187049 0.189686418 0.342980206 0.0304509457 -0.176794246 0.0539466068 0.00609576702 0.237215906 0.305929154 -0.0317936502 -0.171553001 0.265650094 0.0333058946 -0.195221841 0.04833946 0.915896833 0.563351929 -0.0777073279 -0.334322244 0.113937631 0.256829381 -0.135190666 0.252405167 0.665548921 -0.330440879 0.427060664 -1.10324442 0.312997013 -0.0812177956 -0.128764153 -0.708338439 0.371042222 -0.250236869 0.195110276 -0.390486747 -0.2707569 0.375776768 -0.0361462235 -0.223278448 -0.680684984 0.612845361 -0.40328002 0.0622733347 -0.716835141 0.591911852 -0.13116841 -0.0440568887 0.228547081 -0.105503038 0.167386979 -0.680727422 0.0236175843 -0.009164121 -0.0936001167 -0.289633483 -0.776210606 0.0323327631 -0.122372083 -0.125467941 0.252255499 0.192854613 -0.310330242 0.0333177485 -0.0112843504 -0.363606602 -0.333729833 0.669620514 -0.0149156731 -0.545495272 0.385177553 -0.678326428 0.751539707 -0.0353306681 0.0333048739 -0.0422690883 -0.263964564 0.630722225 0.0639729947 0.459709704 1.40764105 0.473364502 -0.022977462 -0.0641977265 -0.0937487856 -0.145937875 0.118764408 -0.186131045 0.479516447 0.018165553 -0.665920496 -0.0967929587 0.143685922 -0.105407663 0.00861423276 0.140919983 0.00293434341 -0.230289921 -1.21417975 -0.913240194 -0.302877665 0.00955410022 -0.353514105 -0.146803945 -0.306635141 0.559766233 0.328779876 -0.0758163258 0.650526762 0.434472054 -0.387548298 -0.339908838
tensor_linearrelustack3bias 32
-0.0751033649 0.471359879 0.461323321 -0.107691288 0.221916124 -0.52327317 0.667142212 -0.394145817 -0.102243997 1.02105975 -0.449201494 0.650908709 -0.3825486 0.171006501 0.0462679267 -0.788060546 0.289365202 0.00592248887 0.0454427674 0.6633178 0.321330041 -0.436274052 0.209716544 -0.260763347 0.324109048 -0.278695166 -0.283445984 -0.057288602 0.37239641 0.295870572 0.589244723 0.106210716
tensor_linearrelustack3weight 2048
-0.670761049 -0.0451991111 -0.357073247 -0.183022261 0.0134707848 0.26805231 0.178709134 0.157438502 0.261794955 0.0306122229 -0.488508672 0.684186459 -1.15492892 -0.0192823615 0.0910190046 0.90050751 -0.112881988 0.78128922 -0.233133897 0.8661834 -0.639924943 -1.05148554 -0.0903886408 -0.125428632 0.390964299 -0.554258883 0.00821023993 -0.240333751 0.18660225 -0.173327014 -0.442696184 -0.0183109883 -0.784272015 -0.329332054 -0.923582137 -0.35423106 -0.439749658 0.331341743 -0.202491477 -0.347988605 -0.472913355 0.432413012 -0.389303863 0.451103747 0.239050552 0.547385693 0.398876458 0.297120571 -0.198419929 -0.463146687 0.109535217 0.70014137 0.111833416 0.588205457 0.45682928 -0.493601143 0.408748031 -0.164868444 0.26047039 -0.597933292 0.0758575425 0.562316656 0.918319523 0.432386816 0.487674236 -0.871194661 0.175763354 0.625955343 -0.0497468784 0.30990997 -0.438260823 0.102991357 -0.156646907 0.19223161 -0.697850764 -0.477205634 0.796967328 0.220520079 -0.124166764 -0.627839327 -0.0469411239 -0.0572485253 -0.697461963 -0.12186607 0.122170053 -0.35866791 -0.329913676 0.893133163 0.319363177 -0.211066619 0.527862132 -1.06509221 0.294157922 -0.407452494 0.356229424 0.241560876 0.0840961784 0.36309436 0.332476586 -0.0180257168 0.728271067 -0.456955343 0.905337632 0.00808655377 0.216702402 1.04241991 -0.27322486 -0.589473426 0.595461309 0.149519861 -0.00457061362 -0.567946613 -0.213516399 -0.493447155 -0.573027253 -0.0562271029 0.660405755 -0.353002191 -0.498204619 -0.346263647 0.42414093 -0.370949388 -0.620609462 -0.0773010626 -0.0486225374 -0.0163872261 -0.522154152 0.120760761 -0.694372118 -0.29030022 -0.0533874743 -0.752655029 0.501047432 -0.525352955 -1.15458977 -0.268543333 0.376731992 -0.337304592 -0.474027485 -0.412857503 -0.347573191 -0.0048571974 -0.450387985 -0.0659882799 -0.464095891 0.130268291 -0.198620319 -0.203111202 0.203180224 0.345343471 0.22890687 -0.239617035 0.392089903 0.187614262 0.120871685 -0.212594926 0.717297494 -0.0852085128 -0.146441802 0.14911437 0.373131633 -0.246155038 0.0794416592 -0.0720363706 0.513500988 0.0190280024 -0.602662206 0.130016804 -0.0550581701 -0.396097124 0.384781957 0.37759611 0.357358724 0.689434767 0.154026687 -0.0302642602 -0.481243312 0.363783926 -0.0969278142 0.205498934 -0.92512995 -0.0932008848 -0.74355948 0.16500093 0.0111139528 -0.338520795 -0.46935463 0.14609693 -0.226550505 -0.216725722 -0.180594996 -0.123752758 -0.457174748 0.8708902 0.0852725953 -0.229574621 -0.200948909 -0.0799992979 -0.222554535 0.400804073 0.11977791 -0.24679932 0.527843475 0.425796688 -0.502700508 0.0920347795 0.0734920874 -0.561225653 0.245888382 0.0436176807 0.231024578 0.131502479 -0.0527936742 0.0921957642 0.0944298208 0.19905901 -0.0295285881 0.214768156 -0.18931374 0.325250536 0.075240545 0.317184687 -0.276547879 -0.293302506 -0.854126394 0.591549516 -0.000941049948 0.0241527148 -0.0326313414 -0.461216986 -0.0527783595 0.497821063 0.0291546714 -0.158950448 0.0621522814 0.475626737 -0.369238764 0.102110364 0.551471174 0.529241979 0.73118329 -0.0833427459 -0.147848219 -0.209234923 -0.747953892 -0.0196177028 0.71071279 -0.26015234 0.761444092 0.174170345 -0.0364762582 0.308518887 -0.799149513 0.190295994 0.044410713 -0.390054524 0.136418745 0.290196657 0.593827784 0.0556014404 -0.484434456 1.06920862 0.208714515 0.282431006 0.370228201 0.157449841 -0.213603169 0.271995753 0.63825655 -0.185283124 0.581721306 -0.071652934 0.20237425 0.147616446 -1.02577174 0.13405396 0.384328336 0.579534769 -0.166732237 -0.0390070789 -0.416770726 0.44480747 -0.0542498566 -0.265217513 -0.0344877467 0.141756728 0.156366959 -0.640889347 -1.5658468 -0.501750231 -2.32466555 0.0232137367 0.0699222013 0.227181882 -0.692922175 -0.269642919 0.0772457048 -0.80133605 -0.0952491388 -0.60058105 -0.00786314998 -0.379257292 -0.364113182 0.650053084 0.0491376817 0.589614928 -0.173662618 0.39403075 -0.301045507 -0.0851260126 0.324930996 -0.323223352 0.445159435 -0.222117469 0.0666165575 0.152797788 0.190751076 0.730836809 0.164443433 -0.23311162 -0.105799012 0.529574871 0.307668447 0.344319165 0.408937752 -0.17106995 1.42157269 -0.00106983422 0.265834212 0.00569514185 0.618399858 -0.255630821 -0.112648211 0.068581827 0.189327657 0.0379915647 0.138185337 0.0366232023 -0.889634967 -0.130839244 0.162461102 0.635203242 -1.01312435 0.155936316 -0.394757956 0.224774554 0.503560483 0.0213628411 -0.780986905 0.143161878 -0.110814087 -0.385596752 0.0222672522 -0.55769521 0.168385983 -0.26800552 -0.515190542 0.213975459 0.219168738 -0.121054478 -0.0989524201 0.723499656 -0.076054588 0.0676878989 -0.0219868422 -0.148808494 0.16233559 0.120266065 0.117185347 -0.862818241 -0.228451863 -0.816360056 -0.397428662 -0.0246851146 1.34263611 -0.0575545952 -0.503010571 -2.18228364 0.23299627 -0.491184145 -0.0740465969 0.67954272 0.303760588 0.206495777 0.442399114 0.500755727 -0.177224606 -1.39246392 -0.614738882 -0.112667143 0.467413485 -0.375278741 0.0378975645 0.338451684 -0.137520835 0.0433207639 -0.632894516 0.115927443 0.495759666 -0.944889605 0.163640186 -0.15094389 -0.219725057 -0.0738164559 -0.181561425 0.34501335 -0.0245438386 -0.1761861 -0.749505699 0.0230725091 0.183754385 -0.59179312 -0.107075617 0.541593075 -0.0866009146 0.146762118 0.0423299894 0.0778037608 -0.119685285 0.300040692 -0.0231366344 0.237859651 -0.00442645 -0.0369489789 -0.00704814447 -0.110845409 0.679415703 0.0273276195 0.18884708 -0.249906048 -0.339629114 -0.0200727936 0.0815850273 -0.212496355 -0.271113068 -0.0823419616 -1.46534884 0.365533859 -0.679279387 0.134464577 0.567401946 -0.287047863 -0.227406532 0.192692131 -0.328889787 0.0281324796 0.210568145 0.259810388 0.176456332 0.062024951 0.0756806135 -0.242547661 0.655451834 0.194701195 -1.34043193 0.507091999 0.0509089045 0.139511317 0.764549494 -0.3430565 0.369572043 -0.289975882 -0.413708687 -1.12796462 -0.708732784 0.282886356 0.1617762 -0.247920766 -0.359921932 0.0417715833 0.565187991 -0.681060314 0.433457494 -0.409260094 -0.302509159 0.00693747448 0.389906317 0.263909131 0.166545868 0.191069707 -0.376292855 0.335603565 0.00412847102 0.0572620071 0.0142407194 -0.667962253 -0.384370744 0.0333717391 -0.183399975 -0.241037861 -0.48827979 0.125049099 -0.0722618103 -0.0442617014 0.581556022 -0.347326726 -0.187616944 -0.156819314 0.413898975 0.119955279 0.978806615 0.21285665 -0.489416242 0.32806474 -1.08244157 -0.0463104248 0.44168061 -0.136886448 0.0320991911 -0.8842507 0.0976803079 -0.0438053161 -0.18605651 -0.0258987676 0.31060034 -0.617235303 -0.287789196 0.196530432 1.60249996 0.068346478 0.491291195 0.113410696 0.412502676 0.380434245 -0.316612989 0.16410324 -0.0723680258 0.252853274 0.473769009 0.199258745 -0.170909807 0.328507513 0.315133333 0.024694249 0.72525996 0.297017425 -0.62209183 0.0498610511 0.317977905 -0.417376697 -0.248330116 0.178997874 -0.188853115 -0.107947536 -0.765211701 -0.341137916 0.0576893054 -0.585103989 -0.434717983 0.174528867 -2.23438239 -0.0861381218 -0.0443594158 0.266798407 -0.146536574 0.295887798 0.208574742 0.340770036 -0.190951586 -0.292209625 -0.277298063 0.209189638 0.580146015 0.505230844 -2.01111722 -0.0611631721 -2.58956289 0.228656724 -0.226069346 0.0307465587 -0.254187793 0.122390591 -0.0986821055 0.848942399 -0.640975595 0.497873843 0.288652748 0.620379567 -0.28509438 0.209998429 -0.694316566 -0.927973747 0.00642088009 0.352032989 0.559074104 -0.123478018 -0.151519597 -0.14205943 -0.27788043 -0.0324325375 0.0813152194 -0.60051775 0.51219213 -0.21343562 -0.071296066 0.11647404 -0.285387307 0.221036702 -0.141556665 -0.099727869 -0.362568945 0.394500852 -0.23322089 0.0790385678 -0.281613141 0.100194782 0.213131115 -0.523010015 0.0240975115 -0.382065445 -0.0696215928 0.254588604 0.0657845065 0.102468252 0.00221140473 0.540272117 0.373618454 -0.995865047 -0.378426611 0.24863188 0.715888798 -0.211151287 -0.164486989 -0.288489938 0.409668654 -0.0724230036 -0.606239617 -0.0139990207 -0.0737016797 -0.0923185349 0.284062713 0.674109459 -0.48773098 0.0530011021 0.509769499 -0.528918266 -0.47224012 -0.405475795 -0.37138465 0.0648106635 -0.377717197 1.92718005 -0.110924482 -0.174071401 -0.1945481 -0.370218068 0.172941506 0.13804993 -0.792959869 -0.0800926536 0.317354679 -0.416182339 0.121407874 0.160537973 0.327922255 -0.00661778217 -0.173326895 0.191781789 -0.168807715 -0.250846118 -0.213611439 0.864567757 -0.0857754424 0.076575093 -0.0174490493 -0.0766036585 -0.727908969 -0.0983310565 0.370143533 -0.244096965 0.642949581 0.406050712 -0.148627385 -0.137052029 -0.410721391 0.398385853 0.0851610675 -0.0406339988 0.0123702558 0.381641269 0.23275432 -0.357483864 -0.233786479 -0.353356451 -0.0382395536 0.214468256 -0.0450241826 -0.128818244 0.123599455 -0.189995512 0.194148898 -0.155903697 -0.86518085 0.0570565462 0.846712589 -0.079889074 0.387983263 0.530165374 0.254051268 -0.280110002 0.00329254498 1.15618312 0.813359022 -0.210985437 -0.070515506 0.294617653 -0.244001046 0.57900399 -0.382419586 -0.502116263 0.359408587 -0.891929507 0.279345036 -0.0508857071 0.693141282 -0.689749181 -0.533765554 0.169326574 -0.416671067 0.31691891 1.02242696 0.0226723589 -0.0611232668 0.31166026 0.560007989 -0.639043152 0.19802928 0.0076414519 0.0215618182 -0.0899659842 0.365373403 -0.0189709291 -0.0376848243 -0.354899377 0.254466981 0.479434073 -0.62432909 -0.151161715 -0.0494812913 -0.26765576 0.209940836 0.415761352 -0.542627037 0.307180256 -0.205590636 0.152930409 0.706635416 -0.325658053 -0.21148099 -0.289911151 -0.431705892 -0.138522685 0.549019217 -0.16796568 -0.639374673 -0.200772375 0.376256347 0.146776348 -0.396746546 0.287947983 -0.148479462 0.263704538 -0.0412832387 0.19349131 -0.377501309 -0.415733159 0.271801025 0.435254067 -0.0529321134 0.355338484 -0.0694550127 0.454096496 0.637813747 -0.0588498935 -0.0748530626 -0.459388405 -1.2344507 -0.297542602 -0.187083274 0.113458067 0.723470032 0.328190386 0.144620433 0.201042488 -0.0618744344 0.211398333 0.165052831 0.142213687 -0.362545431 -0.374550223 0.183953971 0.0944086313 -0.0531224944 0.11807806 -0.216647878 0.521381557 -0.0280338116 -0.0984922275 0.112227663 0.462678432 0.261353612 -0.0749750361 0.118115351 0.145455316 0.264071584 -0.482906282 0.286001623 0.153065488 0.00718515553 -0.396210283 0.44578138 -0.324472815 -0.260688186 -0.629476845 0.107668675 -0.386522144 0.387514591 0.0381221697 -0.574109077 0.0959251598 0.318290621 -0.322290391 0.808994114 -0.312644184 -0.601803303 0.930926502 0.1091251 0.293758273 0.265764654 0.307247221 0.277654499 -0.0612660795 -0.42227158 -1.13263381 -0.0160837211 0.317241877 0.0165115092 -0.531279564 0.203310266 0.0442587882 -0.339972973 0.569948018 -0.228827447 0.162868321 0.961495697 -0.264896154 -0.069460921 -0.31861046 0.261244416 0.72908026 -0.0293040574 0.203904197 -0.000910259841 -0.58126992 0.28822574 0.263496608 -0.314314067 0.266473711 -0.202532127 -1.00811601 0.38054359 0.122053936 0.811019123 -0.175572544 -1.26585019 -0.174778074 -0.900113881 0.434608012 -0.0548841432 -0.115606189 1.10921812 -0.138745412 0.13568899 0.360750109 -0.37943992 -0.30738169 -0.0865870267 -0.721115768 -0.503267527 -0.0630104169 0.388886869 0.314669579 -0.0875623003 -0.362045377 0.655701399 -0.179791659 0.576416135 0.270357728 -0.620684862 -0.128361166 -0.273488015 0.241378576 0.44795236 0.0493381172 0.165757388 -0.347997487 0.0862360373 -0.177227244 -0.0637234449 0.219908968 -0.114727899 -0.368907213 -0.0473127924 -0.461581498 0.0918656513 0.156795859 0.734258831 0.10175588 0.447883874 1.27977645 0.247862116 0.43503359 -0.331658185 0.130425408 0.0696455613 0.383977175 -0.064892903 1.1835022 0.126504779 0.473036259 0.128138632 -0.468689293 -0.0567941554 -0.197131082 0.0369238369 -0.0764853209 0.676199913 -0.17505911 0.172244802 -0.099163793 0.308197975 -0.0894802064 -0.0794282928 -0.10899058 -0.130972624 -0.442766666 -0.652507067 0.0814524218 0.107057355 0.108567096 0.318782389 0.0776017457 0.450440854 0.576692879 -0.132661194 -0.124148056 -0.0211938042 0.0986224115 -1.03899121 -1.00662649 -0.459231466 0.432406574 0.347922266 -0.15343006 0.187244967 -0.2319915 0.0762672648 -0.614904225 -0.137678519 0.327088535 -0.0560967028 -0.0252237376 0.084700577 0.268223584 -0.148642808 -0.162163004 0.0225111637 -0.0512672588 -0.112712637 0.507638812 1.06753469 0.527228534 -0.234486789 -0.0131786987 -0.105687521 0.535764098 0.946517467 0.268008858 -0.155158848 -0.531250179 -0.58614856 0.149319351 -0.0616537668 -0.0181709435 1.06874216 0.227309421 -0.322008848 0.0939026922 0.301755369 0.121826366 -0.362028778 -0.14937906 0.160687611 -0.227653638 0.347925544 -0.00892918278 0.0985044762 0.0543422066 -0.435801417 -0.205479205 0.0623888522 1.06040537 -0.0648435652 0.056247741 0.186195925 0.226438969 0.95396328 0.130569518 0.914178073 0.36620751 0.0236533377 -0.521926761 0.343386978 -0.0201872289 0.732048869 -0.375259608 -1.86876523 0.0737197697 -0.0653100163 -0.44583267 -0.347322047 -0.405597597 -0.366366208 0.0504614972 -0.843729258 0.150875986 -0.182535008 -0.239688084 0.378699839 -0.0535970628 0.0899594724 -0.612081647 0.245329142 0.132992208 0.372079998 0.224035755 -0.512578309 0.489138097 -0.340807825 -0.369940013 0.100593187 -0.780042171 0.104191706 -0.0473939106 0.00441424223 0.517035604 0.214627594 0.309523851 0.506169438 -0.349459499 -0.179321647 0.660466671 0.129913345 -0.0975335166 0.302564085 -0.52462393 -0.140568897 -0.41844216 0.0763528273 -0.332115054 -0.188502207 0.0783538371 0.856246889 -0.167601854 -0.180492431 0.0719579384 0.529107928 -0.205980614 -0.182660982 0.780374527 0.14688234 -0.0563278235 0.770271957 0.128926411 -0.774136186 0.033757057 0.746311784 -0.276856661 0.808267474 0.31759885 -0.197607875 0.226822808 0.332356542 -0.33323127 -0.129736409 -0.0173544139 -0.41846621 -0.282563776 -0.299190193 1.0235815 0.725202978 0.0328089856 -0.571031213 -0.23921603 -0.798765302 0.0347811133 0.405980915 0.48571685 -0.13104555 0.158958867 0.680261135 -0.315805703 0.435313165 -0.174446523 -0.17532222 0.152029321 -0.266541541 -0.467828333 -0.0333445296 -0.749640524 0.197803959 0.320082873 -0.565004051 -0.164796561 -0.624879956 0.931328595 0.577337682 -0.225870997 0.187990025 0.133880243 0.554981887 0.572424233 -0.625883102 -0.640787721 0.0818317235 -0.450607568 0.219271362 0.0137401363 0.00276706321 -0.290782273 0.150213465 -0.297354907 0.148352593 -0.136038557 -0.0860451087 -0.5448035 -0.449044079 -0.396223515 -0.302128822 0.197652146 1.02514815 -0.0657053292 0.894673944 0.463866055 -0.340658098 0.0051106927 0.0726429 0.364262372 -0.612674177 0.661770463 -0.0851950198 -0.52883184 0.235295296 0.244160593 -0.686868012 0.186268017 0.0832716003 -0.197136879 0.253078967 -1.46523201 -0.148382097 0.119274914 -0.345360041 0.0900241807 -0.194112539 0.995059907 -0.0590391122 -1.25062203 -0.319334686 -0.626279771 -0.0502777472 -0.725721359 -0.857545137 -0.473285556 -0.0304526035 0.372827649 0.00469572376 -0.16606009 -0.574362099 -0.155904979 0.118288688 -0.214193597 -0.0651052818 0.178169489 0.656002164 0.199826196 -0.388654202 -0.28712225 0.195184126 -0.225255147 0.287984878 0.18924956 -0.585991681 0.155318886 1.10721314 -0.403814435 0.686234534 0.239912003 0.288239002 -0.104419932 0.184183851 0.208850577 -0.743141532 -0.152122989 -0.358794749 -0.197080627 0.634440243 0.163388789 0.183325157 -0.105370238 0.233824417 0.211217508 -0.389633358 0.24160932 -0.396145254 -0.107090428 -0.255417138 -0.36822167 -0.0364946835 -0.52429527 -0.407380074 -0.530322075 0.331278265 0.0453709923 0.581375659 -0.212596849 0.11095272 -0.261017621 -0.323594928 0.289632976 0.21907942 0.484751552 -0.122133449 0.55487901 0.0443159305 -0.243616596 0.699338138 0.278366327 0.324772894 0.258038819 -0.653219819 0.00468440214 -0.120695181 0.319870055 0.245669082 -0.400387287 0.0249139946 0.742704749 -0.216009587 -0.158977538 -0.521656156 -0.0914442167 0.00881013274 -0.171275809 -0.304860145 -0.25648576 -0.0800064504 -0.28761819 -0.206151187 -1.08267891 0.13082175 0.040673025 0.0707694814 -0.799589396 -1.12896037 -0.621603191 0.0777495578 0.224983096 -0.693559587 -0.426479459 -0.413275838 0.0859118477 0.274425864 0.0763878375 0.709466517 0.219612896 -0.00887413323 -0.213633895 -0.173908025 -0.689000249 -0.472857267 -0.611135483 -0.524523914 -0.0398929119 -0.72078383 0.201861635 -0.393326789 -0.139707386 0.308311462 0.397574633 -0.590636253 0.573625684 -0.442786664 -0.342805475 0.15809752 -0.619997203 0.329964101 0.0524172671 0.151904017 -0.200902119 0.363632113 0.697209537 -0.0559428744 0.729759097 -0.187524915 0.146262735 -0.581210732 -0.0846264511 -0.0387244597 -0.107874364 -0.182081535 0.299357265 0.211454317 -0.504778087 0.138591334 0.432447076 -0.156913757 0.194965452 -0.835138619 -0.101976998 0.422141254 -0.0546557084 -0.225674719 -0.672940493 0.661822557 0.280425787 -0.304125547 -0.342991918 -0.357344389 0.464633495 0.165703401 0.239806145 -0.654261172 0.0468019322 -1.00243545 0.406496167 0.465213269 -0.186517909 -0.285960823 0.447005749 0.421817541 -0.17408666 -0.482234001 0.0456775986 -0.210684419 -2.31416106 0.772269905 0.0981587842 0.0593448691 0.136085749 -0.372506976 0.490228444 0.0380290262 0.211093411 -0.173689231 -0.436244577 0.611592352 -0.761353612 -0.0608100742 -0.762277722 -0.874668956 -0.167648137 0.0332442187 -0.483395189 -0.278400689 -0.459987104 -0.129990399 -0.722720146 -0.161178187 -0.659536004 0.765674651 -0.527049363 0.233258322 -0.407267541 0.347011209 0.21276845 0.0156403743 -0.0990433693 0.810527802 -0.0845482126 0.543237925 -0.161371365 -0.101190619 0.0704464689 -0.365703851 0.0287267454 0.171069488 -0.221161932 -0.0122056464 -0.269354403 0.0482559986 -1.57920039 -0.152274698 -0.048959706 0.487525374 -0.244077727 -0.188596591 0.884140372 -0.233963937 -0.142828867 0.687797427 0.386707038 0.838163614 -0.332713038 0.0337129757 0.0870491266 -0.451956213 -0.102006488 0.213720322 0.0755688846 -0.0329187959 -0.0113952346 0.0967425406 -0.0494700111 0.0592242591 0.0284490492 0.0233583152 0.295767665 -0.293186903 0.283316344 -0.459880233 0.218988314 -0.653324664 -0.1209912 0.268248916 -0.05615988 0.251274735 0.508609056 0.0484520607 -0.399601877 0.386341572 0.00894432701 -0.592062116 0.482398927 0.0504531413 -0.0769053996 -0.391047269 0.351761907 -0.316513032 0.0522518456 0.0558220521 -0.345145434 0.783882439 -0.492350161 -0.22755751 0.0267073009 -0.54876709 -0.659951866 -0.320800185 0.786560237 -0.0479832329 0.2720716 -0.331121147 -0.208431751 0.128422201 0.401353538 0.608142853 0.376115769 0.518589556 0.00955577288 0.0452327356 -0.0710929036 -0.0620057099 0.227523312 -0.0836275443 -0.608250558 0.364556879 -0.279364198 0.0167352185 -1.39561152 0.494498909 0.575623155 0.162316516 -0.662706256 -0.0876435488 -0.387217432 -0.244392768 -0.228933841 -0.57259208 0.276749253 0.701023579 -0.236813724 -0.268900126 -0.0505579337 0.0364883728 -0.309112489 0.099773854 -0.30867222 -0.497261465 -0.00284722378 0.19684656 0.204042807 -0.110479407 -0.396549314 -0.0900967345 -0.344128072 0.28453809 -0.238917947 -0.103282183 -0.602292717 0.28755796 -0.246789023 0.108155333 0.0515474491 0.493760824 -0.190984115 0.284433305 -0.300715834 0.870334148 0.173611 0.158062026 0.279288977 0.242001727 0.549964726 -0.324266553 0.243531957 0.19535172 0.436517507 -0.017767217 -0.735313892 0.226613283 0.315839857 0.146672666 0.527890027 -0.043240685 0.365029871 -0.651470602 0.261166304 -0.208887905 0.0647144914 0.0909395888 -0.169646874 -0.633766055 -0.183233023 -0.629554987 -0.183044255 -0.256275177 -0.515660882 -0.211573228 1.07130063 0.466002375 0.218383387 1.4675169 0.159822166 0.0090060709 0.347440094 -0.0898069292 -0.204460666 -0.115131788 -0.0202327706 -0.492273927 -0.00508972211 0.401004106 -0.0842105523 0.235910982 0.0205596443 -0.18167527 -0.138747603 -0.955996633 -0.622236669 -0.170968741 -0.263120055 0.123886637 0.653555393 0.617339492 0.182902142 0.617706776 -0.663148642 0.0444254763 0.145498082 -0.127441049 0.14030236 -0.734919548 0.0515244454 0.25050959 0.360866725 -0.147434801 -1.0354358 0.00296754832 -0.222450703 0.107173152 0.106782541 0.0739050582 0.595368862 0.0179183651 0.52878958 0.331880063 -0.917034268 -0.561359525 -0.0541528426 -0.0720075369 -0.262010843 0.134039551 -0.197428137 0.105803117 0.0958136022 -0.379440427 0.900581777 0.0740010738 -0.132977933 0.139527231 -0.164223447 -0.208269805 -0.170928985 -0.0794506967 -0.591137946 0.894357085 0.185662672 -0.394985259 0.265352786 0.196063414 0.0185673386 -0.342087924 -0.244679511 -0.0141612552 -0.0309097562 0.5223068 0.0112468805 -0.923576593 -0.445361823 0.302885771 -0.387752712 -0.0116578368 0.204720095 0.348301947 0.337986171 0.219998717 -0.890090227 -0.102335222 0.0367574804 -0.0294944774 0.140388489 0.73137027 -0.277378112 1.00018966 -0.34370473 0.120293744 0.393643469 0.961911142 -0.468981445 0.401955396 -0.0967680663 -0.248140112 -0.665602446 -0.00992006343 0.539085329 -0.359968036 0.24053748 0.652453303 -0.14919515 0.26241526 0.168095395 0.961431563 0.206982419 0.700767696 0.163821355 0.3550919 0.613955438 0.326702118 -0.0746943429 0.0175613835 0.751207471 -0.197046563 0.0721433088 -0.0270682909 0.796671629 -0.0668560192 0.914042413 -0.272919536 -0.526508272 0.473764271 0.0571796522 0.00693387864 0.429854006 -0.297580719 -0.346486807 0.1352752 0.449294955 0.189012781 -0.221776322 0.0740126446 -0.198957607 0.075488247 -0.161574781 0.481373847 0.513971806 -0.0989676267 -0.577984691 -0.454023868 0.13453187 0.505539894 0.40921846 0.19226107 0.371186435 0.571527302 0.400230646 -0.121428221 0.701454997 0.112484589 0.0293118414 0.216422707 0.0945571363 -0.237203941 -0.15128769 0.000141932964 0.0924184695 0.166179255 -0.084995456 -0.0337182768 0.147949547 -1.1718055 -0.545435905 -0.221706718 -0.110433996 0.0629987791 0.192367509 -0.377807289 -0.379976243 0.0147515591 0.248304039 0.104829229 0.129473418 -0.131834775 0.406369537 0.543443024 1.35570872 -0.146128297 -0.275326341 -0.0172777176 0.84903872 0.497701228 -0.141640648 -0.18795006 -0.571088731 -0.188567266 0.315310776 -0.000219788548 0.213358998 0.610123456 -0.638705075 0.65261519 -0.529762208 -0.0948867574 -0.990095556 0.264261425 -0.239825025 0.244388953 -0.847953022 0.0790705234 0.248327479 -0.00657319138 0.245183289 -0.484207422 0.0133665884 -0.324249715 0.670057833 -0.238622516 0.224230111 0.151849821 0.0917451903 1.14263153 0.41691941 0.425203592 0.0492435172 0.0294798594 0.109238468 0.651309609 0.130485177 0.155605197 -0.204643771 -0.0644149035 -0.41061154 0.00630991301 0.0363105275 -0.383482844 -0.766889036 -0.164044559 0.690412819 0.0505397581 -0.417639434 0.149724334 0.428608865 0.785776854 -0.0290569458 -0.172355115 -0.098444052 -0.343925118 0.0352764614 -0.288262278 0.321322292 -0.847861171 0.0376851521 0.153669521 -0.198178932 0.0711195022 -0.880684316 -1.39148259 0.29553628 0.299252093 0.349016368 -0.25881958 -0.125091836 -1.01083171 -0.224563077 0.18755731 -0.469185233 0.00464380346 -0.100859672 -0.5674932 -0.483971775 0.141248614 -0.0837887004 -0.0326421857 0.260213435 0.00269116764 -0.108331554 0.413974017 -0.122210503 -0.331959814 -0.301647335 -0.1159679 0.506484032 0.500423074 0.320954829 0.0425458699 0.307615876 0.247059524 0.0570110865 0.0948721766 0.38022548 0.524848461 -0.186057717 -0.0971482247 0.523032129 -0.312060952 0.159367561 -1.34645152 0.0840543732 0.0674162731 -0.21053046 1.01334572 -0.0413294025 0.589731693 -0.217723906 0.361260027 0.498157769 -0.0813981593 -0.203351721 0.310297281 0.3711088 -0.354254842 0.254510075 -0.0137710636 -1.0089345 -0.425063223 0.229672506 -0.710346103 -0.146323979 0.0530031398 -0.861073196 -0.0302732084 -0.0780693293 -0.762749493 0.308538586 -0.0977279916 -0.0281697121 -0.372118622 -0.144991741 0.133431911 -0.0319658369 0.225733921 0.815536618 -0.36883387 0.141087085 -0.220514953 -0.299603879 -0.270654857 -0.0291184392 -0.45461309 -0.105940297 -0.236466333 -0.307747871 -0.221702322 0.768659055 0.370664239 0.300030231 0.369357049 0.127167821 0.664656162 0.109633766 -0.130680844 -0.23382479 -0.239250392 0.480977803 0.496616095 0.319442034 0.0120854191 -0.800407827 -0.178810656 0.0213614814 0.0384706333 0.283459187 0.0160140749 0.51805681 -0.0571594462 -0.0650058016 -0.556238532 -0.668806851 -0.656746268 0.13791132 -1.23179531 0.236766383 0.830318332 0.000725156453 -0.545780897 -0.0491582938 0.202059731 1.88678062 0.420857012 -0.59427619 -0.0431888364 1.21978354 0.0350166969 0.219140574 -0.144911006 -0.0646697134 -0.7075634 0.277145654 0.286852837 -0.555499732 0.90339452 -0.323303252 -0.1688613 -0.184147954 0.151843339 -0.484660953 -0.0252273642 -0.249319106 -0.602267861 -0.153227881 0.0434831493 -0.333190918 0.284941763 -0.258469224 -0.437681586 -0.176761627 -0.107381478 -1.7635566 0.173287153 -0.0253013372 0.124692775 -0.648540378 0.251514047 0.129127815 0.196581736 0.427924305 0.0729182884 0.11380022 -2.06665039 0.0602404885 0.159299672 -0.0644942597 0.0941797942 -0.0763515159 0.0671119019 -0.16559948 0.0979952589 0.332123637 0.0701232329 0.00543906027 -0.305277914 -0.171401471 -0.176741108 0.0689678937 -2.26755238 0.0225395542 -0.335072488 -0.823536634 0.0294335168 -0.469222933 0.110058762 1.17348588 0.143917799 -0.0288151111 -0.980642736 -0.146062285 -0.506545961 0.263746113 -0.133328557 0.183891758 -0.499408334 -0.0668483526 -0.192205548 -0.480384022 -0.458841532 0.512935042 0.122271843 0.0974316224 0.0496780425 0.215246007 0.0804086253 -0.177941531 0.259877205 0.0865769982 0.337225527 0.708438456 -0.807239175 0.611075699 0.342084885 -0.0318152793 0.19291842 -3.33750892 0.282922894 -0.0797841549 -0.0758242533 0.0696275607 -0.506558239 -0.0672336146 0.192732722 0.39869225 -0.334675074 0.457599103 -0.171957344 -0.121282376 -0.681139767 0.0245816205 0.0878705084 0.188296825 0.614150643 0.37481302 0.0313662998 0.50902009 -0.557256401 0.113558695 -0.0987967625 0.42991522 -0.520501792 -0.0896021277 -2.00708413 0.0273952466 0.951195955 0.310247898 0.339536667 -0.0673926845 0.208351091 0.282676101 -1.01393497 -0.268098533
tensor_linearrelustack9bias 1
-0.433157533
tensor_linearrelustack0bias 64
-0.17035608 1.13214624 0.542359352 -0.812247694 0.181988209 -0.672735691 0.824381649 -0.608160257 -0.422130048 -0.120108604 -0.852759004 -0.596824408 -0.399044573 -0.579920888 -0.482547671 0.0866231546 -0.160722777 -0.0662009642 -0.0179237258 0.528513193 -0.602027357 -0.723359466 0.750044703 -0.385255992 -0.82363385 0.185940668 0.267243117 0.765304089 -0.355023086 0.216595098 -0.160174549 -0.528756082 0.89261812 -0.594934881 0.701707661 0.162753284 0.932495892 0.167726964 0.916301847 -0.332215339 -0.362128079 -0.824082017 0.0113547472 0.054050874 -0.463685304 -0.568218052 -0.486147255 0.669792593 -0.375005186 -0.0732080042 -0.496842206 0.285563886 -0.204464376 -0.226642936 0.885953128 0.557874322 -0.047597032 -0.864597201 -0.33256802 0.0124836238 0.0610087775 -1.05894542 0.530319214 0.12763986
tensor_linearrelustack6bias 32
0.485633641 0.263329446 0.565098643 0.11510285 -0.214663729 0.963590622 0.708108723 0.375383526 0.493019432 0.505643487 0.187831521 0.0384046659 -0.91254133 0.61854738 0.145173445 0.298722982 0.128675237 0.190995663 0.540255129 0.389146566 0.475518256 0.477626026 0.447569788 0.956542313 0.189248741 -0.054575298 0.338271528 0.304756492 0.40487504 0.956033885 0.431058884 -0.449816465
tensor_linearrelustack0weight 896
0.263608038 0.337316513 0.70416671 -0.0922229514 0.269362807 0.411899328 -0.186363474 -0.275487959 0.295603901 0.28422451 0.477660596 0.0442789681 -0.387996107 -0.462468922 0.232460752 0.201152816 -0.0110686636 -0.0424579121 -0.0186586492 -0.0643123016 -0.322498322 1.05481327 0.0212331004 -0.018883653 -0.126355708 0.0825957656 -0.0338239409 -0.935077488 -0.277994782 -0.210103899 0.205095977 -0.0348299146 0.0160272736 0.921741784 0.0312059093 -0.677628338 -0.525455713 -0.139349237 0.350237608 0.0509965941 0.41885218 -0.42481181 0.182711422 -0.136404529 -0.112851709 -0.334620982 0.0673852041 -0.010501394 -0.688246489 0.0934684277 -0.394629359 0.125233725 0.466495872 -1.49911058 -0.222686782 -0.24808085 -0.0193176791 0.130891725 0.330755413 0.065064691 -0.154061243 0.0389203615 0.00832943711 -0.122410588 0.658539832 -0.0188043863 -0.542089283 1.1499877 -0.027259985 -0.204780713 0.174977645 0.341619968 -0.291967928 -0.521155894 -0.182568386 -0.0535450242 -0.474656343 0.740904212 0.479244351 -0.0650132447 -0.275576204 0.389171839 -0.573856235 0.177713543 -0.127354845 0.0977462232 0.306415677 0.0129283611 0.00360099785 0.113621145 0.113413036 0.278366476 -0.519092262 0.0382981524 0.957722723 0.0415523723 0.181396753 -1.09468973 0.234839216 -0.234849513 0.141484588 0.0759466439 -0.0890257657 0.0378299393 0.311265618 0.188328117 0.139008209 0.90573281 -0.132158324 -0.0489413626 -0.228946418 0.272500098 -0.133150607 0.107348353 -0.0289514493 0.100033954 -0.0470966808 -0.0721111 -0.375924289 0.0466034338 0.428341836 -0.0175335649 -0.593245149 1.18444955 -0.0325865261 0.103072047 -0.0399331152 -0.172117069 -0.366564423 -0.0389710888 0.211237073 0.77766782 -0.115214944 0.149670184 -0.473654419 0.0614616312 -0.565447986 0.235354736 -0.101500347 -0.0914012939 -0.0197275747 -0.123479806 -0.109933853 0.0530081987 0.134066045 -0.571045339 0.850493133 0.330947667 -0.92585057 0.0753920451 -1.13787186 0.56393218 -0.0386313051 -0.118358724 0.0548921525 0.276423514 0.138403267 -0.050846681 0.0603559278 -1.37831795 0.0702826306 -0.744539261 0.254968792 -0.0968060046 -0.013417461 0.173405379 -0.309113055 0.185157597 -0.0286286548 0.0388432108 -0.0620022304 -0.11124929 -0.399149776 -0.655007005 -1.38085294 0.689774513 0.958784699 0.0178346317 -0.849845767 -0.0873745307 0.161939681 -0.0372374803 -0.532847583 -0.0106267603 0.0689724237 -0.0217142366 -0.0377274714 0.0814858153 -0.0938599929 0.114122003 0.220581889 -1.08622169 -0.0498600565 0.0529929958 -0.174897671 -0.160540208 0.308211565 0.187187552 -0.0769297928 0.16132088 -0.169681326 -0.276420832 0.451923162 -0.980875134 -0.42982921 0.0973142013 -0.170881286 -0.12686725 0.0700128302 0.325992703 -0.826027989 -0.106829487 0.192811921 0.0438293368 -0.266218245 1.21610677 -0.115665108 0.112092741 0.0971489921 0.241214454 0.386697441 0.0537558496 0.0700728148 -0.694755435 -0.128144503 0.0124878436 0.0140667744 -0.0982391685 -0.296826571 -0.842823088 -0.586579919 0.583004832 -1.43288982 -0.0646141171 0.68189162 0.454363048 -0.0166355446 -0.106553666 0.00164730661 -0.171060592 -0.0863212422 -0.20310092 0.0347761996 0.302560002 0.0697319657 -1.14834714 -0.208018348 0.37677145 -0.0333805159 0.0897185728 0.838984489 -0.207491174 0.104573295 0.0975798666 -0.000621573941 0.0437949821 0.0706003979 -1.12962186 -0.0733002201 1.19233525 -0.576412737 0.0015672649 0.18611981 -0.0685964525 -0.139998972 0.482427448 -0.716986895 0.0741192177 -0.27138108 -0.0502753519 -0.0706835836 0.70158869 -0.415655315 0.270435512 0.467003405 0.0828396529 0.793150902 0.467428386 -0.865941525 -0.0363146663 -0.184464663 -0.144674867 -0.100211509 0.05312768 0.603726268 0.631562352 0.833216667 0.0295302495 0.0284830909 0.0495294183 0.120147206 0.0385306478 -0.0387919657 0.0153863169 -0.286408752 -0.353699982 0.250066698 -0.0415863469 0.0981196463 -0.832255065 -0.28584519 0.863968074 -0.239800349 0.0401953384 -1.00461745 0.0914867669 -0.00865454227 0.131134808 0.0701063573 0.069754079 0.0249882825 0.0933192 0.0723626763 -0.0408332199 0.133720413 0.162437424 0.248884127 -0.0376963988 0.929151714 -0.898402393 0.00421202509 -0.194938019 -0.492739469 0.180686638 -0.648958683 -0.0131664332 -0.0159952827 -0.605217516 -0.414367557 -0.21942611 0.304268241 0.300048769 1.04229987 -0.164144278 -0.0167818721 -0.0061280136 -0.0136625841 0.0898865685 -0.313512743 -0.222924173 0.200094104 -0.848761559 -1.80720329 0.0709461272 0.425487548 0.0141787287 0.141103387 0.00582195027 -0.322368354 0.20722571 0.29570809 -0.31898424 -0.0121278586 0.0729581341 0.179359883 -1.32784903 0.150463 0.844152868 -0.58600533 0.0116207795 0.0332463235 0.07672555 0.143013522 -0.0740140229 0.0436174273 0.0406915545 0.0183643587 0.131404161 0.275102228 0.493121266 -0.336110324 0.277335346 -0.975328147 0.0346915536 0.0610887818 0.798878968 -0.355041206 -0.444855273 -0.151676729 0.137213558 -0.121843524 0.0272777863 0.0475206636 0.197606757 -0.0288407393 -0.09177351 0.263360173 0.00605829339 0.731235743 -0.36620903 0.159141958 -1.04534721 0.381622761 -0.197740063 0.06570106 0.200431645 0.168242007 1.03859437 -0.355542243 -0.399191171 -0.41640842 -0.0354997702 -0.278090864 -0.505420148 0.00631789397 0.437490016 -0.418485254 0.135407686 -0.0859878361 0.246641308 0.0127815679 -0.714764118 0.0998319313 0.600080073 -0.00193955167 0.0127232894 -0.224111691 -0.205959931 0.609201193 -0.0940369219 0.36808446 0.157223031 -0.0322896428 0.138696536 0.1166749 0.509730995 0.900096178 -0.380298197 -1.49818802 -0.0397309177 -0.61718446 -0.345231295 0.112453878 0.0314045474 -0.0856365263 -0.0996317416 -0.117464975 -0.0928531066 -0.0846767724 -0.0734577626 -0.143960595 0.216592714 -0.89095062 0.0236953702 0.143211573 0.703584075 -0.00162404543 0.571833074 -0.0389177613 0.0431160405 -0.0185588393 -0.0246762652 0.00597466854 -0.527440548 -0.387839198 0.930305302 0.559303761 -0.00519597996 -0.0514800921 -0.0308994632 0.228718579 -0.439998597 -0.333582312 -0.344932079 0.235178754 0.231925011 0.0561221316 -0.0526195392 -0.409959167 0.427766293 -0.357964784 0.0737340897 -0.12349996 -0.0500413254 0.32433787 0.631427169 -0.200525612 -0.0905795097 0.00618078234 -0.00209475402 -0.0564767793 -0.424225688 -0.508837759 1.39652693 0.0835397467 0.0548236631 0.164602503 0.0373443067 0.0236931592 -0.137569845 0.196075931 -0.126535997 0.307588071 0.190353617 -0.0937511548 0.505044758 0.0864710957 -0.241448879 -0.337855935 -0.0383344293 0.418125391 0.790209532 0.00461881887 0.103610925 0.103571996 0.124497354 0.422189087 0.0706572756 0.00807441399 0.727910519 0.138399214 -0.0750036687 0.184400246 -0.0277218241 0.390673131 -0.157879338 -0.0492074117 -0.246153846 -0.247961193 0.0237372983 0.171777979 -0.26835233 0.265710562 -0.565276384 0.243298516 0.618117929 -0.82149893 0.0211539865 0.340247333 0.378648549 0.0159254018 0.0336254872 -0.0107375085 0.145881578 -0.00187857926 0.0197345018 0.00421064813 -0.0162544977 -0.0448452197 0.0206231512 1.22115326 -0.0144461114 -0.0546196699 -0.0388636738 0.0816102549 -0.936558843 0.213053003 -0.269639999 0.221469134 -0.0170185119 -0.0396775268 0.279333085 0.308964044 0.228771254 -0.736782193 0.214014977 -0.457867622 -0.344045162 0.265007347 0.499715388 -0.0094225714 0.133206844 0.161228687 -0.0122075016 0.00728620263 0.0398995504 -0.0438822992 0.218449861 -0.162566751 -0.646303713 0.0964197293 0.10741552 0.0560022779 0.16017206 0.516568244 -0.0104714818 0.0350550897 0.0891920775 0.0566731803 0.294907182 -0.870667338 -0.138360739 -0.210442275 0.0165803824 -1.2483288 0.122064888 -0.0968618095 0.00036126835 0.224444479 0.287783742 -0.106737673 -0.0316554196 -0.0323022716 -0.141027689 0.201618284 -0.142163128 -0.492994666 1.05292928 0.0781155825 0.0675561354 0.504334986 0.0610196516 -0.264729857 -0.116489887 -0.858294368 -0.258741349 -0.238615707 -0.0551278628 -0.370678425 -0.0273640454 0.807439268 -0.184621423 0.653508961 0.0172793865 -0.195699126 -0.00767303864 -0.0329177454 0.000875726633 -0.16112107 0.017801417 0.0162234213 -0.0259962473 -0.624873281 -0.257524312 -0.302846223 0.00241016806 -0.536726296 0.46933642 0.715175629 0.481161475 -0.0937484205 -0.192409679 -0.480489403 -0.602040887 -0.212017104 -0.80109334 -0.426301271 -0.322583973 -0.0580389947 0.104077734 0.424694598 0.273454726 0.503512561 0.366676122 -0.143121362 -0.0370349251 0.0978627354 0.115684181 -0.816955268 0.203212827 0.63530159 -0.342094392 0.543685317 0.151290193 -0.247349158 -0.07381244 -0.306956083 0.488870561 0.256150663 0.311957121 -0.410915434 0.0382375754 -0.0561649874 0.826038122 0.0563674718 0.136489555 0.158174276 -0.0477751344 0.47783199 0.153293803 -0.783101678 -0.732279003 0.00752596138 0.157125026 -0.0235511586 0.254809409 -0.129106745 -0.242449775 -0.0970968828 0.1828603 -1.37008595 -0.0341057181 0.770540893 0.926302493 0.381733954 -0.0123048862 0.291129351 -0.0337451212 0.109436333 0.109207362 -0.0568725727 -0.421040654 -0.233932361 1.08074212 -0.76210165 0.0345181674 0.281085581 -0.788640141 0.26789552 0.12364541 0.292688847 -0.432417274 -0.599915147 -0.0832028911 -0.176075071 -0.0142636867 -0.237031907 0.152528256 0.0523498803 0.270187765 -0.512349486 -0.0623248294 1.04736793 -0.116398774 0.178032532 0.0572402962 -0.158208087 0.0841253325 -0.10341803 -0.595845819 0.729950845 -0.185138658 0.652241528 0.026125256 0.951562226 -0.992570698 -0.0130795911 -0.00996781606 0.319891691 -0.116569802 0.0864164159 0.149811357 -0.0570126064 -0.237304375 -0.105446525 0.128797516 0.0333398767 0.099186033 0.523500741 -1.68276906 0.136450186 -0.654633045 -0.0126820561 0.0447237752 -0.0633303821 0.116010219 -0.0476450175 0.0473416224 -0.00335105392 -0.302296042 0.886418819 -0.720021844 -0.367092222 -0.277116716 -0.450811684 0.187443107 0.0273925159 -0.0566178188 -0.0059816381 0.0386885852 0.036577642 -0.0585421547 0.0822012126 0.0806504935 0.825007677 0.0188715719 0.262104869 -0.303091079 -0.00160247879 -1.26946723 0.304779708 0.32630977 0.207004011 0.0249132086 -0.0104834409 -0.184881583 0.242903471 0.623465419 0.0646907538 -0.0243473258 -0.409931839 -0.510795951 -0.20287621 -0.0271004308 -0.103444092 -0.000997845316 -0.267768562 -0.279500186 0.589174271 0.147881895 0.500941336 0.0459562056 0.698519349 -0.0726665407 -0.184075907 -0.0712010637 0.262230098 -1.09297323 0.0502044074 -0.0187473055 -0.0285043269 0.0290780012 0.0200782362 -0.108467691 0.259203583 -0.00288506481 -0.717368066 -0.00220556767 -0.0847483426 0.130275249 -0.54898417 0.767682731 0.184252247 0.729305983 -0.0542900562 -0.00729691284 -0.0486369804 -0.578660607 -0.286973834 -0.388547659 0.437062293 0.413709551 0.0108410921 -0.167377695 0.523324668 -0.0475375876 0.0510793515 -0.212138996 0.262353271 -0.0160097219 0.0605139062 -0.686624825 0.201012269 0.645510077 -0.753613412 -0.148262277 -0.255475402 0.516082168 0.286347568 0.338441193 -0.0424330942 0.12708731 -0.0430918336 0.222891957 0.197220027 0.5595209 0.292488456 0.10959699 -0.25078997 0.0197370537 -0.0373416133 0.621884584 0.37706241 0.145980805 0.219983578 -0.0924355313 0.10456571 0.0168503057 0.075265035 0.795079768 0.549309254 -1.4551208 -0.760490358 -0.00142042059 -0.270349264 0.0664468557 -0.084449999 0.439928979 0.178052142 0.33494854 -0.0202495251 0.0028886206 -0.00805582944 -0.984735727 0.842202902 -0.11027202 0.512002468 -0.156371683 0.429324627 -0.297328651 -0.181266159 -0.65739733 0.813251138 -0.0111897169 -0.175612628 -0.312736094 -0.0352579504 -0.317771524 0.358558059 -0.407034039 0.807206273 0.0291762426 -0.625551879 -0.0836224183 -0.451880753 -0.330280989
