tensor_linearrelustack6weight 32
0.243400589 -0.267589986 0.466881633 -0.278017759 -0.184476763 0.277483165 0.264319062 0.298206955 -0.204116181 -0.477260381 -0.193260267 0.43246448 -0.0944937766 0.257393956 -0.134038284 -0.171853438 0.378292233 -0.12514396 0.440005898 0.202305153 -0.115149081 -0.135365501 -0.0927722454 0.270625561 0.376278192 -0.181584716 -0.0895674899 -0.203712434 0.242950395 -0.121699348 -0.308282286 -0.289165556
tensor_linearrelustack3bias 32
0.0906248167 -0.956413388 0.43324548 0.863710225 0.693783581 0.233770445 1.58688211 0.513185084 0.590317845 0.26376 -0.101470634 0.859160662 -0.514741004 0.474861354 0.694344938 0.91260463 -0.131443188 0.457016945 0.250177056 0.333239943 0.0277994182 0.686464071 0.0944779441 1.13026774 1.55521369 0.778389394 0.53111583 0.283073246 0.323523819 -0.364560246 -0.464173317 0.542277217
tensor_linearrelustack3weight 2048
0.0506414957 0.093318224 -0.0475276299 -0.959870338 -0.0637287349 0.163911298 0.0562680252 -0.197327584 0.107515879 -0.305393666 -0.114648156 -0.123703063 -0.229039967 -0.768145978 -0.00562196411 -0.729713738 -0.476071745 0.0176891666 -0.144000113 -0.0326568857 2.39462399 -1.72862232 -0.135827377 -0.0271671098 -0.057808198 -0.283576548 -0.478926986 -0.8882218 -0.0458436795 -0.372456342 0.0931327641 0.0359570198 0.159740135 0.0456716567 0.293536931 0.0200969875 -0.59541893 -0.915041029 -0.253419906 0.356035233 0.183375537 0.258413106 1.00014246 -0.894366086 -0.297350138 1.03778791 -0.588882387 -0.310788304 -1.73638773 -0.141548768 -0.129560471 -2.24164271 -1.51540172 -0.665466905 -0.567219377 -0.00361448294 0.0702496469 -0.177742615 0.898894131 -0.0493257903 0.0153739899 0.4101367 0.10643965 -2.86998057 -1.12881052 0.101603098 -0.43055436 -1.71188641 -1.29304719 -0.379117697 -0.506693542 0.142500445 0.170907691 0.1363841 -0.165131137 -0.588304877 0.226800799 0.0301113967 0.501263678 0.12303514 0.574664176 -0.251692772 0.548794866 -0.0326969139 -0.868369341 -0.00760955084 -0.441130579 -0.152458787 -1.27379322 -0.426928043 -0.676240563 0.52521193 -0.385106474 -0.627553344 0.0184256528 0.278509349 -0.34572494 0.824920177 1.03839338 -1.17407405 0.399176806 0.489170939 0.17078869 0.304835498 0.148216262 -0.0122835655 0.246262372 0.331231087 1.11266148 0.0613859631 -0.0628632158 -0.210386872 1.09220791 0.0526352786 0.394853473 -0.643908918 -0.206426129 0.245689958 -1.7386024 1.12696111 -0.730319798 0.066541113 0.118017502 -0.377118796 0.200873852 0.41964066 -0.233423829 -0.376169533 -0.197918236 -0.103880644 -0.170853987 0.295202017 0.220807791 0.638425231 -0.172904804 0.316818953 0.47958988 -0.22558248 -0.386966228 -4.88223791 -0.127239481 -0.0765310228 0.286583155 -0.352447093 -1.2691958 -0.25957939 0.946453989 -0.188006923 1.46812963 0.844769239 -2.61663556 0.254642546 0.0262894072 -0.104209803 -0.659362316 -4.5037899 -0.501938879 -0.44380483 -0.132844463 0.0196662005 -0.400428146 -1.93349946 -1.70834923 -0.192018464 0.448796779 -0.288535357 -0.266193718 -0.0148224197 -3.69611645 -0.0720217228 -0.565143406 -0.0291693211 0.62984997 -0.213453084 -0.398287892 -0.477990061 0.123372398 0.0763742328 0.221850634 0.502365232 -0.292519391 -0.133139238 -0.14363724 0.166420653 -0.035470549 0.211920038 -0.179292619 -0.346145898 0.033465609 -0.276787758 0.356734097 -0.953114569 -0.1545901 -0.365056276 -0.509454489 -0.339951307 -0.0247294754 -0.262269437 0.533159196 0.190623924 0.184758574 0.278901905 -0.109875999 0.433041364 0.42915386 0.760445893 -0.0297650322 0.295998067 -0.24153246 0.420642138 -0.181251228 0.137405559 -1.12925875 -0.260537624 0.0398243219 0.0943658277 -0.239118621 0.687614024 0.72094053 -1.61223042 -0.29591769 -1.85709047 0.00957600959 -0.30514583 -0.16708748 -1.19706869 0.478441924 0.047019206 0.223837018 0.113008708 0.0802023634 -0.0553073771 0.0490814447 -0.343867421 -0.0764415041 -0.386437863 -0.530147314 -0.243521094 -0.353410512 0.322167426 0.144668281 -0.357094765 0.102014758 -0.452991843 0.408140481 -0.505569994 -2.30940604 -0.430292159 -0.0904872343 2.00253153 -1.6690042 -0.258672535 -0.387320399 -0.610037148 -0.365556628 -0.117962778 0.149817854 -0.385774672 -0.679085076 1.15301073 -0.133247986 -0.0128571065 -1.43042767 -0.788742602 0.227694795 0.0549767502 -0.336537212 -1.73448861 -0.295469761 0.87291348 0.860900402 -0.553609014 -0.570736349 -0.000105464162 0.0495495871 0.12881723 -0.95511651 0.106968947 0.797988355 0.0685812235 -0.0365171842 -1.1171757 0.0313481241 0.559792995 -0.306623757 0.25081864 -0.183073178 0.074389413 0.0532166474 -0.418885022 -0.243634641 0.0774857104 -1.20941734 -0.407761544 0.609108388 0.2024187 -0.0378843918 -0.498610258 -0.178422764 -0.342579216 -0.367811769 -0.444745779 0.217249393 -0.21700047 1.15022671 -0.844981313 -0.20461522 -0.850706458 0.75949657 0.077345714 -0.0784236938 0.100352667 -0.604176342 -0.283023179 0.523229122 0.249760181 -0.0964151621 -0.678745151 1.83587611 -0.14451164 -0.432019711 -0.322253853 -0.119904242 0.724030554 0.117416136 0.0316721424 -2.89154267 0.350587636 0.631314456 0.306134701 -0.0984675661 -0.462957472 0.0811210796 -0.0890811756 -3.11269879 0.266626596 -0.0880580097 -0.34687826 -0.0946433768 0.112274982 0.197700158 0.253414214 -0.376139998 0.150446072 -1.57010221 -0.876400948 0.665016592 -1.04067588 -0.27516222 0.63409996 0.136891544 -0.191948876 -1.30920875 0.57687825 -1.9729625 -0.147520825 0.410983175 0.882481992 0.425027698 -0.463059038 -0.174662977 0.874499202 -0.0379435234 0.0436016805 -0.24412939 -0.443014383 0.532432318 0.158949301 -1.04885364 -0.290940017 -1.99069226 -0.606924415 0.247552276 0.339931101 -0.790711641 0.362210304 0.350674957 -0.305660963 -0.264954746 -0.1915344 0.0551735833 0.467383236 -0.215574279 0.82676661 -0.609299839 0.217521206 0.195696384 -1.97648907 -0.0169469062 -0.215027437 -0.270709366 -0.638767302 -0.665940523 -0.259303451 -0.0243788287 -0.38797912 0.119352892 0.0528794006 -0.9878214 0.236141562 0.20532012 -0.469890952 -0.0112104155 0.00436762022 -0.226866946 0.489932984 -0.318152457 -0.378232807 -0.781557918 -0.59196651 0.417439699 0.676370859 -0.12135525 -0.103798099 -1.1688751 0.491492093 -0.0972770602 -0.327472538 -0.0619656853 -0.0247635003 -0.480640829 -0.670475125 0.7317155 -0.142109826 -0.295860887 0.100255348 -0.219213396 -0.146397069 0.149334133 -0.0975138247 0.194517419 -1.22916484 0.264172345 0.475638956 -0.66476059 0.0646380633 0.253089309 0.114870302 0.106251098 -0.48998633 0.0314029716 -0.158487439 -0.324246526 -0.164828256 -0.0800037831 -0.488839358 0.195581913 -2.26540089 0.0723634213 0.285879433 0.473443091 -0.0617741123 -0.180565178 -1.39649165 -0.00208302285 -0.255601108 0.467423201 -0.203368738 0.00440652855 0.273064524 0.198998064 -0.495864719 -0.0352325216 -1.09608936 0.0898377597 -0.0535538942 0.35786888 -0.33434993 0.509493291 1.40381896 0.486155033 -0.0576472059 -1.06656611 -0.527639449 -0.421020001 0.231573179 -0.237944454 -0.462617844 0.444404721 -3.51687956 -0.140529722 0.357967466 -0.723912179 -0.230163217 -1.26507306 -0.343900234 -0.373173445 -0.0747190043 0.192654133 0.0950541869 -0.0343667641 0.350992382 0.34150663 -0.159115568 -0.253391266 0.189417273 -0.662417948 -0.127333984 0.213156998 -1.9899236 -1.20324981 -0.356988549 0.724950314 0.181070045 -0.186802775 0.687710822 -1.19190693 -0.0771942288 -0.358526379 0.154193982 -0.303114265 1.14207172 0.56163609 0.0262988955 -0.188375339 0.5028705 -2.92599821 0.157286182 -1.27468121 -0.246398181 -0.265069634 -0.512027264 -0.196054965 0.217283636 -0.542177558 -0.895380199 -0.476899296 0.00273623853 -0.114608623 -0.581200242 -0.324276686 0.240651071 -0.762290716 -0.105565958 0.198137283 -0.302231371 -0.132538795 1.23396254 -0.0336613059 1.94245422 -0.596873462 0.292871952 0.132353738 -0.216745913 -0.134535879 0.0477318801 0.545948207 0.0190757159 -0.0857081115 0.0374023579 0.693061471 -0.507632077 -0.131725013 -0.149275914 0.0280850455 -0.0180452671 -0.121241488 -0.427403569 -0.498696864 -0.232100323 0.790624261 -0.531791508 0.0170870218 -0.183435842 -0.123138912 -0.85296917 -0.494494617 -0.461882502 -0.414607525 1.29369152 -0.00366203091 0.212386668 -0.10562472 0.138497055 2.02362943 -0.40940848 0.193348691 -2.11805773 -1.17148721 -0.368656158 -0.290445179 -0.131720886 0.0781240836 0.213737383 -0.0557704009 -0.167964786 0.0699098036 -0.258050501 -0.0988561437 -0.0216604192 0.4609797 -0.656189978 -0.205694079 0.0472633988 -0.0157150719 -0.0552532263 -0.0375066847 0.550137401 0.0294859633 -0.0726827309 1.14145064 0.224758059 0.174596593 2.8546567 -4.40572548 -0.00555946631 -0.070460625 0.0316095091 -0.0179618821 -0.742718041 -0.106979452 -0.559083819 -0.351742208 -0.311824113 0.224966377 0.137297854 0.170736417 -0.206470296 -0.365108073 0.14587225 -0.0185443312 -0.354006052 -1.79556119 -1.93703163 -0.0388969518 -2.28757715 -0.685584486 1.44864178 -0.195100561 -0.0829720199 -3.91786623 1.1800549 -3.17519927 0.727550924 -0.404312164 0.0962024704 -0.126228467 0.00723646535 -0.0131008606 -0.483015478 -0.55394882 0.145795882 0.0886324719 -0.3654809 0.102254435 -0.41620937 -0.268776745 -0.334025264 0.524570584 0.173808023 0.403431118 -0.139224261 0.110200644 -0.0604797378 -0.0194279328 0.0324318707 1.08542502 0.0538358763 -1.43131161 0.441905946 0.910389304 -0.857673287 -1.37834263 -0.415893167 -1.16047764 -0.825699508 -3.16714668 0.381549358 -0.222071305 -0.456324697 0.449214458 -0.152583405 -0.0273181479 -0.201093003 -0.884298384 0.304363012 0.317578465 0.894933045 -2.07390642 -0.0891688615 -0.328040719 0.358707368 -0.542521119 1.34569275 -1.25989962 -0.174704224 -0.685685456 0.684298277 -0.348310947 0.033918187 0.120898031 0.15201202 -0.45943442 0.287658483 -0.0160378609 -0.516084969 0.282164514 -0.0125386594 0.140712425 -0.211475074 0.25082624 -0.384605557 0.384560704 0.606246948 -0.609482527 -0.012538095 -0.168360069 0.19910717 0.0661992058 -0.0875641331 -0.228144422 -0.364386946 -0.128763452 -0.208246708 -0.449766219 -0.122432329 0.254641116 0.12363521 0.565579951 -0.859673858 0.535535038 -2.57832575 0.0702450201 -0.71039325 0.0487278514 0.230692327 0.158431292 0.272506624 -1.60010028 -1.09583461 0.21005477 -0.0588351712 -0.94497478 0.636297822 0.351755828 -0.170339286 -2.94395041 0.427993298 -0.844071507 0.785995305 -0.733211875 0.301195353 0.205967456 -0.52923274 0.0584614463 -0.532095373 0.0318053104 -0.654592633 0.449768871 -0.150128618 -0.0690839589 -0.326752186 -1.36414182 -0.0681109577 -0.182142809 -1.44729686 -0.0905342251 0.271953046 0.295633912 -1.60018432 0.164243788 0.135381073 -0.0136463679 -3.52951956 -0.0829957575 0.222453386 -2.40058541 0.161536157 0.469901592 -0.0225529056 0.0922523141 0.339169472 -0.0928117037 -0.324612737 -0.155079082 0.103589386 -0.0923803821 0.353386432 0.066980049 0.713872373 0.850618899 0.405089527 0.164666578 -0.409454167 0.180391282 0.0766432956 -0.19310388 0.200163782 -0.498086929 0.582311392 -0.0999293923 -0.0591811426 1.58869839 0.723336995 0.253694326 0.152710587 -0.460708499 1.03560853 0.221712872 0.310345411 0.825972497 -0.375599802 0.61548233 -0.0165498219 0.0129391961 -0.144663066 -0.0133871362 0.117322482 0.155049652 0.127938032 -0.00873928983 -0.0424044132 -1.13035178 0.0641478822 0.176064134 -0.0943143889 -0.100724705 0.00442702696 0.307191163 0.809956372 0.189056009 0.0693973973 -0.788186729 0.777047634 -0.276650727 -1.27790201 -0.394960076 -0.357304901 0.173567668 -0.112996422 0.255576164 0.669660747 0.222831398 0.298278481 -0.0540168732 -0.0633729175 -0.262078822 -2.64748406 -0.324205518 -0.664098203 0.416296721 -0.320590138 0.0607140549 0.44133535 -0.621619999 -0.637433648 0.605895281 -0.750040233 0.0370222926 -0.383165359 0.192270502 -0.702289879 -0.48304224 0.73261857 0.122855403 -1.1529274 -0.531555951 -0.27500701 0.278683513 0.0709878579 0.169137672 -0.383292407 0.509661019 0.474634558 -0.652405262 -1.32676816 0.158833474 0.136006936 -2.32360148 -0.411459625 0.0315756388 -0.0295835901 0.111184821 -0.644326866 0.0388349444 0.263275981 0.515342832 0.106603988 0.376157135 0.812455595 -2.21123719 -0.332379162 0.0780124292 -4.03253078 -0.614810348 -0.42709294 -0.423302472 0.607275605 0.270390719 0.107128277 0.622570515 -0.493626922 -0.144076765 0.621441901 0.409438908 -0.589017093 0.0171507988 -0.140475899 0.16710864 0.0809390023 -0.644402862 0.32221356 -0.0591722503 -0.0115194265 -0.250370711 0.261784136 -0.192120388 0.44320333 0.214951605 0.00698191579 -0.408927828 0.027028339 -2.04528594 0.271037996 -0.568210781 0.247723624 -0.385379702 0.075989455 -0.140695304 -0.257488579 0.7456581 1.02831006 -0.13738592 -0.596722186 0.121998198 1.73234391 0.118503101 0.228528693 0.0485558808 -2.08091044 -0.217143342 0.462387979 0.353005946 -0.0169365015 0.271774739 -0.0295017827 -0.28603974 -0.0625373125 -0.823803961 0.375096351 -0.393290102 -0.38920933 -1.10593045 -0.328300327 0.848996341 -0.00840986799 0.0458257236 -0.176744059 -1.9166435 1.26566064 -0.10050898 0.0660458505 0.251415312 -0.462438077 0.0612443909 0.199298516 -0.813171148 -0.623477578 -0.407819808 0.239758924 -0.294278234 -0.0292248577 -0.285339385 -0.4407776 -0.996274948 -0.146124393 -0.194574907 -0.318434 -0.248197407 -0.752596617 0.0131547358 1.63680959 0.351822585 0.615320385 0.401253641 -0.0758351535 -0.182575122 0.31586805 0.343547374 -0.31712842 -1.33741844 -1.2304002 -1.58554971 -0.478561938 -0.193752736 -0.83759588 0.577106118 -0.574108362 -0.124304436 1.44170499 -0.0693749413 -0.355233967 0.0047650421 0.221984416 0.661083281 -0.067994304 0.578326821 0.171517506 0.102003597 -0.319916934 0.282689393 -0.319509745 -0.406299293 0.581117272 0.427623183 -0.137432411 -0.147056878 -1.00247574 0.862735391 -0.4407233 -0.521066487 -0.277192354 0.346663177 -0.278542876 -0.242756441 0.488725692 0.0482981727 -1.40171981 0.173804998 0.301849931 -0.272805363 -0.147182897 0.582631469 0.627130985 -0.238812253 -0.159411997 0.205099434 -2.44145441 0.512767434 0.100596271 -0.246671826 -0.120571084 0.360403419 0.170266211 -0.286640346 -0.761387229 0.324902207 -0.0551925898 -4.84381866 0.11688409 0.301781148 0.00619551726 -0.173958987 -0.0320408903 0.550420284 -0.713369071 0.219657868 -0.0705502778 -0.470290393 -1.00810075 -0.494814217 0.687329471 0.335671663 -0.489643216 0.278927982 -0.129732877 -0.0787813142 1.14270639 0.254441231 -0.617450953 0.723387778 0.29056266 -0.213225856 -0.164878145 0.0166228488 -0.523876429 -0.193356439 0.74293381 -0.331520647 -0.201518595 -0.654686451 0.440263182 -2.76171708 0.259088755 -0.794110894 0.530843437 0.812657833 -0.167550877 0.413298726 -0.6068542 0.107832648 -0.353550673 0.239058778 0.0687128231 1.6390996 -0.218016699 -0.185848117 0.148821428 -0.503861308 0.00592009909 0.0722912475 1.46678627 -0.193036363 -0.0252274144 -0.381471097 0.635840356 -0.121185601 0.228168935 -1.31718206 0.632091522 -0.464766115 0.0171791073 -0.0362563431 -0.353529483 -0.509612441 0.532776535 -0.256353259 0.135380641 -1.67976344 0.650721014 -0.268231064 0.727341533 -1.08849239 -0.148744524 0.283850968 0.0211133119 -0.385364562 0.326494724 0.0794751048 0.197424263 -0.0652951151 -0.870364964 0.251285493 -0.28110075 -0.447375834 0.609526396 0.0762716904 -0.13665849 0.153270319 -0.0563608073 -0.297005713 -0.53718698 -0.489497691 -0.178852797 -0.524243414 0.24814938 0.765446961 -0.285452932 0.796370804 0.207013443 0.307396024 0.239746153 -0.0716178715 -0.686405361 -0.0473482236 -0.151511461 -0.0910555124 0.00852346513 -0.0808549225 -0.0908419713 1.22181237 -1.00373292 -2.13585734 0.204602733 -0.302238107 -1.10465026 -0.0258659553 -0.0937323198 -0.137249768 -0.395390928 -0.376335561 0.527806222 -1.88754714 -1.14654124 -0.146506697 -0.0449414216 -3.91218615 0.163140491 0.919540346 -0.455442607 0.325098664 -1.56354797 0.18364498 0.709533155 -0.0196528416 -0.79437387 -0.622258842 -1.68722737 0.434863985 0.679001212 -0.71800977 -0.196392491 -0.0114242518 0.310311019 -0.247118622 -0.0778340623 -1.04643643 0.24129428 -0.153091371 -0.443941742 -0.165375814 -0.217210472 0.0398214348 0.47098577 0.220922261 -0.89734906 -0.593745887 -0.758187294 0.153736174 -0.0679574087 -0.11973004 0.0690074489 -3.15085936 1.00044787 0.684880376 -0.07384222 -0.594170272 -2.12469006 -0.317556262 0.232695162 0.109796368 0.223153383 0.203972548 -0.294858247 -4.0229888 -2.19076991 -0.239254698 0.910041571 -0.461540997 -0.650715947 0.341826946 0.219526023 -0.722776055 -0.339784294 -0.0366266593 0.324976265 -0.21822606 0.624850273 0.796301961 -0.286508113 0.475044578 0.761573195 0.0455251671 -0.104152866 0.00134427077 -0.231081694 0.909130752 -0.965628803 -0.0844306573 0.0254219156 -0.835841119 -0.59946686 -0.273240149 0.387317538 -0.288740098 -0.327936858 -3.62560558 -0.164805174 0.29417634 -0.319001019 0.617575347 0.0496580712 -0.976048708 0.345464051 -0.355983943 -0.577870309 0.0720569789 0.757146955 0.115728609 0.223664045 -0.2200405 -0.311174244 0.225260347 -1.3809998 -1.08515763 0.102412209 -0.428756595 -2.53671241 -0.703769267 -0.0312326625 -0.434813142 -1.71396792 0.0730871558 -0.153121874 0.489092976 -0.0343488418 0.354088426 0.414685071 -1.388147 0.492488503 -1.23583794 0.167595327 -0.0500307605 0.517154455 -0.197379291 0.299713403 0.000269476674 -0.524893105 0.508071125 -0.349504143 0.680271387 0.573291063 0.47199586 -0.171046987 0.396616131 0.406120479 0.0677477568 0.665660322 -0.158830419 0.226431727 -0.255399048 -1.09907103 -1.82753396 -0.316262662 0.470414937 -0.362054586 -1.00197566 0.863621116 -0.263325661 -0.705705285 -0.308770597 0.194089264 -0.18357937 0.228352815 0.0523668341 -0.11134617 -0.425340444 1.05688775 -1.6478194 -0.292966306 -0.286113918 -0.15514341 0.484258831 0.398545355 0.246141165 0.138782546 -0.062639758 0.0873785987 -0.339656502 -0.18772915 0.0136070065 -0.133508444 0.160477862 0.781208992 -0.330033451 0.244474724 0.124020547 0.0362321325 0.19391866 0.280004114 0.259759486 0.735812783 -0.430405289 1.5240109 0.5443663 -0.148218617 -0.427393049 0.0660434216 -0.123810202 -0.367872268 -0.290525198 0.201557264 0.119410314 0.320740551 0.0529552363 -0.0961963981 -0.0262938552 -0.628806114 -0.524695516 0.29567048 0.359675556 0.314944983 0.0898453966 -0.0474904738 -3.18198848 0.575469911 0.170248374 -0.19103168 -2.28971338 1.18606377 0.0377373844 -0.685975313 -0.809234977 0.267889529 -0.0936652869 0.455372274 0.0926945359 -0.606094122 -0.0942923576 -0.745862246 1.21918535 -0.124412492 0.199669898 0.545880795 -0.175138459 0.0298223905 -0.338751823 -1.28023875 0.17199935 0.0139174033 -0.244671971 0.0856003687 1.15845037 -0.105302416 0.656099975 -0.130265474 0.343263835 0.137577757 -0.512888968 -0.484530151 -0.592724502 -0.0928933695 -0.0513330027 -0.0238866415 0.0136661064 -0.180796787 -0.713464975 -0.329663455 -0.259242982 -0.197418526 -0.00870426092 0.953438759 0.085634172 0.462907642 -0.343934476 0.22831431 0.53714478 0.601665556 0.6277318 0.114159539 0.575651228 0.0192224029 0.548242092 0.0394968279 -0.0284686126 -0.0924948305 0.130337164 -0.0305288266 0.0188588835 0.763710558 -1.37971544 0.27821219 1.37238324 0.0730422363 -1.48370206 0.532752633 0.202960879 -1.31479979 -0.0462284684 0.0945647657 0.0469922572 -0.31477353 -0.0243959092 0.174356207 -0.257058024 0.346385002 -0.952986002 0.41798839 0.243414298 -0.17508696 0.133610457 0.289617091 -0.303110749 -0.127611011 0.132228777 0.855006993 -0.570936859 -0.0906685591 -0.718945205 0.444359541 0.868976355 0.285319239 -0.692444205 0.519765913 0.191625878 0.482094735 -0.0791888461 0.0884442404 -0.234532952 0.302707851 0.383445084 1.09054232 0.57678932 -0.0821205676 0.461329013 0.0186890494 -0.40381977 0.0559382811 -0.359434664 -0.460738719 -2.34225535 -0.387819052 -0.565999925 -2.13794065 -0.106301747 -0.195680052 0.029033538 -0.0608925894 0.493567646 0.138432875 0.0154436203 0.0500905551 1.17624474 0.132389247 -0.0968789458 -0.243078619 -0.325196266 0.0731081292 -0.409266353 -2.40329099 0.0613725707 -0.0996249095 -1.93570817 -0.154730543 -0.171668127 0.0889444873 -0.192035556 0.653752089 -0.0443372875 -2.59727383 -0.314303637 -0.00881832931 -0.330353528 -0.162665218 -0.614767671 -0.492869586 0.629405022 0.296946138 0.362230748 -0.322513789 -0.0334775336 -0.128950059 0.0531436428 0.144396454 -0.469597012 -0.249783084 0.303899318 -0.096469678 0.0132612269 -0.295641571 0.175673038 0.249796987 0.095236294 -0.680149019 -0.459221065 -3.83756065 0.323352814 -0.156654567 -0.0536725968 -1.33946896 0.180606321 -1.30980802 -0.0465967283 -0.593173504 -0.224686176 -0.135845587 -0.00016784601 0.793794155 -0.0547763482 -0.0459036194 -0.353824466 -2.16467214 -0.307064712 0.155075982 0.359286606 -0.342411041 -1.50443745 0.170712262 -0.0384119488 -1.03426361 -0.211476758 0.604850233 -1.33243406 0.312333614 0.0881150588 -1.83645177 -0.538274646 -0.261470586 -0.27094546 -1.11627698 -1.08391988 0.854357004 0.00772608072 -0.51371789 -0.358831257 -0.0348238163 -0.0883951336 -0.160047799 0.280211985 0.106214382 0.662219405 -0.0686469823 -0.0864343345 -0.980960011 -1.80204928 -0.0414724201 0.213580444 -2.19688296 0.000693904236 -0.000976036245 0.231507808 0.153493896 -0.143803224 -0.128846064 0.159648389 -0.641140878 -0.5757792 0.140192494 0.281820416 -1.82649219 0.315094024 0.227908686 -0.127841622 0.472750276 -0.155048087 0.803966284 0.218962789 -0.428394496 -0.0100117195 0.264812708 1.20478225 -0.764999509 0.61230427 0.106956892 -0.779973269 0.0694486871 -0.143418431 -0.121397801 -0.0174224991 -0.351217002 -0.196302876 0.192097098 -0.567463577 0.446924955 0.295691133 -0.34382838 -3.7079947 1.32104754 0.119647056 -2.24375033 -0.111596987 0.230904013 -0.457082599 -0.108204588 0.129487902 -0.306367934 0.118394062 0.179339856 -0.669058144 -0.129389152 -0.512567997 0.187183991 -0.0824848935 0.313190401 -0.0879749656 -0.00368632935 0.0211590696 0.604254425 -0.488872826 -0.100090273 -0.148132786 -0.595292866 1.10000622 -1.01132631 -0.283466637 -0.0496491492 -0.199738011 0.208656088 -0.605644047 -0.17781876 0.217795625 -0.106751688 -0.401254773 -0.129318461 0.515205145 -0.216161609 -0.104643583 0.0744798705 0.0249663927 0.384350657 0.404022962 0.823336363 -0.333023876 -0.360087603 -0.3373864 0.609763563 0.108476385 -0.000793710002 0.114545815 -0.113013044 -0.269185632 -0.399389803 -0.583391249 0.00512592541 -0.28582713 0.332447678 0.00629174011 0.0748809427 0.512874246 1.26476634 -0.536913216 0.441884279 -0.330413282 0.278389394 0.00477580866 0.277715653 0.27232185 -0.826209664 0.481099784 -0.0839179084 0.245453104 0.0853969827 0.180949375 0.330997974 0.144728482 0.166995287 -0.301131457 0.0410372168 -0.979986489 -0.0792640075 -0.0989921764 0.368871242 -0.53663218 -0.12120536 0.343666226 0.454396725 -0.00707234442 0.564566791 -1.06141257 1.41670656 -0.426963031 -0.190978482 0.266081959 -0.15618515 0.171038881 -0.245296091 -0.359514117 0.694733977 -0.591808915 0.124178953 0.077127032 0.29397437 -0.47364229 0.194738835 0.81251049 0.486156672 -0.0747828707 0.381872773 -0.177954435 -1.25167811 -0.277562946 -0.205140159 -0.013770151 -0.393235743 -0.732985795 -0.436098456 0.43272981 0.310541362 -1.67147803 -0.567320406 -0.183631897 -0.0882186964 -1.78366566 -0.304828435 1.01538718 2.63139987 -0.819277227 -0.221743494 0.278122514 0.117637604 -0.534932315 0.161168426 0.612600148 -0.77791214 -0.09389323 0.275640041 -0.766066134 -0.53333658 0.350393713 0.236766323 0.00981567521 -1.53707087 -0.416517764 -0.390619636 -1.48851204 -0.539505303 0.314597338 -1.50545108 0.272261411 0.24185437 -0.478791505 0.175906569 -0.428452343 -0.220848709 -0.0382439382 0.415741146 0.0491898693 0.356080562 0.197525382 -0.295116067 0.875871599 0.620443583 -0.401215971 -0.518338323 0.0873830989 -1.21415555 0.455758899 -1.47654653 -0.469605714 -0.165823191 0.124855362 0.0944747031 -0.0927147418 -1.7658031 0.259027004 -0.0101157641 -4.16966152 -0.431478292 -2.22145772 -0.0997459441 -0.74833709 -0.644661546 0.416526973 0.482554764 0.0174188167 -0.354214072 -0.310431063 0.820224047 -0.201703176 1.73642516 -0.19011113 -0.24046059 -0.15484114 0.254201293 -0.107335933 -1.24668181 -0.610109031 -0.136842549 0.383352518 0.58890748 0.177627817 -0.185209736 0.432435542 0.717479289 0.297786415 -0.643757403 -0.402623177 0.867453158 -0.597076178 -0.407964915 -0.820765197 -0.51096344 -0.329907805 -1.08863604 0.441725105 0.1986195 0.135340229 0.38487944 -0.132118553 -0.248450994 -0.162505552 -0.154448375 0.343683064 -0.0824001729 0.8140046 1.11831129 0.0396212004 -0.0482125655 -0.0815994516 -0.479219109 0.151598155 0.612235487 0.2111644 0.0895195529 0.158577979 0.119676642 0.748687565 0.838207603 0.89658457 -0.416737199 -0.028961936 0.463679612 -0.184800118 -0.752970636 0.0753423572 -1.07040608 -0.898634732 -0.532631278 -0.607213795 0.105877429 0.489391536 0.319602102 -0.803782701 -0.884250104 -0.138146967 0.274275035 0.0446633175 -0.176814333 0.102338612 0.65209502 0.332237959 -0.186251119 0.388395816 -0.284293711 -1.14753151 0.350840658 0.996463299 -0.169241741 0.176870525 0.124728985 0.653093159 0.126895055 0.101378724 1.10070598 0.145827636 -0.111166596 0.0256745778 0.718103886 -1.71253812 0.104191326 -0.478707403 -0.237037718 -0.0764106736 0.833464265 -0.635047972 -0.442633092 0.173478901 0.709179461 0.435184687 1.2218653 -0.169120356 -0.0635791644 -0.117638789 -0.597760499 -2.60002303 0.314250886 -0.279053271 -0.097239688 0.0346153751 -0.129462451 -0.289141268 2.3896718 0.00467357412 0.285417855 -0.685022771 -1.22475004 -1.897995 0.0150134712 0.175484672 -0.00485663814 -0.313620448 0.83493197 0.504268527 0.425637782 0.371098548 -0.0450160094 0.487409949 -1.379197 -0.692819536 0.496441126 -0.0334118642 -0.0840943977 0.206766546 -1.98648739 -0.222232923 -1.05991018 0.981490672 -0.0624103025 -0.0519004948 -0.650917351 0.16496779 -0.191881046 0.0187330972 -1.76265037 0.844250619 0.317795068 -1.27831399 -0.18370384 -0.198155805 -1.51802647 -0.363719642 0.809105933 0.0320332684 -0.74714458 -0.574804127 -0.933904707 -0.0472454876 0.567130804 -0.831312239 0.0262176488 -0.341972798 0.158655629 1.20211148 -0.0644941777 0.0349231437 -0.582096159 -0.392984867 -2.26413178 -1.34006047 -0.397207379 -1.56951225 0.0527114458 -0.287219524 0.47045809 0.111320049 1.290627 0.469653755 0.20785287 -0.307478398 -0.356134802 -0.387550324 0.120157719 -0.079871662 0.250507176 -0.307854116 0.309941828 0.476490885 -0.0724878013 -3.35991478 -0.208119243 0.280641884 -4.45895576 0.202408046 0.641283929 -0.25736171 0.278531551 0.0809476525 -0.877687991 -0.27846843 0.606411397 -0.832062483 0.212854475 -0.078544192 -0.335590959 0.0554518439 -3.76821852 0.177263707 -0.0931966528 -0.410124779 -0.552963972 -0.154607534 -0.115828432 2.45415068 0.183122277 0.154713914 1.07380438 0.924741447 0.0781977102 0.0587508492 0.976447523 -0.74798739 -0.741486609 -0.111393616 -0.0846382529 -0.917991877 -0.782543778 -0.494146407 -0.354120672
tensor_linearrelustack0bias 64
-1.06779754 0.530650616 0.284466863 1.05390573 -1.72377753 -1.19421554 0.445887595 -1.01314437 -0.227699861 -0.582158744 0.860961795 1.14602363 0.479900628 0.268891931 1.50152194 -1.28859472 -0.858982027 0.300003707 -0.0014503937 -0.465243578 -0.625640631 -1.10268664 -1.41302323 -0.966323078 -0.451051652 0.37095207 -1.75055623 1.43334889 -1.37093127 -1.92321515 -1.04462194 -0.074067302 -0.508841932 -1.17504191 -1.51706827 -0.429266542 1.41623294 -0.867387593 -1.22931921 0.491011441 -1.08934379 0.261192948 -0.411274374 -0.498605072 -1.05316484 -0.225856155 -0.985690296 -1.1097616 1.26918173 -1.23132122 1.50928462 1.37762654 -1.01757729 0.345045328 -1.95840704 1.28123081 -0.149810717 -0.796737671 -1.10747635 -1.35085881 0.68975091 0.441850096 1.44434845 -2.18717456
tensor_linearrelustack6bias 1
-0.799810946
tensor_linearrelustack0weight 1280
-0.658248603 -0.171770185 -0.284851104 -0.390543133 -0.0152955446 -0.774471521 -0.199942455 -0.162641302 -0.67531383 0.173819453 -0.14561896 0.281575888 -0.993965209 0.0243175849 0.286430538 0.111829713 0.365745544 0.386284798 0.169639781 0.935934961 0.374474078 0.305413395 0.301061034 -0.164201513 -0.055150602 -0.080445759 -0.0994711444 0.295682639 0.132990837 -0.084782511 0.219348952 -0.410152227 0.408997774 0.27958402 -0.0855714753 -0.0601657331 0.799433887 -0.0555639416 -0.641347051 -0.328618437 0.108387232 0.143752024 -0.187474847 -0.09214627 0.353044391 -0.0256051421 0.233418673 0.38078469 0.809497774 0.113049172 -0.115019605 -0.612798333 0.496206224 -0.0211217329 -0.104439922 -0.29716298 0.801296473 -0.117996387 -0.707909048 -0.101716496 0.0196209718 0.302007973 -0.0627610013 0.212250471 -0.056928236 0.147898018 0.05284274 -0.0646440014 -0.13362518 0.199554756 -0.108509451 -0.0377299339 0.73884666 -0.0248586442 0.0132552767 0.056851279 0.722995281 -1.36542892 0.0607958883 -1.52266681 0.098189719 0.0749693587 0.469715089 -0.0568839572 0.41490379 -0.0549005792 -0.30933997 -0.296426117 0.439029872 -0.221573859 0.539648056 -0.391986549 0.305794358 0.510137916 0.305311948 0.211275905 -0.191496313 -0.214422554 -0.321323484 0.461184084 -0.509659648 0.0861621723 -1.40541363 -0.196311548 -0.145320043 -0.138396293 0.0458197482 -0.0180539619 -0.0870372802 -0.317390442 0.0172101706 -0.631257653 0.296325326 -0.0945464149 -0.17533344 0.403550684 0.755625367 0.193652347 0.232686326 0.564882338 -0.144160554 0.408766508 0.140708491 0.284201562 0.462117374 0.00130963209 -0.18800199 -0.181288898 0.675919116 -0.36084035 0.119389951 1.16226864 0.581429183 -0.827769518 0.582725346 0.290068686 0.187184602 0.322871774 -0.217424229 -1.01778471 -0.517817259 -0.16098243 0.264129668 0.208543405 0.00243851775 0.264370501 -0.00142485788 0.0634513572 -1.38244379 -0.351555824 -0.00155232754 1.22628546 -0.424874723 -0.295437247 -0.171078816 0.0424296521 -0.231304079 0.140672922 0.345006585 0.572939873 -0.114647858 0.18150638 -0.158087254 -0.0878143609 -0.103847004 0.284598291 -0.505511343 0.248496339 -0.0988029242 0.160853356 -0.108265214 -0.0700255558 0.151341915 -1.74148285 -0.277990431 -0.112783268 0.164848626 0.99103415 0.794415951 -0.330968469 -1.39595199 0.28019774 -0.288352937 -0.202476457 0.365878046 0.68552196 -0.118617155 -0.023041565 -0.14332141 -0.018266134 -0.055772204 0.725165248 -0.162043631 0.576360583 -0.214326799 0.0786038488 0.435865521 0.38360703 -0.525042593 -0.236701429 -0.00376749574 0.105903238 0.235340387 0.0635641813 -0.156659096 0.373358607 -0.0849704072 -0.0109940702 -1.31749129 -0.615536153 -0.294857562 1.84207487 0.0695054531 -0.0271794759 -0.425996631 -0.127078816 0.25496918 0.149056315 0.294542611 -0.352272213 -0.0878066421 0.234744728 -0.00440053502 0.146571353 -0.128903225 -0.0451694913 0.0279618297 -0.0372020304 0.0463420413 0.0184871163 -0.0181153212 -0.0333811454 0.0154119032 1.03289783 -0.0361489207 0.00718146423 0.0383262448 0.266603321 -0.276593447 -2.62449002 -0.381450385 0.615562558 -0.405850023 -0.209962979 0.130145803 -0.0919997916 -0.045055408 -0.107147746 0.111736655 -0.0325737447 0.129659131 0.0523179993 -1.34869373 -0.1969551 -0.559479117 0.201178327 1.1593771 0.599020064 0.413505673 -0.455976039 -0.737073898 0.42003569 -0.245475709 -0.0595153235 0.120347992 0.180459902 0.17306076 0.692852974 -0.23247017 -0.27499482 0.0759762898 0.74115032 0.00029760215 -0.185004756 0.873603702 0.0296551976 0.174811557 -0.0966002792 -0.0118240761 -0.853357375 -0.000607961148 0.109914243 0.0151238376 0.024427142 0.00700414693 0.0485731065 0.0280626211 -0.0502429716 -0.0589320846 -0.0536013208 -0.0146744391 0.14009133 1.59372747 -0.100762859 0.0962084606 -0.0165820811 -0.193044305 -0.0913568437 0.0305512659 -1.3908217 0.43812871 -0.370426774 -0.125800699 0.268927902 0.112191327 0.266007751 0.279458135 0.217535883 0.507528126 0.350861043 0.0339154676 0.654438436 -0.0841178298 -0.785309553 -0.245100364 -0.0305340402 -1.38520062 0.146430522 0.417636603 0.20602867 0.0668131411 0.340968847 0.111857392 0.286466122 0.100139804 0.280539364 0.18065913 0.154010937 -0.48914063 1.20541668 0.194532841 -0.218976706 -0.950021088 -0.0822777897 -0.257625639 0.0157472678 -1.44552302 1.08325732 0.0450685881 -0.651960433 -0.203679979 0.0181904808 -0.0426580571 0.00137044361 -0.00884605572 0.0112202326 -0.0391565897 -0.24114874 -0.772238314 -0.55644232 0.0937052071 1.83777797 0.0413197316 -0.487470031 -0.509827971 0.0727069303 0.300010204 0.229368508 0.37253961 0.376421094 0.495450586 -0.0125642009 0.168535307 0.448871195 0.183216423 0.148302406 0.0172332339 -0.211759076 0.0565035082 0.473459333 0.212495044 -0.0897784978 -0.00531608099 -0.783715129 -0.182933927 0.00863324013 0.225938231 0.795229435 -1.92570674 -0.460876524 0.0365724266 -0.152843818 0.0645874068 -0.0694060028 -0.107097015 0.125782639 0.0853625759 0.128420129 -0.676107168 0.172761351 0.252292335 0.717455864 -0.394417167 -1.32664108 -0.946083665 -0.26578021 0.373278081 0.902304232 0.70617485 0.454219401 0.0898837596 -0.0843810067 0.0650396794 0.0853105485 0.0396251604 0.095352158 0.00538854906 0.00574765587 1.09694159 0.76609391 0.318459451 -2.24452734 -0.274902999 0.0307625066 0.0166282188 -0.0468586124 0.137754336 0.0453948863 -0.155289695 -0.238974556 0.127988398 0.164093956 -0.249984413 -0.111138597 -0.0674518645 -0.0146480361 0.00873252936 -0.0162079707 1.0896827 0.693856478 0.0755461454 -2.40431738 -0.506668031 0.0199722331 -0.0278179646 -0.192089379 0.189532951 0.0318145491 -0.00324672111 0.366450042 0.106326088 -0.139498055 0.0667379424 0.191164181 -0.129270807 -0.0195996352 -0.0246194955 -0.0397828892 0.720501721 -0.18396008 -0.429767936 -1.20833039 -0.564203441 0.577091873 0.145912185 0.0162210464 -0.253581762 -0.621191919 -0.163575038 0.88737303 0.00790236797 0.0444816351 -0.577518404 -0.170747802 0.11821495 -0.298831463 -0.026627915 0.0399228148 -1.54835403 -0.4095065 0.107273921 0.15996252 -0.472565621 0.394892752 -0.35046652 -0.0593745187 0.66626507 0.0141091496 -0.204219118 0.605570138 -0.668635547 -0.470677465 -0.276094824 -0.0860630274 0.0208491385 -0.331135064 -0.0587758683 -0.272423387 1.94847727 -0.0617106929 -0.00433570286 -1.44923282 -0.169746071 0.301425308 -0.0944785178 0.031922631 0.59573096 0.00728641963 0.0142281111 -0.799961209 0.49453178 0.374387443 -0.90391463 -0.975183308 -0.408053964 -0.0223115105 -0.058252383 -0.079927966 -0.731339514 -0.0476682447 -0.423577785 -0.654866338 0.935586214 -0.0710700452 0.757391155 -0.184984013 -0.350848168 0.256880343 0.0859816074 -1.29555118 0.271562815 -0.266586363 0.187379271 0.220102593 0.111616164 -0.108400613 -0.035198167 -0.0411401168 0.17926383 1.08156157 0.158628538 -1.10513282 -1.01653159 -0.18416062 0.148363948 0.216378242 -0.841508925 -0.262515277 -0.0731785446 0.683695316 -0.0170171559 0.164702564 -0.0534925871 0.0123823155 0.0740750432 -0.126497105 0.0586774834 0.00142592238 -0.0509089902 0.229653791 0.104051217 -0.0329892747 -0.0269549396 0.887440264 -0.0833569467 -0.0380956121 0.171149388 -0.196129799 0.222459257 -3.25221872 0.492161691 -0.111482538 -0.59654671 -0.304549336 -0.109904744 -0.46030575 -0.0331249684 -0.150251046 -0.0804857835 -0.163551629 -0.518621981 1.12184286 0.120287322 0.357724339 0.634575844 0.00742397038 -0.590928018 -0.59810251 -0.0163946468 0.467075735 -0.340990782 -0.243152469 0.124107458 0.108190477 0.159238771 0.158398241 0.139185697 0.161158651 -0.210367858 0.221006125 0.410598695 0.156178236 -0.702970028 -0.703032017 -1.11813593 0.0583280027 -0.486571342 -0.2349388 0.0987530351 0.370687753 -0.0302384365 0.0482034981 -0.0153513569 0.0373809412 0.0107671088 0.109916143 -0.0383637473 -1.4182018 -0.492048502 0.0278255232 -0.349404901 -0.150382161 -0.0906381831 0.0203955378 -0.831968486 -0.0656949654 0.801266491 -0.124753408 0.0969229341 -0.178353041 0.18592754 0.571020067 -0.0688778758 -0.0735939518 -0.135339737 0.0206220858 0.0276822224 -0.00841705874 -0.304602981 0.0868481323 -0.11366459 0.303098768 -0.525236368 -0.277432531 -0.126629025 1.33104396 0.531447709 0.132847995 0.417973071 0.0346954651 0.22219412 0.149811745 -0.0919732228 -0.061117921 -0.124478146 0.136093527 0.0104160393 0.00286318758 -1.48799419 -0.511120915 -0.225324959 1.34955943 -0.485813856 0.262911618 -0.108470596 -0.0458560698 -0.085648939 -0.0935003161 0.0534533262 0.810201824 0.298703343 -0.2663683 0.0735948756 -0.081218943 -0.0787500441 -0.0461781695 -0.0411353558 -0.0212945249 0.442234039 0.236535043 -0.426790535 -0.323143601 0.0814270377 0.4795461 -0.157171428 0.0724148229 -2.28106213 0.112250127 0.26110366 -0.25458017 0.195595399 -0.34458065 0.0712016672 0.0462090299 0.0211994555 0.0310022272 0.00248884992 0.0271815062 -0.138003334 -0.157622844 -0.0665348023 0.588610888 -1.25310457 0.219420224 -0.282768309 0.0366464928 -0.174394682 -0.352386296 -0.048245322 0.921351969 0.560970187 -0.148033246 0.740473866 0.377535999 0.122446597 0.268437296 0.0331464149 0.229242384 1.73104906 0.696523011 0.374177426 -1.2202462 -0.590727627 -0.0700129569 -0.494939983 4.61985655e-05 -0.365463644 -0.0756697431 0.21726799 0.120256774 0.147784382 0.389270276 0.116885841 -0.00390439178 0.168520182 0.0499136336 0.0388149731 0.171975702 -0.374795169 -0.107249044 0.237532586 0.456246316 -0.413963377 -0.31850329 0.86143285 0.0242509823 0.373484761 0.316931337 -0.278555572 -1.40694654 0.115586661 0.0940809548 0.0563523322 -0.0257950686 0.156885684 -0.630509198 0.0357096605 -0.0381345488 -0.787002385 -0.867531776 0.122213386 0.504895031 -2.0103879 -0.0959872454 -0.0342284441 -0.0571629517 0.986611843 0.614215791 -0.19318068 -0.253282756 0.172813848 -0.360759586 0.24133195 -0.119488627 0.123450443 0.123225957 -0.0378075875 0.0849508047 0.569036424 -0.0614069924 0.489308715 -1.43422878 0.316564411 -0.330783725 -0.997668743 -0.055625461 0.00842949748 0.468583912 -0.109982006 0.60075599 -0.62967217 -0.092716746 0.314921647 0.591083467 0.404418617 -0.113233045 0.0933957547 0.111479945 -0.507522881 0.126401931 0.0747446641 1.3109957 0.057134334 0.13806279 -0.0339380018 -0.0973544195 0.269777834 -0.464047819 -0.396895409 -0.253161162 0.0926258937 -0.153253719 0.0102065578 -0.0475556813 0.0128844418 0.0331812166 0.0526889116 -0.114143148 -0.00966279209 0.179111212 0.145883322 -0.00416494953 -0.264021099 -1.54712057 0.188946187 0.037512891 0.0371016786 0.236826286 0.0661751553 1.10666144 0.118820198 0.0174101964 -0.0536409356 0.393200785 -0.0112361833 0.27130726 0.052929718 -0.0468246602 0.56098789 0.661943853 -0.0136643564 -0.178152055 -0.288795292 0.00393408537 0.142356947 -0.0699240714 1.05130076 -2.04670095 0.14612405 -0.289157182 0.122634806 -0.0766448528 -0.0872738287 -0.0701093972 -0.00452891504 -0.297602266 -0.0169076119 0.0438327827 0.441474915 0.842526317 -1.17371333 -0.263076901 -0.654559672 0.0678135157 0.780349612 0.123074844 0.0104825236 -1.36107647 0.33568877 -0.0590597764 0.252042651 -0.17534484 -0.0590771101 0.53584373 0.448814034 -0.112865552 -0.339111328 -0.0267228503 0.0712653771 0.29960826 0.130565345 0.250631332 0.384626389 -2.10966134 -0.00784337148 0.0850762054 0.323591113 0.915219784 0.752705574 -0.564964592 0.186721355 -0.163562849 -0.19246465 -0.0756471977 0.128767252 -0.0567661375 -0.0624442697 -0.059763141 -0.279374003 -0.209449992 0.19525601 0.128489748 -0.152804151 -0.57810837 0.273722023 0.116384074 0.202869341 -2.31531715 0.538714945 -0.0242102258 0.21115154 -0.0205697622 -0.0764259025 0.0300162993 0.0810677484 -0.35488537 -0.135648832 -0.147100225 -0.189131871 -0.163933262 0.386540562 0.024671087 1.02856624 0.0747580826 -0.331761599 0.131295457 0.659160078 0.481389254 -1.77264726 -0.180956855 -0.0651482269 0.156512007 -0.600054979 -0.0728307888 0.6022861 -0.371271461 0.345315635 0.270459324 -0.533826292 0.828409433 0.722204328 -1.25422156 0.593133688 0.0714110807 0.135811761 -0.0209624656 0.390994221 0.141169846 0.47011447 -0.474360079 0.232131511 0.100733221 -0.0985923782 -0.0713442415 0.195700303 0.230408967 0.147542179 -1.04148436 0.0698071197 0.286345959 0.141010031 0.153455004 0.218348265 -0.0449174605 -1.67317879 -0.0997186825 1.01491332 0.0350149162 0.285592824 -0.607644618 -0.138849586 0.272380382 0.19458665 -0.166583702 -0.0667890385 -0.00219289795 -0.0714760125 0.033987999 -0.047056444 -0.0542863235 0.0189350825 0.196531564 -0.0629047528 0.306883365 -0.157447562 -0.0151888104 1.19258451 -0.0679325834 -0.0294077341 -1.71960199 -0.0167927928 0.0558480211 -0.638711691 0.497512966 -0.432819873 0.0733910501 0.357331723 -0.415458411 -0.573216558 0.82697922 0.126062006 -0.259689391 0.523666739 -0.326088965 0.738295138 0.00416471995 0.256614238 0.263444364 0.30038023 -0.0196989793 -0.046994064 0.290214688 -0.106190406 -0.039131254 0.00854591466 -0.0456643738 -0.0577297583 -0.0113962926 -0.861433804 -0.241563916 -0.0846828818 0.945012987 1.17315936 0.101452596 -0.145112976 -0.0290132165 0.131653875 -0.0413989685 -0.0113355173 -0.799872518 -0.0458735935 0.201020136 -0.00693456456 0.0548253581 0.0478093289 0.00744192256 0.0114237927 0.0633881092 0.0218394436 0.0412188955 0.0487358533 0.0940745175 0.0324030034 -0.127311513 0.892430246 0.00243236055 0.38561067 0.0544947125 -0.496862769 -1.82290506 -0.11808715 -0.169227049 -0.478303194 -0.286977321 -0.635372818 -0.0391402803 0.133997649 0.118148908 -0.447972 0.0317854956 -0.318166822 0.324041724 -0.0192305036 -0.825752497 -0.425553679 0.207159057 1.14614451 0.613547862 -1.37136626 -0.577414215 -1.12911522 0.0438833497 -0.263485938 -0.0813035443 -0.248990446 -0.004615332 0.0566306002 -0.0715086833 -0.423337638 0.174816608 -0.206083059 0.46151948 -0.599245429 0.548693597 0.605328321 -0.748054504 -0.0470941626 -0.991699874 -0.100871257 -0.850097775 0.0503927842 0.499215633 -0.382843584 -0.571148634 -0.439300269 -0.000936522498 -0.302745193 -0.0273716748 -0.704580128 -0.441022545 -0.227614716 0.598155856 0.208456963 0.496574104 -0.0906227306 -0.431031615 0.26253283 0.0846159905 0.117335804 0.562612712 0.375718474 0.253062308 -0.00930350553 -0.0976725966 -0.151301652 -0.00296541699 0.0538809858 -0.0240062438 0.677600086 -0.0946617946 -0.0604075082 0.809663177 -0.466111511 -0.55096966 0.357792258 -0.145406529 -0.94920671 0.571322501 0.131866589 -1.29607332 -0.532306075 -0.314158708 -0.0254958086 0.0326613784 -0.12209633 -0.13663134 -0.119948924 -0.0679909065 0.506283581 0.209304765 -0.392472625 -0.170384154 0.551630378 0.317187458 0.716276944 0.10923145 0.646945596 -0.223559752 -0.331267893 0.218453929 -0.484265715 1.08048666 -0.657458186 -0.39857322 -0.171046585 -0.152500972 0.0722779334 0.0157157071 -1.37714505 -0.813929737 -0.193807364 -0.915067077 0.887228072 -0.0142494347 0.121452838 0.466390014 0.857873976 0.387454659 0.117098868 -0.185792521 0.0720919296 0.735198259 -0.814647198 -0.304307431 0.00649218773 0.113779075 0.171939373 0.0571440905 -0.318257362 -0.558601379 -0.31972608 -0.733064532 0.0535128303 0.200737208 0.352625072 -1.28168631 0.435457826 0.0299599618 -0.135981455 0.0992185995 0.0376023278 -0.21780996 0.101342745 -0.0310219117 -0.0333236381 -0.0295844972 0.0370375067 0.00684340904 -0.277810305 0.128634855 -0.0719975531 0.267549545 -0.185612738 -0.285655737 -0.299721062 -0.0273360554 -0.76342833 0.367207468 0.206093028 1.17671549 0.380270898 -0.127683014 0.236564174 0.158211857 -0.00926636066 0.180551514 0.00143266411 0.195875466 0.750164151 0.773647845 -0.221920863 -0.514574528 -0.0400977954 -0.119586527 -0.119325362 0.0564590842 0.403315127 -1.86211598 0.477168769 -0.703548968 0.573142827 -0.0842224583 0.200176924 0.0166691691 -0.0804211944 0.385121286 0.0132757844 0.100320578 1.00164366 -1.68462729 0.23571898 -0.0970585346 -0.693643332 -0.0401286818 -0.0389827043 0.030718429 -0.0928212032 0.366948694 -0.627699018 -0.62353766 0.146909758 0.0411824659 0.109720722 0.162639141 0.0507990941 0.0966228619 -0.0271212179 0.0214674957 -0.328912765 -0.171890542 -0.0595319234 1.84745014 -0.28413412 -0.185207129 -0.0736974552 -0.0649897456 -0.029634038 -0.172942847 0.116398312 -0.949089885 -0.0720738396 0.00859399606 0.113482721 0.00511643011 0.0137429498 -1.60644555 -0.0604231805 0.0433525853 -0.0139618618 -0.121049717 -0.036311876 -0.0192726776 -0.355227739 0.0356078744 -0.0488906428 0.0203442685 0.301995367 0.095903933 0.0426555574 -0.22944808
