tensor_linearrelustack9weight 32
0.585630774 0.158434153 -0.0844322816 0.167818964 0.312271237 -0.0783179626 0.328504354 -0.0896533951 0.337078661 -0.297289848 0.0300194398 -0.0808353201 -0.0698699281 0.225113824 0.370043993 0.125474215 0.23123458 0.200159997 0.339496613 0.236944303 -0.0783073679 0.303028762 0.215922847 0.292814076 -0.0962481797 -0.084748812 0.238698155 1.21883917 -0.186802968 0.278754741 -0.205965549 -0.113640092
tensor_linearrelustack6weight 1024
-1.67010951 -0.00577325281 0.352212161 -0.152807683 0.566467762 -0.472586602 0.279813498 0.241928726 -0.102954902 0.984493554 0.196799159 0.202148438 0.583944321 0.0182337295 0.387210786 0.208707258 -0.536522686 -0.115789533 0.20767647 -0.160185128 -0.239609987 -0.414868265 -1.44281101 -0.450699568 0.55590564 0.132595554 -0.607589781 -0.729269445 0.474067688 -0.315492451 -0.0323996618 -0.415443063 0.136650249 -0.234127879 0.446236521 -0.052603405 -0.208932012 -0.114756368 0.205301613 -0.778077006 -0.167353049 -0.0169695355 -0.00447862409 -1.2648046 0.0552373044 0.315644175 -0.646426976 -0.172183141 -0.334593982 0.243780464 -0.619273186 0.263482243 -0.226680726 0.443061262 0.313543826 -0.273561239 -0.192594633 -0.135440618 0.167660579 0.190966949 0.406837165 0.309094697 0.383923143 -0.149368986 -0.0571190268 0.031304609 -0.208757803 -0.0439839996 0.230116725 0.102163963 0.48053956 -0.073615022 0.231735274 -0.150478184 1.00325155 0.243833303 0.577741444 0.156356111 -0.106080011 0.10389448 -0.111249954 -0.369370699 0.357986361 0.0766918883 0.216912478 0.0403198935 0.197353214 0.108881898 0.252589554 0.0986009538 0.366278678 0.208742633 0.432171643 0.00482553663 0.285859883 0.0885359198 0.751985967 0.0987846926 0.172700614 -0.218094766 0.528844535 -0.0580516495 0.156973079 -0.890397072 -0.610102415 -0.378902793 -0.317597896 -0.321872026 -0.684814036 -0.323830545 -0.224124461 -0.133161187 0.188296154 0.0724162385 0.272579461 0.106132016 0.258816123 -0.212992325 -0.399418443 -0.114580519 0.537293851 -0.0158210527 -0.0473879203 0.614910305 0.347695291 -0.0752492025 0.467104495 -0.161240861 -0.279742986 -0.201245427 -0.357407272 0.168124601 0.2464955 -0.115331993 0.00800222252 -0.658652604 -0.287239701 0.175469205 0.140426159 -0.165147915 -0.0615830645 -0.0229814034 -1.15412831 0.0376770012 0.038776882 0.000274222577 0.265854031 0.151083663 0.481840491 -0.53400439 -0.426912516 0.434994727 0.100112274 0.144834995 0.147487491 0.840013623 -0.560535967 -0.236736014 0.867193401 0.220162451 -0.086406067 0.18914181 -0.234266967 0.353354156 0.306304365 0.112255387 0.527792871 0.0540196858 0.214639053 -0.107635364 0.876673937 0.0585232973 0.53807652 0.177007839 -0.120484307 0.196543187 -0.00874092896 -0.191139653 0.20587188 0.174693629 0.0972483158 0.0698312446 -0.0363469347 0.378767014 -0.0405371375 0.00813675299 0.318558335 0.357647598 0.412896007 -0.0271412544 0.320384264 0.191713616 0.161418617 0.186209843 0.0862532407 0.119600154 -0.3453179 0.354918063 0.0992746875 -0.320772111 -0.0518576577 -0.919073045 0.815074265 -0.66598326 0.212312326 0.639519393 -0.253832132 -0.094482027 -0.326139271 -0.460363239 -0.234275162 -0.250804216 -0.601146638 -0.0193672962 0.363923728 0.218808889 0.734039605 -0.587406754 -0.385490984 -0.162713841 -0.333816051 -0.319354296 0.222841933 0.358850598 -0.0807915777 0.139466152 -0.149934933 0.27001527 0.33498314 0.102898881 0.521101236 0.037961714 0.0488793179 -0.569327414 0.69533062 0.129284412 0.621268094 0.0926157385 0.165575504 0.266398489 0.117523268 -0.162410066 0.457493007 0.13159132 -0.206085131 0.101983279 0.0378416218 0.405411959 -0.17577143 0.014053761 0.306276679 0.254704982 0.254378021 0.050963413 0.17785418 0.0808873996 0.0673703104 -0.818302214 0.101642922 -0.59119308 0.024496302 0.303201616 -0.779826581 0.337428838 -0.329657435 0.0534454435 0.374399006 0.256132007 0.592849195 0.72813195 0.235443577 0.0431239977 0.172472596 0.637617707 0.211749792 -1.05320811 -0.261739254 0.18521145 0.072712943 0.565395534 -0.709910393 0.308707446 -0.204606906 -0.536822259 -0.520232558 -0.271657437 -0.53550601 0.0380566195 -0.667103946 -0.446748465 -0.422871202 -0.311245352 0.839045465 0.644506335 0.0425113142 0.135489076 -0.0610043593 -0.210068658 0.842981219 -0.612322748 0.922319353 0.332020283 0.013913786 0.100432664 0.0964150205 -0.329888821 0.0447948761 -0.154448897 0.413669974 0.0933170021 0.0302046929 -0.387519538 -0.250867754 -0.356809884 0.11041306 -1.07651305 0.715962708 0.404841632 0.242269769 -0.0716656744 -0.0608449094 -0.0956730098 0.0461576357 -0.0673852935 -0.0352342427 -0.183177277 0.0375293009 -0.0883935094 -0.0420742147 -0.150941744 -0.179290652 -0.0311220996 -0.0996024907 0.0464695841 0.024090996 0.0271214079 -0.0796955451 -0.157194555 -0.151080713 -0.235143527 -0.109396055 -0.109395325 -0.191232756 -0.0520867482 -0.115550444 -0.135858744 -0.109024785 -0.195119575 0.00767879607 -0.00734455185 -0.120284773 -0.0374591202 -0.0546103977 0.224804819 -0.17334564 0.418246508 0.151615366 -0.0387400463 0.415707797 -0.028752869 0.200975925 -0.305331975 0.820750415 -0.156462908 0.506349027 0.287242353 -0.0701374039 -0.00546634896 0.147286445 -0.17956984 0.502700269 0.230440006 0.0268470384 0.167307377 0.0401409529 0.406106085 -0.0767134503 0.0963028148 0.277638972 0.373738825 0.218902066 -0.00319494656 0.181225911 0.0997668505 0.00438176189 0.129422441 -0.163267389 0.49652642 0.204954728 0.170490041 0.505206406 -0.0157972071 -0.0244407952 -0.071435973 0.646045029 0.00320058316 0.491029918 0.166674614 -0.21367611 0.0468281098 -0.0665971786 -0.327108651 0.251803845 0.237346768 0.173444226 0.0679363459 0.121936314 0.483948797 -0.057306122 0.0418609753 0.242295697 0.292550683 0.131966442 -0.0523367487 0.347418219 0.0980014652 0.206852481 -0.0801532716 0.700013161 -0.501888156 -0.84016031 -0.229176074 0.0116328178 -0.732627809 0.31662637 0.800688803 -0.0754060224 -0.314267367 0.136014909 0.41859588 -0.377111048 0.00246055936 -0.643143773 -0.123512849 -0.0952857807 -0.23744829 -0.133237466 0.247262239 0.00678317808 -0.198079735 0.189496517 -0.04574899 0.27045989 0.633794487 -0.162387297 -0.881980121 0.0398398302 0.620803118 0.131245017 -0.140174821 0.146685377 0.206352651 0.822686911 -0.729522943 0.0604360215 0.193792999 0.162242949 0.356124192 0.0850816965 0.162555173 -0.18586193 -1.35523188 -0.825950444 -1.91569006 -0.629607677 -0.249771759 -0.055663418 0.337951005 0.367993593 -0.41892457 -0.345268011 0.397627115 -0.179004267 0.045079194 0.187856942 -0.488579959 0.231085658 -0.133977801 0.350221813 -0.0357611962 0.629259825 0.477406919 0.137215272 -0.0877647549 0.122410543 -0.221688166 0.379936129 -1.181422 -0.284558326 0.309492588 -0.332279593 -0.558485866 -0.15851751 0.577501893 -0.188884482 -0.501194835 -0.688381851 -0.0215996653 0.367042154 -0.0157351568 -0.24309884 0.0123160696 0.204369932 0.216794193 -0.0626802891 0.00778237171 -0.0636245012 0.492253155 -0.394021153 -0.483227342 -0.0101506691 0.265452474 0.0579669252 -0.627219617 -0.0754789561 -0.308669537 0.312096924 -0.0659874082 0.314168423 -0.217319071 -0.0148792667 0.523528755 -0.911128581 0.414883792 -0.44805938 -0.217497587 0.334170401 0.203626797 -0.313110292 0.483644485 -0.319604218 0.151202768 -0.130985424 -0.192232788 0.193856671 0.135975063 -0.306468815 0.0978162289 -0.169703335 0.736523926 -0.00857906789 0.168460339 -0.47813949 -0.0515013076 0.409264147 -0.390390813 0.262750149 -0.461796761 0.260577619 0.194296628 -0.00528188609 -0.664640367 -0.338958681 0.113300875 -0.520084798 0.130620077 0.023212567 0.161047712 0.882007718 -0.146506205 0.424100876 -0.0174769722 -0.02576272 0.454519212 -0.926880538 0.158503741 0.315388381 0.0137220696 -0.40174672 0.349804044 -0.178685606 -0.419090658 0.297577143 0.223247096 -0.240733996 -0.0708424971 -0.953502297 -0.0823548138 -0.723320425 -0.203196555 -0.0631417856 0.278160542 0.162285149 -0.0202047899 -0.562239766 0.0681096986 0.373902857 0.26803419 0.10934639 -0.361388564 -0.146103576 -0.055973947 0.177885428 0.57762903 0.197987229 -0.218409106 -0.136214778 -0.395114541 0.144537672 0.503382921 -0.1148284 -0.304835707 0.0875710025 -0.479450822 -0.454437286 0.0778396875 0.565898538 0.119047992 -0.393470734 0.182322592 0.538276374 0.257462472 0.346410006 -0.403771579 0.170568377 -0.272426456 0.201715186 0.683725119 0.276071519 0.0912887007 -0.112350889 -0.451494783 -1.14326727 -0.448489815 -0.915144682 -0.330563068 -0.399181008 -0.0655687675 0.296122819 -0.353590518 -0.308375359 0.0814388618 0.226306483 -0.180241063 0.442017317 0.914633214 -0.293618262 -0.164221644 0.0991210714 0.380896658 -0.198192224 0.0890769735 -0.183547422 0.457981884 0.304958045 -0.0775762498 0.466151834 0.122184366 0.226208299 -0.37430048 0.688694596 -0.0868883952 0.531281352 0.204392731 -0.00115123007 -0.00247492385 0.0487895869 -0.138435915 0.269867003 0.109818488 0.15426366 0.0820989162 0.210769027 0.419621378 0.0172981899 0.0758861825 0.331212521 0.417649031 0.287926525 -0.0599805005 0.109168947 0.265258163 1.15429127 0.11942926 -0.530155659 0.142072856 0.219592437 -0.251303583 0.123381577 -0.733601213 0.38470608 -0.270077556 0.423427016 -1.40335011 0.0447678417 -0.175764546 -0.219591677 0.314156324 0.0865174606 -0.25345549 -0.348559141 -0.321748734 0.553384244 0.0601176918 -0.0770530552 -0.177271426 0.116742633 -0.793830633 0.21158433 -0.0542885885 0.054266654 -0.352071583 0.342471868 -0.680236161 0.815716684 0.702491522 0.355610192 0.0291986596 0.423491031 -0.837994158 -0.212320864 -0.36895141 -0.396951586 0.0526575409 -0.96431452 -0.475312799 -0.0959565639 -0.357584864 -0.160111561 -0.0369587429 -0.236701518 -0.0297355875 0.577458322 0.163432449 0.461099535 0.102852263 0.144924045 -0.302621126 -0.520410776 0.35593611 0.10762728 0.0980280191 0.227599382 -0.763183236 0.00867191702 -0.177948564 1.28959966 0.303269535 -0.395039946 0.304968476 -0.0637490153 -0.164336294 -0.0113081401 -0.3773911 -0.0248469058 -0.269251317 -0.48255831 0.528216124 0.0494405553 -0.0483042486 0.219712272 -0.0869990513 -0.372043371 -0.365329236 0.214107722 -0.0374205075 0.575694382 -0.86919558 -0.454719722 -0.384057373 -0.269257903 -0.0433477275 0.0830624774 -0.255706608 0.304039747 -0.0976133049 0.275402665 -0.140839025 -0.106527112 0.178842768 -0.294339508 -0.245821849 0.278303266 0.239400014 0.18639344 -0.277077705 0.305946827 -0.00635466538 0.744301319 0.30762133 0.0892879814 0.461576313 0.133179888 -0.210122079 -0.104366593 -0.36724934 0.392273158 0.243170083 0.135390252 -0.0146798501 0.17066218 0.178292274 0.0587861016 0.368267298 0.407623261 -0.307245344 0.320613831 0.171510682 0.093225643 0.272429645 0.0551867038 0.0665686056 -0.112657852 0.0387076326 0.162333101 0.0657383054 0.31405133 -0.30058378 0.169316322 -0.111307003 0.931914866 0.0779241025 0.475223631 0.173842713 0.0130209895 0.189417541 -0.0419685133 -0.431363344 0.518754184 0.148461491 0.023629155 0.0634279549 0.0203502811 0.204946041 0.165931478 0.160704553 0.404329449 0.0154480794 0.44642207 0.108765706 0.235219121 0.20161967 0.140445963 0.220743716 -0.133306801 0.287689149 0.0462702475 0.0559250116 0.558010995 -1.20038724 -0.0934246108 -0.289488822 -0.106100015 -0.329111636 -0.654263854 -0.277091026 0.481922001 -0.214480817 -0.541495025 -0.164753065 -0.199864805 -0.304654121 -0.387376189 -0.329913497 0.127397925 0.174851626 0.178310648 0.00280090678 0.0886783972 0.174936995 -0.363031238 -0.481809318 0.173895672 -0.00661822967 -0.500497639 -0.248730257 -0.41363138 -0.440524787 0.250169486 -2.26484275 -0.353662193 -3.19311929 0.200565189 0.0836414695 -0.558811188 0.079584606 0.882661283 0.394519299 -0.214754999 -0.58248508 -0.507274628 0.270085514 -0.00303604617 0.358722538 0.194417685 0.134600088 0.0172469486 -0.0524629056 -0.651323736 -0.712523103 0.236041531 -2.15342569 0.40280813 -0.701243401 -0.194272205 -0.127454728 -0.116212748 0.304112285 -0.212191761 0.0712242797 0.257305801 0.143847629 0.223155975 0.152599484 -0.0406168438 0.134290874 1.34271038 0.33285293 0.353161007 -0.45004344 -0.369690269 0.0573901273 -0.383186638 -0.322063833 0.212272987 0.173520699 -0.0182517711 -0.281801283 -0.0890087187 0.576337039 0.224815428 -0.0180483945 0.332595587 -0.408704638 -0.636958778 0.162367091 0.351640552 0.307325035 0.394818187 -0.189872652 0.366412401 -0.245765999 0.352430582 -0.27892977 -0.286215037 -0.276465237 -0.0942499265 -0.697374463 -0.120778181 -0.132990733 -0.21240069 -0.0172355138 0.56157577 -0.241140753 0.0516541228 -0.126304373 -0.246780336 -0.549968421 0.250747174 -0.0550872087 0.489142925 0.386530012 -0.164079294 -0.678426445 0.0477349199 -0.640078068 -0.66470629 -0.124652646 0.0434972756 -0.720445812 0.00938690361 0.190956444 0.070788011 0.0496112183 -0.351836175 -0.0281008091 0.517513573 0.530194044 -0.0989399552 -0.432173461 -2.67575073 0.25931862 0.661743999 0.0114381881 0.224186435 -0.35016486 0.414187223 -0.359790862 -0.252777755 -0.137434497 0.0454912558 0.158516392 0.0425923653 0.150944814 0.100685477 0.000811097794 0.508930981 -0.387176841 0.126006782 0.00319568487 -0.168963566 -0.044588536 -0.424991339 0.359179199 -0.349758416 -0.22253491 0.250456065 0.11125394 0.205100209 0.12352138 0.0023623819 -0.24995257 0.0856718943 -0.0901551098 0.29723227 0.57473582 0.30451718 -0.059921179 0.111231975 -0.187863573 0.203193516 0.093216978 -0.0729337111 -0.209242806 0.257037014 0.221973836 -0.186207905 0.551464677 0.440135062 -0.0921614915 0.655825198 0.096872814 0.0298682209 0.227568597
tensor_linearrelustack3bias 32
0.545216799 0.0612705387 0.128021926 -0.127693698 0.044853434 0.185109898 0.750519633 -0.273110271 0.243256524 -0.0068634795 -0.390862584 -0.0774888024 -0.0955738351 0.078918606 0.654945791 0.155776143 -0.332763791 0.0355781503 -0.0296006128 0.305215836 0.0972472578 -0.28190428 0.920669019 0.571988523 0.731595576 0.139903128 0.65865773 0.192335844 -0.321293026 -0.155061096 0.42387718 0.382854015
tensor_linearrelustack3weight 2048
0.225496024 -0.66556108 -0.453261703 -0.560771942 0.0222428888 0.319908649 -0.154424638 0.0729917437 -0.326558143 0.143978581 0.223586753 -0.422903121 0.397255868 -0.154767826 -1.25740314 0.0985298082 0.257441282 0.152507991 0.0610042363 0.53219527 0.153144464 0.349329859 0.36501646 0.079540953 0.158438325 0.198018178 -0.486765355 -0.293414652 -0.00455618463 -0.0811936334 0.0694795325 -0.332503617 -1.3232981 0.494475245 -1.09006596 0.598363876 -0.0446674488 0.632932127 0.0971132889 0.161340043 -0.164965302 -0.368498504 -0.772486627 -0.328164786 -0.196982428 0.0788444132 1.32471383 -0.0244542211 -0.212712049 -0.965906739 0.5085361 -0.399013907 -0.00109900394 0.147210404 0.518329024 -0.200344741 -0.11846108 -0.00720024668 -0.185022011 0.409803599 0.121299654 0.0323267169 -0.575797498 -2.64758348 0.287577242 0.130448788 0.213561684 0.3802239 0.410317481 -0.23936069 0.394711554 0.470194668 -0.50222528 -0.395152122 -0.0791228116 -0.147317782 0.0800272077 -0.141290978 0.620674074 -0.400804669 0.190728813 -0.118585423 0.215078503 -0.117618918 0.0376097001 0.299504071 -0.142174676 -0.223908022 0.352967471 -0.0158577655 0.0876625106 -0.00693951827 -0.203555241 0.0688081905 0.45465678 -0.317267388 -0.0289680157 0.213460162 0.251007229 1.3456018 -0.411861986 0.251196146 -0.198344842 0.177301407 -0.000635276898 0.030530056 0.107406616 0.395346582 0.0258215647 0.660886943 2.37233639 -0.174715415 -0.02466188 0.137190327 -0.384176493 0.294156253 -0.352017194 -0.964219153 -0.0368627347 0.168914661 -0.120090201 -0.0804243907 -0.11592003 -0.334942192 0.60673064 0.192373589 0.13345322 0.223240122 -0.0600886866 -0.332833707 -0.290153354 -0.0193245765 0.298781127 0.0841782019 0.285750538 0.130149454 0.25850144 -1.13469899 -0.0981018618 -0.0444463976 0.429677904 0.15743354 0.136262387 0.725372553 -0.412025332 0.0430183597 -0.513807714 -0.387181848 -0.365813375 0.219789356 0.746231437 0.119027443 -0.478297442 0.354061812 0.250083625 -0.319106013 0.628117681 -0.449552387 0.586103559 0.174337745 -0.34008494 -0.260288268 -0.162656471 -1.13425982 0.0697741136 -0.120051503 -0.380855203 -0.219471067 -0.591169238 0.560891807 -0.118358739 -0.458055288 -0.17836003 0.0398552567 0.734013915 -0.40476495 0.650567293 0.0461308137 -0.600914359 0.243164003 0.339774162 0.384554356 -0.13857682 -0.362678587 0.124868892 0.0613987409 0.360470146 -0.834967315 -0.76345551 0.265848428 -0.379323393 -0.110016748 -0.0300763864 -0.69549793 0.0255116597 -0.33019042 -0.214164406 0.522562623 -0.189863592 -0.135637611 -0.249258518 -0.654602408 0.137908593 -0.085276708 0.0261408538 -0.328461379 0.476637334 -0.223864377 0.222975343 0.316854328 0.131123438 -0.0329173617 0.278597444 -0.195900306 0.540407479 0.333368421 -0.0171876978 -0.0577240959 -0.411737055 0.549621701 0.105085813 -0.472696364 -0.455236495 0.178437084 0.387124926 0.0769797266 0.764889061 0.473445028 0.580939591 0.195968717 -0.975842476 -0.415581644 0.265248686 0.28336966 0.236829877 -0.478591591 0.644418597 0.141454756 0.968857706 0.772683978 0.867323637 0.0265931804 0.525331795 -0.494654357 -0.264026791 -0.0844165981 0.493480116 -0.0315981507 -0.127138257 -0.405111998 -0.0967026204 0.524383605 0.29663083 0.0526774786 -1.21999609 0.205213308 0.589795649 -1.90978348 0.0345555618 -0.235987306 -0.723159552 0.437372118 0.221958727 0.964924276 -0.918065548 0.250604898 -0.148335934 -0.241281494 0.363651186 0.587710857 0.961087048 -0.694392443 0.423765093 0.724624574 0.0305098332 0.205071315 0.338839859 0.373435348 -0.152644172 -0.080446519 0.151973188 -0.305066854 -0.354701877 0.0452056006 -0.362304509 -0.0441781655 0.0181829501 -0.417711854 0.34224844 0.00794364698 0.795020878 0.481135577 -0.014071146 0.0090726288 -0.167756245 -0.282098085 -0.733167648 -0.592467964 -0.000320518651 -0.655276 0.178621322 -0.357717454 0.806884229 -0.595323324 -0.294144571 0.0882119313 0.463045239 0.20933941 0.236663774 -0.270627826 -0.844223678 0.310541064 -0.170566797 -0.101618335 -0.817697644 0.540629447 -0.0255576987 0.219765171 -0.385629267 1.52176547 -0.393587351 0.326081067 0.229758814 -0.236706823 -0.00155366154 0.563059866 0.244060025 -0.0772602782 -0.121104322 0.075845167 -0.286117554 -0.569457829 0.339026779 -0.470448285 -0.537205994 -0.233629882 0.782035947 -0.103791788 0.444543391 -0.448113263 0.3717345 -0.352983057 0.459583372 0.365057588 -0.151749805 -0.505258441 -0.124200195 0.484034568 0.196449503 -0.37301138 0.337417632 -0.198851556 -0.648097873 0.271496773 -0.462313622 0.63646698 0.0113765085 0.368224531 0.00565767847 1.38350952 -0.215556487 0.509577274 -0.456830233 -1.45444262 0.0329669155 0.312167048 0.617170513 0.187054992 -0.145937547 -0.21221742 1.01004505 -0.0854128376 0.265442789 0.0866672471 0.0494254492 -0.129326776 0.305869609 -0.356201231 -0.294954687 -0.19813773 0.142646611 0.096104525 -0.434743583 1.31194067 0.0744626224 -0.867625237 -0.00944133475 0.173357368 -0.124408759 0.559607148 -0.472256273 -0.704619527 -0.278430164 -1.0956049 0.282593966 0.0852554515 -0.221103877 0.166117892 0.00431273505 0.00196916377 0.0140224285 -0.0270295106 -0.108380988 0.165602326 -0.13657625 0.0903557613 -0.379869401 0.408907682 -0.561280668 -0.081537582 0.140468895 -0.763629436 -0.213062644 0.637934029 0.416534275 -0.277760237 0.3458004 0.118418626 0.113466024 0.414789259 0.116609477 -0.135956794 -0.547803819 0.206157371 -0.117375344 -0.445909649 -0.0333617777 0.13952224 -0.0281170011 0.189121842 0.384182364 -0.0769699663 -0.339311808 -0.0283121597 0.542594016 -0.145821288 -0.0643261969 0.555709362 0.0818910524 0.136757761 0.177288875 0.0728908032 -0.431995094 -0.16850704 0.141349226 0.124475658 -0.348586589 -0.511798263 0.159791633 0.258674502 -0.448256671 -0.407326728 -0.0345196426 0.602211475 -1.439273 -0.0529137217 -0.0853640512 0.473568141 0.275487572 0.60809809 -0.594209373 0.294033557 0.63251096 -0.0994640589 0.407517403 -0.0155177638 0.342789918 -0.102542661 0.0558357462 -0.0999474227 0.390970081 -0.287782073 -0.214979589 0.361352652 0.212439284 -0.732565999 -0.328149885 -0.104572579 -0.17673029 0.232597947 0.0391487628 -0.686368823 -0.5666821 0.480059773 0.50793618 -0.225603893 0.395694286 -0.192108139 -0.210615844 -0.406808734 0.0679194108 0.626356661 0.104328893 -1.02648163 0.885081291 0.0748422071 -0.95496881 -0.539436936 0.326320916 -1.52844298 0.177032992 0.448331594 0.141882524 -0.655620456 0.339493603 0.0980827287 0.132510975 -0.0932251364 0.0255262796 0.265225291 -0.483011186 -0.924641848 0.0173528232 0.714689255 -0.245530948 0.381015152 0.224518716 -0.330191314 -0.051875513 -1.02040946 0.278205216 -0.685188532 0.0479605496 -0.944068193 0.754782736 -0.0751226172 -0.391195863 -0.0781587213 0.874613225 -0.143285453 0.515839219 0.136525735 0.347008228 0.319214761 0.241779 0.154055268 0.350245923 0.171898097 0.405113637 0.0783345178 -0.177675903 -0.161783516 0.457686663 -0.331394494 -0.0334556662 -0.23259902 0.0559595749 -1.03488481 0.135553896 0.0426488966 0.262565702 -0.0610565804 0.100874625 -0.00723220408 -0.242563754 0.626124144 -0.013928568 0.0192907695 0.452803522 -0.000350657734 -0.315296888 0.428657204 0.626614451 -0.0705076233 -0.185242161 -0.124003999 0.133436725 -0.0319639891 -0.549723744 -0.0881963894 0.155985087 -0.435196221 -0.380853385 0.406841397 0.107470557 0.366449475 -0.388672978 -2.4026556 -0.772283554 -0.30071485 -0.0326970629 -0.535606623 -0.590600371 0.327523261 -0.816422641 0.444858104 0.430019438 0.220922828 0.555744946 -0.151105076 -0.384107679 -1.02096713 0.568071485 0.0962914303 0.390681297 0.909636915 -0.225335047 0.321349323 0.0672442243 -0.511788428 0.27405858 0.310292035 0.0105738612 -0.0591719374 -0.306933045 0.0667209402 0.225757569 -0.0441367216 -0.219637141 0.104393549 0.372078121 0.191795856 -0.389939249 0.153857917 0.579858243 0.341626436 0.00968319364 -0.458298922 -0.128204644 0.762775123 -0.21123594 -0.71096611 -0.11509835 0.224124834 -0.615579545 -0.267753661 -1.83309639 0.166891038 -0.418054104 -0.0313553624 -1.98916495 0.112011306 -0.26693809 0.185386688 0.293373048 0.424646974 0.339648634 0.215070128 0.0396622904 0.225020736 0.184158564 -0.288873494 -0.0845832825 -0.306839585 -0.0161084998 0.0362441353 -0.081902802 -0.0253568143 0.0442974232 -0.751112044 -0.454516172 0.214437813 -0.403826028 0.685663879 0.759437084 0.283950925 0.0284308475 -0.0809095129 -0.58639729 -0.167392433 0.13321279 0.330606759 -1.68177962 0.544804156 -0.178787023 0.26175198 -0.0260758027 -0.187626839 0.216169983 1.35319984 -0.368671089 -0.16643016 0.0361862481 -0.078284137 0.0771235079 0.263549566 -0.978283703 0.0540280789 -0.509099424 -0.0615943037 -0.325080812 -0.830813885 -0.15694049 -0.777376413 -0.543924749 -0.00856478512 0.1112855 -0.115006387 0.134595007 -0.133937314 0.500659108 0.0680968463 0.12822029 -0.0215044115 -0.22276786 0.419811606 -0.00063611404 0.0576145835 0.261138618 0.252585292 0.337744892 -0.90395081 0.0106849074 -0.149367854 -0.224740818 -0.291439325 0.00480224052 0.321810365 0.252982616 0.534473002 -0.0320172459 -0.154342264 -0.275577009 0.226749703 -0.227353796 -0.285630554 0.018187331 0.453018546 0.985546172 -0.475941479 -0.242606521 -0.0727931112 0.571193695 0.084337458 0.0964159891 0.306289256 0.184309438 0.202261597 0.153521314 0.181711674 0.412399888 0.134634867 -0.269374102 -0.0775432512 -0.553044677 -0.0697093755 0.273367524 0.515172601 -0.272422552 -0.855005026 0.161183953 -0.379096657 -0.205714062 0.32487756 -0.0664995238 -0.0256144647 -0.00290799933 0.234244451 -0.328155428 -0.402713478 -0.0107388888 0.420481801 -0.401730269 0.336347759 -0.0662955418 -0.676087081 0.0475727729 -2.49814487 -0.195753917 -0.325285554 0.523099482 0.663920641 -0.0335651301 0.260386586 0.259316057 0.0461130925 0.338718235 1.34746492 -0.0123304911 1.32533371 -1.67617822 -0.0430102684 0.176250741 -1.42673993 0.190099165 -0.1790535 -0.353418767 -0.305936426 -0.905055106 -0.318403184 0.48553589 0.827167392 -1.36937249 -0.0683839768 -0.0324883461 0.088851437 -0.400393039 0.260873556 0.339031935 0.154718563 -0.0680795535 0.021607155 0.337717682 -0.270482481 0.521005809 -0.369582921 0.00699945027 -0.111341961 0.54279542 -0.296854526 -0.148451984 0.221407503 0.240053222 0.419573247 0.0771522969 0.140464082 0.295699745 1.03716969 -0.162266523 0.124574654 -0.738539875 -0.967588961 0.240769461 0.108515851 0.216978371 -0.107924409 -0.395305455 0.564805627 -0.896671176 -0.0794303194 -0.373958439 -0.405218691 0.804240644 0.00813102443 -0.783192217 -0.560239196 -0.014783497 0.942533076 -0.28277275 -0.285073578 0.00538822915 0.727460325 0.309594035 -0.667621195 -0.901103854 -0.213110179 0.530005574 0.0987163484 -0.211293295 -0.0857381299 0.149265617 -0.672144651 -0.253818184 -0.556299925 0.870957494 0.0139379418 -1.45154476 -0.0393536054 0.53875941 0.532625735 -0.134869039 -0.642356396 0.442819417 0.445240527 -0.525766671 0.518360555 -0.525629461 -0.515586436 0.705438733 0.200829521 -0.1238911 0.166631609 0.336609036 0.0531318262 -0.0143151069 -0.268706679 -0.369198024 1.14372993 0.547711611 -0.310292929 0.19877699 0.381013036 -0.442426085 -0.326500386 -0.0190032758 -0.722492874 -0.141131699 -0.481618971 -0.0977595225 -0.731327355 -0.0402465202 -0.378671676 -1.39141941 0.616782308 -0.107217439 -0.0997700989 0.872100472 -0.0116930995 0.0930456221 -0.750819743 0.130501017 -0.0897344127 -0.628836215 -0.265973687 -0.113940716 -1.36172831 0.0342126749 -0.284954578 0.036368046 -0.277777523 -0.227132097 0.232658401 -0.0888514593 0.183480278 0.00665868632 -0.544573069 -0.483024567 -0.931759 0.160764277 0.518675625 -1.37579203 -0.498108029 -0.485185087 -0.354695916 0.0494167879 -0.158313379 0.721059501 0.549611986 -0.291506857 0.215196595 -0.304509223 0.134569556 -0.695662379 -0.232176393 -0.111360043 0.265444905 0.0166465696 -0.239949808 -0.0846656933 0.947901726 0.207769126 0.0580986217 -0.44173944 -0.103678353 0.191148564 0.22129111 -0.425762624 -0.154597983 0.204466805 -0.654181182 0.0545683764 -0.219616562 -1.23459244 0.219426662 0.162325814 -0.0879374668 1.31478429 -0.273420423 -0.247547403 -0.40372467 0.870148242 -0.0740580261 -0.0317427218 -0.168463141 0.0405104086 -0.0941620246 -0.424696088 0.159329534 -0.22280325 0.569818258 -0.438280582 0.614958525 -1.36181176 0.102370508 -0.450588524 -0.0567232184 0.343166322 0.484240741 -0.931314349 -0.311873823 -0.050694745 0.905695736 -0.0143091511 0.527819514 -0.210918725 -0.118986525 0.562746763 -0.587837398 -0.257582039 -0.146300107 -0.506475687 -0.208149612 -0.238284111 -0.106832206 -0.375546008 0.160900652 0.852327883 -0.234187454 -0.105155408 0.244462967 0.0596293919 0.451945007 0.0295979884 -0.849497318 -0.162006497 0.628431916 -0.0865169093 -0.150213599 0.353847861 -0.0156069929 -0.144814283 -0.324561685 -0.17735146 1.14423907 0.0550219081 -0.10068021 0.926533878 -0.0935072899 -0.365684271 -0.0654595569 -0.273676425 -0.116545454 0.634730339 0.197512165 0.67081511 0.191027701 0.00268786214 -1.30091226 -0.517623365 -0.827103078 0.0815174282 0.348554313 0.0958241671 1.65924811 -0.455060095 -0.505927444 -0.466978729 -0.0380228795 -0.639545262 0.0695767775 0.251036704 -0.16776529 -0.505508244 0.130293161 -0.44724828 -0.00863442756 -0.0573537797 -0.357978761 -0.226943612 -0.047932554 0.390450329 0.267530113 0.116381556 0.197463706 -0.281579494 0.209141657 -0.1772082 -0.124284387 0.204144105 0.374412805 -0.586319029 0.116542757 -0.154276237 0.143346146 0.442749143 -0.0739106238 0.216044709 0.546739876 0.905544937 0.270220339 -0.201456442 0.257602125 -0.629095912 -0.84433037 -0.304028988 -0.361550778 -0.726996481 -0.23707895 0.127049446 0.182921484 -0.0233502369 0.16509828 0.0882146955 -0.0049744104 0.119056791 -0.416347623 0.457526743 -0.198645279 1.90114701 0.331348002 -0.367039025 0.256942689 -0.0137600387 0.302268237 0.294918865 0.402657926 -0.139900029 1.08736384 0.27853471 -0.741141021 -0.709924757 -0.624581754 0.10700684 0.394300729 0.159885332 -0.0167530291 0.00513513433 -0.508532107 -0.564856827 0.8768664 0.116623968 0.0653503165 -1.47856903 0.358543843 -0.153718725 0.421175241 -0.0999356061 0.399617314 -0.62225306 0.183964089 0.160976514 0.29141295 0.0876342505 0.724035501 -0.457495511 0.00722723873 0.0400224775 -0.134977683 0.569108129 0.550290108 -0.143672973 0.181308717 -0.102209911 -0.549084842 0.298209786 0.354120702 -0.0162905883 -0.576376975 -0.534357011 -0.286482483 -0.570960045 -0.89324826 0.00675756717 -0.141635001 -0.541505516 -0.144727454 0.479160488 -0.0112521853 -0.563917816 0.0627474114 0.221362233 0.274833173 -0.152800664 -0.194902942 -0.195606694 -0.418673962 0.0288875699 0.224896148 -0.0901802406 -0.00832340866 -0.518925488 -1.44916475 0.186421618 0.297834039 0.194337577 0.314525068 -0.231580123 -0.555930495 -0.404558629 0.00592141086 0.0494054481 0.220502555 -0.182742462 -0.779820502 -0.593016386 -0.210768908 0.828729153 0.165064514 0.0949718058 -0.519918799 1.16037643 -0.25180468 0.0837193951 0.104221717 0.0693879649 0.0635197908 0.329746842 -0.325361431 -0.635311663 0.0736187249 0.542935848 0.0671437457 0.0194336511 -0.558350027 -0.0240285136 0.0326583907 -0.58751452 -1.69262075 0.527294338 -0.237125367 -0.184976101 -0.31589824 0.563226759 -0.245819569 -0.416378677 -0.185187906 0.323430359 0.239448145 -0.277263999 0.461066246 0.166552529 -0.374258637 0.131863311 0.232688293 0.419263124 -0.186509192 -0.111312911 -0.0246848017 0.553036511 0.237388745 0.167213038 0.155748054 0.0123668686 -0.0186067242 0.64009726 -0.00360283698 -0.329491705 -0.375977755 -1.24655175 -0.625293016 -0.33016786 0.136442602 -0.0701699555 -0.166312054 -0.221670762 -0.613392115 -0.276903778 0.0661634505 -0.534718513 0.173343375 0.0997340158 -0.182384491 -0.641093493 0.538464189 0.231892362 0.757692754 -0.258271068 0.718889177 -0.100953214 0.141679332 0.0285782497 -0.0230683759 -0.579092801 0.256260246 -0.374595881 0.326752096 -0.0528243668 -0.040665552 -0.460814089 0.285844237 0.0382862948 -0.878710151 -0.621183872 0.0792147368 -1.16901851 -0.0606061295 -0.217068866 -0.223959148 0.314803272 0.672871172 0.332120448 0.16178605 -0.199490637 0.328151435 -0.313367993 0.468902439 0.054339096 -0.0861618593 0.0900486484 -0.0209561661 -0.0408403203 0.214997068 0.014218091 -0.102403641 -0.218534216 -0.252195776 1.15811682 0.0270010605 0.16711168 0.221100077 0.52139312 0.0429428741 -0.457661539 0.369909376 0.0898764431 0.60355556 0.0654184595 0.344506085 0.0982892364 -0.259264976 -0.467222512 0.495618403 0.0594884232 0.298900962 -2.66572165 -0.127966642 -0.964466035 -0.0786081478 0.232300431 0.234519809 0.252350599 0.158608377 -0.0721729398 -0.111760393 -0.140269518 -0.0177530237 -0.577057064 -0.0730596706 -0.0719468594 0.0591436438 -0.37917164 -0.184180975 0.126682922 -0.0934756622 -0.621059656 0.203116715 0.384660065 -0.720277131 0.0368431173 0.177345097 -0.104737915 0.442131788 0.258999795 -4.89720631 0.0265978202 0.0562654473 0.373606235 -0.174801275 0.749294758 0.213503227 -0.589639246 -0.331375718 0.429441899 -0.224859998 -0.271578103 -0.623344779 0.728177249 -0.738412797 0.208042786 -0.071485281 0.304424375 -0.0306315981 -0.4524616 -4.21414328 0.171725869 0.0999527499 0.304048687 -0.262237042 0.268964201 -0.0154821957 0.119770333 -0.2961559 0.0786497742 0.367208511 1.03987122 0.0457402281 -0.0366048031 0.611513376 0.713546097 0.08198338 0.772093832 0.138035506 0.311365724 0.716694474 0.51456666 -0.0270494744 0.242328838 0.198878065 0.0251749121 0.0488522463 0.598235369 0.0408028997 -0.116115831 -0.164560422 -0.536593258 -0.240778968 -0.0605611429 -0.137795538 0.269463241 -0.355942845 0.16322948 0.108008772 -0.305219859 0.754869938 0.453376889 0.274744809 0.348782539 0.763552368 -0.2653355 0.328195602 1.46025717 0.257525444 -0.11878819 -0.140757844 1.52769256 -0.120981015 -0.0953005105 0.0759832263 0.694210887 -0.168471009 -0.12772651 0.364197284 -0.054893814 0.050874956 0.0686847195 -0.0317396037 0.22642684 0.971302629 -0.360162586 -0.645203233 -0.100596257 0.219070002 0.0262949206 -0.226537779 0.133312687 0.268345147 -0.0968632177 -0.246811539 0.135087073 -0.641084194 0.374396265 -0.415492862 0.250716418 -0.201978788 -1.05989087 -0.270299196 0.604367495 0.0878436938 0.774372876 -0.0361993723 0.0636344925 -0.253155798 -0.034052223 -0.38472566 -0.0679705963 0.00383423059 -0.0278309509 -0.0654036924 -0.0359454267 -0.401497006 -0.173214406 0.526197314 -1.01713371 -0.179449081 -0.134255961 0.145978257 0.149925679 -0.246058494 0.187009171 -0.314161956 0.129160866 -0.150811031 -0.112527139 0.00581620634 -0.495140523 -0.613370478 0.124034807 0.0755166411 0.662553132 0.0767299384 0.361464351 0.337474018 -0.18506977 0.0901129469 0.48314777 0.377548724 0.0431510396 -0.152557522 -0.150198266 0.0573391318 -0.57678622 0.69594568 -0.621041238 0.902174473 0.0362603739 -0.435567856 -0.560090899 0.10743548 -0.463613093 -0.439380437 -0.312497228 -0.578864813 -0.942523241 0.433517963 0.00838789809 0.33001253 0.169445455 0.164002806 1.3800981 0.158767551 0.509663939 0.0890806615 0.203416482 0.0707184151 -0.254388183 0.481894314 -0.196259752 -0.108467862 -0.395621866 -0.46957019 0.0732296184 0.517462015 0.134595364 0.181570664 -0.579342365 0.195150107 -0.941239357 0.29834339 0.394409657 0.191300839 0.0352059454 -0.294537365 -0.217435852 0.467727214 0.16203028 -0.386855513 -0.434748888 -0.120063819 1.32048452 0.279375851 -0.0225799643 -0.0742677152 -0.577564657 -0.0893898085 -0.451442987 0.0938651264 0.273941159 0.0715370476 0.180659071 -0.342086732 -0.116948768 0.749849796 -0.140362144 0.468010426 0.178930864 0.208996579 -0.23301293 -0.116199538 -0.231485531 -0.219860658 0.0112034148 0.0776733011 -0.0230778139 0.0727300495 0.0430231281 -0.216430277 0.141414493 -0.0271348953 0.167109117 -0.490177155 0.502355754 -0.126300231 -0.292563319 -0.416139692 0.416403651 -0.234622419 -0.464090288 -0.106565252 -0.971329868 0.0771352127 0.0712723657 -0.0690941736 -0.688485682 0.131385237 -0.0519932061 0.905484557 -0.163558438 0.0770996511 -0.00588742783 -0.105035536 -0.589557707 -0.669378221 0.197933838 0.347316355 -0.498197705 -0.261108845 -0.484891295 -0.351810157 -0.500566661 -0.0350316055 0.316123784 -0.339500815 0.357484013 -0.363835186 0.212761626 0.489030451 -0.228495747 0.208913386 0.439037472 0.0759117752 1.11102045 0.13990663 -0.00272971741 0.52116853 -0.310384154 -0.626431942 -0.00888834335 -0.0483465604 -0.547324181 -0.235570252 -0.137813538 0.309713811 -1.29582095 -0.121398188 -0.666947305 -0.00418610871 0.132566899 -0.315914601 -0.167324379 1.01123369 -0.203083426 0.157064781 -0.314772636 0.403846294 0.153491721 0.485831946 0.587138295 0.322443008 -0.0127188843 0.587333918 -0.419413209 -0.195964694 -0.111746892 0.253593743 0.031293612 0.00550237205 0.118410431 -0.07602451 -0.441372156 -0.242128104 -0.296258688 -0.0953637436 0.243562341 0.0752764717 -0.096047543 0.485423476 0.0982862413 -0.163014606 -0.70520401 0.629369855 -0.214876845 -0.256572008 -0.587534249 0.275973529 0.123101197 0.441947669 -0.407072842 0.280528426 0.0776183531 -0.2295755 0.490941882 -0.00818202272 1.0348767 -0.0112298876 0.61423409 0.00423570303 -0.00319680432 0.201177821 -0.181192249 0.616821468 0.497994304 -0.0466684923 0.702247858 0.351000458 -0.302616686 0.364624053 -0.519143105 -0.240906462 0.113621861 -0.253969193 0.141005144 0.379344046 0.0834677443 -0.172852978 0.268185377 0.0957789049 0.331863195 -0.1330235 -0.304155529 0.195861146 0.973736107 -0.274959475 -0.6068995 0.0565072857 0.36078459 0.703853011 0.0602913834 0.371579349 -0.543548286 0.119812772 -0.351206481 -0.416597873 -0.109826967 -0.00371981063 0.403360486 -0.0243947972 -0.380720496 -0.388883501 0.180971339 0.216597944 0.42316094 0.006820329 0.290777117 -0.72001642 -0.210079148 -0.192455977 0.0531918518 0.163021728 -0.0453305505 -0.203870982 0.630372703 0.297303855 -0.486274034 -0.0886280239 0.362399548 -1.20246613 -0.354641914 0.164358974 0.35020116 0.0599530563 -0.101735093 0.0540333353 -0.719454527 0.0903541595 -0.706578016 -0.0183442421 0.0762288049 0.267467082 0.00998352654 0.270896763 -0.0897705853 -0.478017479 -0.214518204 0.501923621 -0.538877666 0.26435703 -0.0589503124 0.338871866 -1.38714969 0.604812384 0.0725705773 -0.166040614 -0.176882133 -0.0519694984 0.884478331 -0.186604738 0.370354235 0.124795452 0.700003266 -0.125898317 0.0218493789 0.0587181747 -0.459027737 0.307432175 0.116218112 -0.311248362 -0.10325446 0.115133949 -0.0935543701 0.309666306 -0.0961123854 -0.0534376502 -0.12121585 -0.0943496674 -0.0636602342 -0.191648692 0.0988642201 0.47955218 0.150232121 -0.155138597 -0.127666384 -2.7947824 -0.146196291 0.00177482888 -1.52405155 -0.273918957 -0.508486688 -0.477846056 -3.40132594 -0.0900780335 -0.941724718 0.0812040716 1.14066541 0.0566377379 -0.0403059758 -0.0279329587 -0.0314897411 -0.03104374 -0.166502625 0.132722184 -0.1702663 -1.70051718 0.655926943 0.350656241 1.44945097 0.208780602 0.651382446 0.196112946 -0.205214962 0.0171373878 0.556774557 0.228061736 -0.479361564 -0.28706795 0.604367495 -0.0208063405 -0.522535503 0.322974801 -0.056623213 0.194949999 -0.789964616 -0.415150315 -0.227084786 0.358987123 -0.108762145 0.102155529 0.113304913 -0.0821090341 1.13861132 -0.868804216 0.438188702 0.29161346 -0.187426254 -0.290526241 0.465317041 -0.241014555 -0.519640982 0.567113876 -0.105193511 -0.226035774 -0.368446082 -0.298468798 -0.0800262839 0.214323208 0.192618206 -0.97149086 -0.796405196 0.126259848 0.983795762 -0.472872525 0.0904575363 -0.352452904 -0.12996003 -0.152447253 -0.346590251 0.205332637 -0.552013159 0.117201872 0.203060776 0.439418316 -0.265791476 0.659198642 0.592946649 0.300867289 -0.194156662 0.95038712 -0.435123861 -0.159321353 0.498283386 -0.0582844056 -0.488301277 0.269025117 0.23443374 0.118358962 -0.238471046 -0.20512265 -0.423303872 0.712905586 0.139247507 -0.674673438 -2.95331359 0.32290408 1.0722394 -0.143202916 0.0123032071 0.0859412253 -0.596714199 0.178130046 0.0642124787 0.324066937 0.621211588 -0.959160507 -0.342522532 -0.0306560919 -0.331071526 0.0989531428 -0.31949082 -1.47023749 -0.296152025 -0.34570092 0.585203528 -0.270179987 -0.479079723 0.0514954068 0.175698191 0.480714232 -0.0187275466 -0.372092128 -0.74614203 -1.10637915 0.24792029 -0.158880219 -0.0352986231 -0.0613447949 0.0628566146 0.0888303891 1.31827378 0.125927374 0.355308682 0.376084596 0.475607127 0.250056058 0.106224626 -2.11010599 -0.507404089 -0.620905101 -0.301690876 0.177131012 0.0101703806 -1.95801902 -0.38983804 -0.403925031 -0.705709219 0.0302715395 -0.11694245 0.264008969 0.425194323 0.0326339193 0.0115771526 0.400732338 0.254332721 0.644649267 -0.0627703667 0.352124751 -0.0278856475 -0.197124735 0.526452601 0.286613315 0.170497209 0.368344158 -0.371046185 0.0114064086 0.163376823 0.0301936902 0.524633706 0.277912289 0.693485677 0.195741817 -0.786291122 -0.198232099 -0.145233735 0.580768406 -0.193792596 0.0492732003 -0.558985889 -0.197331995 -0.125261337 0.0490038879 0.34351334 0.0554545335 0.480668366 0.195300251 -0.844182849 -0.823108435 -0.538704216 -0.159993872 -2.16358638 0.853804708 -0.961509466 0.574809551 -0.896498799 -0.511624873 -0.420684099 0.185212389 -0.873442948 -0.154878139 0.270324916 -0.416542858 -0.0766738877 0.197330818 0.255068392 0.439629436 0.140455648 0.0356582887 -0.371917695 0.0303837005 -0.0583658144 0.713401973 0.454050064 -0.0826686844 0.0671145171 -0.261099786 0.256924689 -0.210963428 0.283544958 0.960309386 0.202539504 -0.124484137 -0.351185203 -0.524041831 1.06367421 -0.0346084759 -0.852756023 0.0457832552 -0.0433160625 0.212300554 -0.189296424 0.0852261037 0.10356281 0.0473721996 0.368739665 -0.311123103 0.0346719138 0.0914311856 0.408591688 0.297090709 0.025027601 -0.287857085 0.401131243 -0.637317538 -0.212437093 -0.165491596 -0.0143378116 0.0296461005 0.51689136 0.574367285 -0.0835082158 0.569306314 -0.338540584 0.366104633 -0.0130556663 0.0576369166 -0.164153621 -0.452522039 -0.335392535 -0.0872656032 -0.21096544 -0.129147112 0.603474498 -0.229664385 -0.121275045 0.0714744404 -0.30272451 -0.863051951 0.670678377 0.453402072 -0.0470500514 0.237301186
tensor_linearrelustack9bias 1
-0.7420035
tensor_linearrelustack0bias 64
0.143603995 0.144371405 -0.936798751 0.243146718 -0.253783762 1.10456443 -0.427617282 -0.216138139 0.265313119 0.25387156 -1.01088154 -0.868238866 -0.567961097 -0.0907760262 0.993868589 -0.599469841 1.02714562 0.0166119393 0.262676001 0.213475585 0.728539586 -0.492980272 -0.492253751 -0.22389999 -0.750270784 0.557252228 -0.453421175 0.173560202 -0.399809659 0.162116185 -0.460047215 0.66434586 -0.442060173 0.107312694 -1.07065225 -0.960313201 -0.489848644 -0.0751501545 0.294323146 0.488013804 -0.618551135 -0.239451855 0.121871397 0.531910181 -0.321999252 -0.293361425 0.716262043 -0.730675995 -0.478858858 -0.651210487 0.9460361 0.208726257 0.297870159 0.658268988 1.084203 -0.196556479 0.788868785 -0.424509585 0.396175146 -0.360509843 -0.154875547 0.166956544 -0.847059369 0.950309515
tensor_linearrelustack6bias 32
-0.107599989 0.30765295 0.207455367 0.0842140466 -0.0333667435 0.110984355 0.0442424081 0.291081697 0.113207802 0.446335852 -0.155398026 0.177897066 0.2122574 0.178284273 -0.0807293952 0.411981165 0.745188355 -0.266251743 -0.00499926601 0.361961037 0.174802959 -0.116691016 0.183006734 -0.358081758 0.371309847 0.36445269 0.908632696 -1.02036917 0.529977083 0.570705175 0.370136291 0.359379172
tensor_linearrelustack0weight 896
0.127303198 -0.00889124069 -0.109642513 0.1409325 0.00956021622 1.09684348 -1.33188117 -0.0889337733 0.492467672 -0.032397788 -0.372794598 0.266901225 -0.34922415 -0.136100173 -0.909767628 -0.0603451841 -0.091261819 -0.020654887 -0.101898253 1.0781256 -0.570268154 0.118743256 0.183128387 0.0929718763 0.851285756 0.0279761143 -0.110231608 -0.757762432 -0.0910874456 0.0204694793 0.0556395464 0.125958741 -0.891650975 0.724728227 0.656826198 0.205818534 -0.112097949 0.159289986 0.36187005 -0.0684296787 0.152762219 -0.577538729 -0.317700684 -2.19607973e-05 -0.583100438 -0.000741459487 -0.0186771993 -0.775060117 -0.0791797265 0.331101 -0.135296762 0.012704852 1.04290855 0.0300334152 -0.240534246 0.0400543511 0.120106496 -0.158845067 -0.669115365 -0.435103893 -0.0836447999 -0.0670128316 -0.5076648 -0.970337987 1.11568642 -0.188609213 0.265685469 -0.0215834361 -0.156589985 0.0461379625 0.400432259 0.0670200363 -0.0775508657 -0.0194182377 0.110002585 0.0937315598 0.220820114 0.664315999 -0.378201514 -0.0488046855 -0.0948116556 0.0342005342 0.0744546726 -0.542195022 0.195639238 -0.0604635701 0.0429577753 -0.0107757458 -0.0323561095 0.213697761 -0.0419906788 0.562523901 -0.797413647 0.00247771014 -0.0543418862 -0.216574565 -0.454695016 0.698006094 0.136289999 -0.137147576 -0.0530779026 -0.121897742 -0.11144539 -0.302343994 -0.215459064 0.126063228 0.196826354 0.0753755048 0.389186651 -1.32686973 0.0799399987 -0.190892562 -0.282537162 0.167124063 -0.252403826 -0.369951338 -0.461770654 -0.277775794 0.375930935 0.256752878 1.08966684 -0.0138893332 0.331499934 0.39160955 -0.593790114 -0.0446619093 -0.0912496448 -0.217457786 -0.14426358 -0.0334644169 0.115744695 0.289655447 0.403452665 -1.31836796 -0.463637769 -0.00181352103 0.551662028 0.0867959112 0.0973144472 -0.690694749 0.338335425 0.498362482 0.30504328 0.07870996 0.0487321503 0.859143019 0.159107581 -0.771620274 -0.359285682 0.57047081 -0.00849761255 -0.0389973819 0.412954807 -0.0619808063 0.11616905 -0.0342724957 -0.0101429485 0.133965194 0.0331925936 -0.42351228 0.429828793 0.35466218 -0.516554236 0.0476565547 -1.42037523 0.726236403 0.175539747 -0.0656000078 -0.0832996443 -0.24232839 0.187687442 0.0705116913 -0.339024067 0.813480079 0.145094857 -1.21929979 -0.0477989875 0.097781688 -0.306032062 -0.00206971052 0.344664067 0.564144075 -0.376614541 0.493110597 -0.240835294 -0.0726211891 -0.129557922 -0.107494041 -0.0953370109 -1.09074891 0.828496099 0.409207612 0.780488431 0.110558666 -0.0560837314 -0.41155985 -0.151280552 0.134707153 0.129525214 -0.0667059422 -0.0024380635 -0.132756025 -0.171650678 0.513812065 -0.0838224888 0.040418651 0.803733706 -0.00519382907 0.199237406 -1.05600071 0.0128244525 0.00619704509 -0.712265611 -0.82348752 -0.0579376966 -0.324793786 -0.318955868 0.135325029 0.22542426 -0.0477237739 0.0764996037 0.00776343886 0.397848964 0.0725517124 0.273244023 0.257629484 -0.0526641831 -0.0391003378 -0.00995137822 0.087911509 -0.199626669 0.861588418 -0.3555094 -0.0079987552 0.0257409122 0.225266024 -0.260098219 -0.959614396 0.328975052 0.162233815 0.476942182 -0.407250166 -0.0364430696 -0.775530219 0.301074922 -0.208977297 0.063356109 -0.0356096551 0.308670163 0.0581895001 -0.00506208697 -0.140847698 -0.660710514 0.0108343028 -0.0706254691 -0.0793452635 -0.0631457046 0.0907810852 -0.453062892 0.0449997634 0.221400127 -0.199974492 -0.706584573 -0.408348262 1.01898611 -0.825397491 0.0992852598 0.0227953717 -0.0113229426 0.00504743448 0.492836863 0.742685854 0.771729767 -0.578891039 -1.51267588 0.0020363701 0.395738423 0.199191839 0.120784447 -0.00462364638 0.203790843 0.228372782 -0.100142039 -0.170992061 -0.0643028691 -0.547205508 0.347900957 -0.0199619476 1.0220623 -0.166862175 -0.155394062 -0.102635495 0.050103385 -0.717616022 0.0261272807 0.354433775 0.0421841219 0.0502754152 -0.00557538448 -0.224788353 0.278789431 -0.733370304 -0.493193984 0.0181622915 -0.245245844 -0.119340956 0.532967091 0.433357 0.263175756 -0.0211578142 0.0341097005 0.0295840651 0.130247638 0.299690217 0.504332542 -0.0172705408 -0.424205869 1.039271 0.244166121 0.0865984038 -0.424189299 0.051839862 -0.180055782 -0.0458308272 0.215173423 0.19450818 0.0645858943 -0.556509972 0.730411291 0.605369985 -0.612754226 -0.0320993587 -0.0736566186 -0.254989088 -0.194762647 0.301268458 -0.16720213 -0.315021396 0.0430300422 -0.214521334 0.414904475 0.443234205 0.388105214 -0.390434355 -0.188622236 0.0163447317 -0.296899468 0.00609409669 0.330235839 0.378867954 0.0316500515 0.117703006 0.0895875171 0.0898896828 -0.0948001593 0.815620422 -0.178969145 -0.53190273 0.106482245 -0.160630807 0.291619837 -0.436402261 0.443289429 -0.344807148 0.288207442 0.274313599 -0.413501412 -0.324029267 0.149440497 -1.04359591 0.272516251 -1.269449 0.339655787 0.00422737887 0.390172958 -0.353823692 0.400332212 -0.457583874 -0.192914456 -0.0770095512 -0.418926418 0.0806184933 0.282308608 0.30467087 0.0739753395 0.403914332 -0.277641386 0.217988312 0.598696291 0.540141761 -0.0339053608 -0.38092348 0.0453740954 0.220449254 -0.216726765 -0.202933818 0.401877284 -0.341926187 -1.44092131 0.012543072 -0.00737123936 -0.121789753 0.232080817 0.239649579 -0.490635037 0.0670855939 0.214053765 0.103576779 -0.0751351863 -0.081654124 -0.0136293946 -0.201156259 -0.0265710615 -0.141251549 -0.355163902 1.06628108 0.0243255105 0.0579547398 0.341282457 0.187280685 -0.104604885 -0.0350934751 0.0963039175 0.201211005 -0.0377995521 0.368075907 1.37387788 -0.703440547 -0.522348046 0.0810555965 -0.289037049 -0.252785474 0.0686661899 0.229416877 0.0439409502 0.0241637677 -0.0153796459 0.116243228 -0.00299053942 -0.0751214251 0.184027195 0.0555908233 0.383243918 -0.0199130904 1.20324695 -0.772718668 -0.0743593574 -0.0942820907 -0.151310414 -0.0556443892 -0.868651211 -0.11669939 -0.00345673738 0.132715523 -0.207532704 -0.406018823 -0.0844077095 0.221500814 0.3317191 0.133896872 0.0447539948 0.263474166 0.00207191822 -0.0203028228 0.121189795 0.142281413 0.0140645979 0.165210843 0.217993155 -0.03781306 -0.851288676 -0.0297382493 0.67432934 1.11192894 0.27192685 0.0823912024 -0.0625900701 -0.02729344 0.0917873234 0.0465345606 0.0262331646 -0.503209829 -0.0378699638 0.377818644 -0.534272492 0.0451508909 -0.985716701 -0.466235131 -0.303273737 0.0398849249 0.0648156106 -0.0933140516 -0.254813105 -0.0894288495 0.110509761 -0.105761081 -0.77527082 0.105027489 -0.418811619 0.17712298 0.444969594 -1.31474018 -0.0569297373 -0.0469996147 -0.0154825272 0.157890111 -0.00949712563 -0.16149576 0.0308194216 0.575919271 -0.0513306148 -0.326527685 0.497848094 -0.638625324 -0.767361522 0.0502076931 -0.63220185 0.0651966855 0.0409458578 -0.278545409 0.35994491 -0.0449900143 0.0856917575 1.0050683 -0.948311508 -0.250858009 -0.0353221036 -0.0193339232 -0.0166140981 -0.0746766701 0.18919237 0.143702015 -0.0827646554 -0.222483948 0.159016103 0.0723948851 -0.136024296 1.13537407 0.11579974 -1.32016313 0.543689907 0.124817133 -0.20565556 -0.048932489 0.0508475378 -0.348402441 0.214289203 0.325019896 -0.554393649 0.0161659922 -0.0144720357 1.09107375 -0.160508662 -0.238370314 0.609674752 -0.0503188521 0.243045315 0.133930102 -0.987706661 -0.679656148 -1.15249145 -0.0506724901 0.106099889 -0.0812202916 0.141964167 -0.0909006968 0.0175128356 0.146859303 -0.473453581 -0.00470690569 0.0397850946 0.30177182 0.121753722 0.327778369 0.0682897791 -0.584106326 -0.40792051 -0.280803055 -0.23571378 -0.308199525 -0.459865421 -0.00907660555 -0.179398775 0.204121932 -0.173368514 0.124025121 1.64720225 -0.0343744196 0.0676960424 0.182901084 0.0913523957 -0.0106276385 -0.00850714464 -1.92732382 0.159750268 0.217319772 0.891890824 -0.108648472 0.0840548947 -0.171875104 -0.00316053024 -0.142340302 0.0918807685 0.00928738434 -0.0330623612 0.0469647795 -0.0429223217 -0.0706375316 0.0198761001 0.0563789085 0.562695324 0.0529508069 0.710592389 -1.03263962 -0.0819918513 -1.16576397 0.0689604878 -0.54672575 0.0709757432 0.114809141 -0.0905312747 -0.180650845 -0.262384504 -0.118146233 -0.347245127 -0.0176472198 -0.534758687 -0.378622055 0.317924082 0.331368089 -0.302028149 -0.00929412525 0.0283241384 -0.381853551 -0.053867612 -0.259218097 -0.10301616 0.227183178 -1.0764904 0.162891313 0.500807643 0.525145531 -0.061613135 0.388822168 -0.0957178921 0.0760946348 -0.0339049734 0.0140718585 0.0160160866 0.142111629 0.0407403484 -0.0530498698 0.0544058159 0.0234474391 -0.156062186 0.731629848 0.19374682 -1.89024913 -0.261845291 0.124517709 -0.32916218 -0.10247539 0.535158396 0.244497582 1.0335536 -0.769124568 0.0460591614 0.0590556972 0.248135969 -0.120722108 0.177292868 -0.222429663 0.339999378 0.21287258 -0.0241353381 0.0661681294 -0.0468860902 -0.101535209 -1.60651195 0.603287578 0.440360636 0.0538972132 -0.834870696 0.0563410819 -0.281261563 -0.0290689673 0.394035459 -0.080928199 -0.0172139481 -0.0719574019 0.111225151 -0.157557622 -0.0030857441 -0.101532876 -0.479112685 -0.0555131845 -0.567265213 0.170397729 -0.040664997 0.624844909 -0.00929951109 0.115559086 0.0233778618 -0.00479034474 0.0225620344 0.0324271619 -0.0850065798 0.0262470338 1.23520374 -0.0193977859 -0.127252236 -0.0207075812 0.0764052793 -1.04125357 -0.017451359 0.125128031 0.0949091092 0.121621706 -0.0523311868 0.24221538 -0.0728872195 -0.238112018 0.343995988 0.0114865722 -0.441978991 1.07670915 0.110879555 -0.193287924 0.0480786562 -0.00879082922 0.10824772 0.0950252265 0.108868748 -1.1455332 -0.190207273 1.19266379 -0.465116501 0.0291425604 -0.141242206 -0.24745965 0.779713631 0.113033809 0.0451269113 -0.00521745393 -0.0909278765 -0.0553665012 0.0585824884 -0.0611231737 0.402206838 -0.0278717075 0.101802476 -0.0346493013 0.404090166 -1.43523979 -0.0168891568 -0.41506961 -0.0324366875 0.0659820437 0.0135406973 -0.043690037 -0.0212042872 -0.42290473 -0.461886048 1.07245469 0.764922082 0.00423594192 -0.0913164169 0.00716087688 0.0974335298 -0.53736347 -0.188417897 -0.349751025 0.153152689 -0.0947785527 0.058562845 -0.141964391 -0.313059032 0.45989117 -0.318619519 -0.725319982 -0.00122267497 0.157434225 -0.0543794259 0.0317059718 -0.557986557 0.144870266 -0.149879009 0.16315265 0.0685147718 0.383782506 -0.117614903 0.579862952 -0.028089527 -0.0971579775 0.610066056 0.242545128 -0.351980239 -0.176489338 0.214056373 0.331305444 0.341960996 0.366652459 -0.290150255 0.0800407305 0.0103939613 -0.0908478573 -0.774667799 0.0576580726 0.556201935 0.227080852 0.489689887 -0.641961932 -0.0952682048 -0.0277600158 -0.0572810024 -0.091373682 -0.14111191 0.33062911 0.162270844 0.217958465 0.985900462 -0.0555385835 -0.176123202 0.10608454 0.0593691468 0.116579741 0.208107427 0.151990414 -0.082418777 0.0468695238 0.0992997512 0.825042069 0.6936481 -1.64594841 -0.840381086 -0.0418485478 -0.0651043579 -0.0133715039 0.0170192979 0.137240261 0.0455454811 -0.0434115231 0.0889703408 0.0197355859 -0.347476482 -0.444898665 -0.674118578 0.363349676 -1.61740768 0.0193189569 0.647119999 0.368080556 0.103287838 -0.19102627 -0.308822602 -0.506097674 0.0427673683 -0.0266126078 0.0485141352 -0.805411041 0.194458336 0.843322456 0.00428012526 -0.140885577 -0.0544331782 0.154904544 -0.0459919274 0.0178435687 -0.0151863657 -0.199541852 -0.0667913407 -0.00426492747 0.0413994826 -1.10834682 -0.312761605 -0.468251288 0.265158892 0.0340094157 -0.332804263 0.211755842 -0.162454754 0.347767264 -0.00250159786 0.0716090351 0.0380962566 0.0244964864 0.0463716984 -0.0211762674 0.0762503147 0.0720373839 0.119505018 -0.02298465 0.775950849 -0.0253495369 0.0172419474 -1.46492422
