tensor_linearrelustack9weight 128
0.0855891109 -0.683027387 0.198894337 -0.109475158 1.04686701 -1.14910638 0.269309431 -0.284631044 0.33335048 -0.293176681 0.0251444336 0.109288268 0.207679451 -0.0950383469 0.0695794821 -0.920854449 -0.176393718 0.526585758 -0.144359931 0.193381891 0.288713187 0.310398757 0.162524104 -0.301589161 -0.525277555 -0.0835868344 0.696474552 0.227822661 0.37449193 0.140022323 -0.0839549005 0.401419491 0.25897792 0.238207266 0.880179048 -0.147207439 0.117259979 0.13833186 0.105000295 0.321586609 0.0816683173 -0.0605962351 0.199544579 -0.0894159898 0.390440792 0.116790421 0.0925883055 -0.129485413 -0.0338181742 -0.0530091114 1.25715458 -0.71738404 -0.111168772 -0.144182011 -0.435247719 -0.021053981 0.0469391011 -0.965399563 0.322991699 -0.155899927 0.126003221 0.861380935 -0.110843375 0.117443211 -0.130671337 0.258099347 0.881981373 -0.991985381 -0.729665995 0.701602399 -0.866532743 -0.250191987 -0.106071204 0.097375311 0.698796928 0.440219104 0.0860326439 -0.0957136527 -0.0801996589 -1.10762143 -1.01928937 -0.653595746 0.12198548 -0.081452094 -0.570115447 -0.181099057 0.693278909 -0.0599632338 -0.999393225 -0.0878707096 0.877887785 -1.52134275 0.331301481 1.67974615 0.0843970031 1.22826123 -0.341437936 -1.58771706 -0.789752901 0.456488401 0.108616151 0.15526545 0.136249959 0.0388026722 -0.115497336 -0.14208515 0.663883805 -0.242029801 -0.0692080855 -0.426105976 0.476386964 -0.26931715 -0.214585811 0.176276177 -0.128286719 -0.0572172217 -0.123045117 -0.399416775 0.526533544 -0.23237206 0.118027031 -0.143203154 -0.125629246 -1.34754455 0.131523475 -0.076379545 0.376622826 -0.178425461
tensor_linearrelustack6weight 1024
-0.170824185 0.104673997 0.278434724 -0.750804842 -0.132652551 -0.171246767 0.140934423 0.104967684 -1.34060431 0.368542939 -1.67349041 0.126221091 -0.217348173 0.632870495 -0.253898144 -0.546711206 0.333981633 0.157121792 0.276280224 -0.193441078 -0.563402295 0.175076336 -0.241184205 0.234354541 0.0387778692 0.101566777 -0.0805026889 0.731290579 0.234940246 0.235300481 -0.131119683 -0.308262676 -0.749693215 -0.0764018297 0.769165635 -0.315563381 -0.198291555 -0.0532599762 0.11807441 -0.193025276 -0.133349225 -0.00365860178 0.277415484 -0.679566562 -0.949240863 0.53819102 0.343570441 0.0431922153 0.231690273 0.386488438 0.176921815 -0.237834036 -0.41147384 0.0518439114 -0.69818306 0.154834151 -0.573881686 -0.112083808 -0.479542017 0.438124329 0.194643706 0.503794193 -0.212577343 -0.0177623332 -0.549525201 -0.105280183 0.466971129 -0.281142086 -0.0968905836 0.0173495803 0.0828497857 0.378102452 -0.18953006 0.495928764 0.139223307 0.14910531 -0.403447151 -0.0310556535 0.486461788 -0.174491882 0.228497326 -0.230246171 0.27065745 0.0759470165 0.179868311 -0.0729808733 -0.094486393 -0.169558793 0.348878354 0.244740337 -0.0930218995 -0.603472054 -0.255137265 -0.21372728 0.148570001 0.34877333 0.408470631 -0.375828922 0.191349044 -0.0834347308 -0.223666579 0.18134518 -0.702470124 -0.197335094 0.217163682 0.0182269476 -0.316010237 0.323055834 0.165291637 0.290009826 0.166849643 -0.268134981 0.223702982 -0.1233216 0.111512102 -0.361483961 0.1987544 0.0284204744 -0.358468533 0.249094695 -0.584640384 0.121017747 0.141961828 -0.81178236 -0.02505669 0.770102978 -1.01802492 0.0983656347 -0.42413938 0.0815099701 -0.475856364 0.411373794 -0.183256954 -0.0324286036 0.0966635123 -0.39104557 0.519410372 -1.91764081 0.161820427 -0.112668216 -0.20421873 -0.177236125 -0.12375664 -0.074403964 0.0800142139 -0.178254262 -0.341870427 0.562547565 0.383041352 -0.290913224 0.0566072091 -0.140246212 0.117371403 -0.364648879 0.267868489 0.07938499 -0.395629048 0.124468252 -0.284852386 -0.0531349368 0.192564502 0.247765169 0.0419139937 -0.0353038833 -0.333802521 -0.00563186966 -0.431101173 0.339938909 -0.182923466 0.257809043 0.365332544 -0.101576209 -0.307806522 -0.198671773 -0.605750799 0.380735487 0.49934414 -0.326606959 -0.063654758 -0.0857186839 -0.213059813 0.175468862 -0.872363031 0.123864464 0.031931825 -0.284872025 -0.0290152524 0.893590152 -0.0210532565 -0.441664398 0.251422644 -0.313051552 -0.185215086 0.295812994 -0.00899685174 -1.04714656 -0.0787187219 0.435988784 0.315743715 -0.0901507065 -0.299768001 0.134284243 0.0959374309 0.263031453 0.106893033 0.292520553 0.13317135 -0.290342242 0.884064734 -0.541669726 -0.510062695 0.0473283082 -0.0935099125 0.319046587 -0.439204693 -0.00389367668 0.382172316 0.348214656 0.313374877 -0.206041887 -0.346191198 -0.024161011 -0.734381616 -0.0917899907 -0.0247802809 -0.0965170413 0.664220214 -0.230140939 -0.320865452 0.0417894833 -0.577972472 -0.717093706 0.458977759 -0.112283587 0.286950082 0.0307307374 0.359933555 -0.970292032 -0.171426252 0.212284788 -0.300292999 0.0589239113 -0.194747537 0.374685794 0.124534279 0.336872011 0.10739439 0.134815007 0.311675072 -0.466896564 0.146675974 -1.09854257 -0.4336797 -0.229299322 -0.411932409 0.480751723 0.397534072 -0.451546669 0.229212165 -0.593314767 -0.280588269 0.471683413 -0.508464694 -0.106931597 -0.436650872 0.0104393698 -0.0838474035 -0.13275905 0.33180967 -0.326699942 0.469186276 0.363616645 0.894574225 -0.10318552 -1.11815464 0.263797492 0.0240558852 0.152818918 -0.601769686 -0.800652385 -0.348932624 -0.226204291 -0.225239038 0.379426152 0.196165457 0.37373206 0.0617076531 0.271988362 0.317765892 -0.294716507 0.10278897 -0.00153988251 0.329408646 0.166808903 -0.453150809 0.241381913 0.281817615 -0.331654191 0.0928513929 -0.28013131 -0.206148326 -0.0181363709 -0.446238816 0.297411233 0.38442108 -0.0794393048 0.437331885 0.0229416862 0.269248247 0.19856514 -0.139726624 0.400278449 0.126742169 0.397852391 -0.0990816727 0.00552757271 0.211671457 0.175822213 -0.198842794 0.0444069244 0.147601262 -0.276145071 0.432163686 -0.0279623549 0.226541504 -0.0237043835 -0.452166021 -0.0938929245 -0.0623544119 0.218010545 -0.221450299 0.496443689 -0.0861941949 0.272998631 0.0575298928 0.078881748 0.430645674 -0.262361139 0.28590259 -0.235488966 -0.208640382 0.310629755 -0.593834043 -0.205082163 0.0660595074 0.33552441 -0.0553438328 -0.461302966 0.130040362 0.235468164 0.364116669 -0.0621071942 0.577000141 -0.0808837265 -0.543516636 -0.300410956 -0.226134121 0.0783238858 -0.452530473 -0.575013638 0.281054497 -0.150848165 0.296963781 -0.284375012 -0.000591080345 0.113823354 -0.509930551 -0.0912086219 -0.094730705 -0.281041771 0.0437127873 -0.31599018 0.31701836 -0.164335415 -0.412265122 0.127887473 -0.281923085 0.0643317848 0.0629953146 0.353983313 0.0759135932 0.0690386519 -0.166218519 -0.463704586 -0.0406607166 0.0314640515 -0.179703206 -0.0376098007 -0.0633465424 -0.23498483 -0.0524259545 0.00846874155 0.25577414 0.14135088 -0.440580875 0.401091754 0.272005618 0.330230325 -0.142668828 -0.40287587 -0.718542278 0.0781231746 0.671328425 -0.0491822287 -0.121742725 -0.00146935054 -0.26805833 -0.349556148 -0.0124762999 0.588872612 -0.380380452 0.0206822343 -0.420372784 0.181102514 0.126150772 0.149623394 0.0664319023 -0.0483166911 -0.357082844 0.14763765 0.374191612 0.38947776 0.112825066 0.0378458388 -0.409133434 -0.17493099 -0.120939746 0.789496124 0.171385095 0.62112844 0.179691195 -0.159656212 -0.0856470913 0.557537317 0.279805362 0.0987157896 -0.260942847 -0.146387726 0.0108809145 0.0243274756 0.165399 -0.132251978 -0.255752176 -0.161844209 -0.300957382 -0.292045474 -0.304849505 -0.0181794558 0.268238127 -0.0450830348 0.334647179 -0.452937603 0.124624379 0.0366318077 -0.041308023 0.282666951 -0.246811539 0.0380912311 0.248104244 -0.017718289 -0.251769513 0.724766731 -0.0797846913 0.000185104829 0.10018339 -0.0191773847 0.230475023 -0.113336988 -0.455413967 0.11086116 -0.081425488 -0.0227941182 0.306608856 -0.152033225 -0.404503822 0.28664726 0.228915438 0.200150266 0.187369332 -0.186021909 0.235461727 -0.349121034 0.27259326 0.0607731342 0.26849556 0.0662576258 -0.625177622 -0.216726705 -1.06904054 -0.224454358 0.197914451 0.375585854 0.402738601 0.312406719 -0.197556034 -0.686025143 -0.327841878 0.245935321 -0.0236027818 0.697913051 -0.108331643 0.332128197 0.167829022 -0.342176378 0.110735737 -0.287585914 0.242682263 -0.00990731921 0.238016009 0.0294777248 -0.486860722 0.0731107295 -0.361251891 -0.159310803 -0.0160703417 0.433417916 0.355218917 0.177748859 0.070869267 -0.0574606284 -0.275166422 -0.250158578 -0.0443644859 -0.285543203 -0.323078513 -0.317575693 0.0133509738 0.489300847 -1.20863092 -2.26795006 -2.25935268 0.745480239 -0.135949939 -0.281087875 0.507363915 -0.635999799 -0.319794863 0.462717354 -0.133026466 -0.170116633 -0.223588347 0.888875484 -0.177883342 -0.269509852 -0.366006464 -0.266616046 -0.183718354 0.175530061 -0.0828220844 -0.754557669 0.15738976 0.440713644 -0.0331222452 0.138623893 -1.95053566 -0.181963533 -0.26530987 0.163200364 -0.28961283 0.23564598 -0.917895436 -0.805063963 -2.98957992 0.0713677853 0.353139549 -0.0267699044 -0.0828516483 -0.677652061 -0.474696457 -0.204342589 -0.458375275 0.625170469 -0.0369382985 0.0423458107 -0.0144855129 -0.312768757 0.00566450274 -0.0537798665 -0.21580407 0.213796064 0.346603096 0.0851886198 0.157078519 -0.416776776 0.288579285 -0.313988358 0.137510568 0.0190762691 0.270400882 0.0553472117 -0.512149811 0.164571136 -0.975015521 0.168229684 0.72922188 -0.0260545034 -0.298503041 0.13355206 -1.57718778 0.0799125656 0.0721756816 -0.028282484 0.368517995 -0.0328706652 -0.389741451 0.143380523 -0.615428448 -0.289265245 0.347998381 -0.362377465 0.0901131481 0.00100036117 0.293316275 -0.0784375593 -0.54923141 0.294987738 -0.0858798027 -0.0464758836 -0.300356686 0.0999462456 0.369823158 0.28359282 0.255761981 0.132281631 -0.265866816 0.113384254 -0.288320571 -0.04483217 0.198318243 0.230795562 0.273902565 -0.322160244 -0.0956765488 0.0205589272 0.26158917 -0.185608581 -0.346688867 1.15243042 -2.39687896 0.158334091 0.119589187 0.703566253 0.0174935516 -0.384868264 -0.48566547 0.631842852 0.295852721 -0.0410708524 -1.50843728 0.18399924 -1.02215528 0.423931688 0.0047296863 -0.565800011 -0.850334346 0.22379978 0.370419055 -0.322982639 0.026710039 -0.00800007954 0.260398269 0.0945018455 -0.892895281 -0.213412479 -0.191673979 0.17135267 -0.160766974 0.545332551 0.247809097 0.0460281186 0.0312417876 0.049122978 0.325599581 0.686736763 -0.00135285861 -0.343853921 -0.330412716 -0.88528651 0.221585199 -0.0419249684 -0.243812293 0.361284465 -0.170119122 0.0922124162 -0.289928585 0.039995186 0.312600076 -0.14567019 0.76425457 -0.0991964415 -1.15208483 0.107485749 0.185963809 0.329467267 -0.415279925 0.665269971 -0.198454872 0.092979148 -0.112072796 0.067848213 0.139023617 0.289226711 0.334373504 -0.0192529168 -0.485923767 0.134848028 0.20599933 -0.993218362 -0.196631283 -0.407618254 0.327323049 0.647006631 -0.273312122 0.218189761 0.111080259 0.484880805 -0.00542706158 0.250511497 0.207357109 -0.38202405 -0.368730336 -1.44129002 0.409371644 0.149412856 -0.564484298 -0.0504570678 0.856444299 0.113564685 -0.159842759 -0.307453543 0.447075546 0.691917419 -0.927096903 -0.265485257 -0.371739298 -0.08617872 0.442067236 -0.248163283 0.193042889 -0.538742304 -0.308520168 0.482361466 -0.689774573 -0.319572955 -0.526862383 0.579935014 -0.486053854 -0.306636214 -0.5788486 0.53545469 0.0390446186 1.00396681 0.240463972 -0.0482679643 0.137600958 -0.277394265 0.055102028 -0.242218718 -0.241548702 0.373379141 -0.705568254 -0.822267294 -0.481556386 1.06995666 -0.426540643 -0.196337864 0.286742896 -0.631990612 -0.115556791 0.51417166 -0.191414773 0.209437534 -0.35604915 -1.0188812 0.326544881 0.115653083 -0.110969357 -0.963456035 -0.0483717956 0.971077681 0.353322715 -0.0467472412 -1.35269952 -0.0370687172 0.113368511 -1.2947526 0.206971809 0.0502943099 -0.530258 0.45653826 0.168158516 -1.34302187 -0.167888492 -0.0831954777 -0.468635738 0.290396094 0.141415209 0.0373151116 0.334123433 0.908758163 0.375207663 -0.235044718 0.052317623 -0.010240512 0.185024038 0.0362198465 -0.66285497 -0.13273035 0.281121731 -0.305653661 -0.0819392204 -0.0331571884 0.278713852 -0.0136026898 -0.460104138 0.217418715 0.448956609 0.104797222 0.0701495931 -0.664362371 -0.102408893 -0.136915758 -0.737025797 -0.0287197232 0.00360226328 -0.0959061012 -0.047113657 -0.507788479 0.194412947 0.022056276 -0.0967537835 0.37735948 0.0066126734 0.0705717057 -0.017587088 0.217342958 0.368430674 0.0145698711 0.177806005 -0.175904855 -0.066692248 0.112839773 -0.306088597 -0.232697845 0.406666785 0.132321015 -0.0270624533 0.175297648 0.247710407 0.194379821 -0.664051712 -0.0631149262 0.139550567 0.365548313 -0.252340287 0.62516284 -0.0688690692 -0.422205597 0.200212717 0.270681947 -0.467971414 0.191213623 0.610926569 0.089350082 0.10068278 0.116106659 -0.156532541 0.251050442 0.0240868106 0.27450484 0.327046812 -0.238247976 0.207112223 0.375542313 0.000780661067 0.156508729 -0.298007727 -0.129576266 0.453816652 -0.0315170027 -0.217404917 -0.278120935 0.59754777 -0.356179535 -0.45438692 0.10583017 -0.55934459 -0.157000527 -0.4229002 -0.279325396 -0.277131855 0.795516849 0.115673825 0.221416175 -0.0575551987 -0.36857456 0.147401288 -0.135497957 -0.205920234 0.282726884 0.172467828 0.154717863 0.0860869065 0.00778556475 0.521041632 0.168204322 -0.106434323 -0.359381676 0.298293352 0.232260481 -0.00581401959 -0.223068208 -0.476844311 -0.0372804068 0.0730243921 0.585386276 0.127062351 0.376101315 -0.198667184 -0.318488806 0.0627355203 0.274985731 -0.184757963 0.523774624 0.170916513 0.0124585507 0.204060778 0.01693522 0.0559395216 0.0414200239 -0.236415729 -0.180007368 -0.359243006 -0.103786327 -0.127161652 -0.0654786527 -0.611776948 0.291513443 -0.17203036 -0.595344305 0.131463543 0.423073709 -1.0343281 -0.172051355 0.0387319662 -0.0362598151 -0.677632689 0.014122746 0.0950130746 -0.0400378034 0.184657693 0.757643223 -0.247042969 -0.237963617 -0.106882006 0.819374084 0.420453876 -0.000319204759 -0.136988878 0.0850359648 0.139949128 -0.2470247 0.304741263 0.0494355746 0.18895945 0.0189050455 -0.494727612 -0.214144617 -0.206242263 0.0451191664 -0.181408674 -0.0513746254 0.448769838 -0.0271046162 0.108427115 0.0242274124 -0.199139759 0.197271138 0.00905499142 0.566004694 0.110251114 0.192134634 -0.147248209 -0.326706171 -0.972254395 0.377289236 -0.25349167 0.0298567023 -0.204345241 0.591578782 -0.138177052 -1.04324102 0.319317877 -0.198905751 0.22815977 -0.0607441403 0.161320671 0.0575009249 -0.713968635 -0.338877708 -0.26366502 0.304611921 0.0702299178 -0.00555284601 0.157494619 0.298947603 0.321643084 -0.474220455 -0.122017831 0.425447702 -0.129553854 -0.0269760285 0.169739172 0.236299902 -0.194962069 0.277423561 -0.0733533129 0.201023251 -0.296508789 -0.463240236 0.217757314 0.18761459 -0.27961269 0.284582287
tensor_linearrelustack3bias 8
0.0901273116 0.117605872 0.170910075 0.173711568 -0.0603674203 0.158566445 -0.135735139 0.155120805
tensor_linearrelustack3weight 1024
-0.163909391 -0.0100895837 0.117817797 0.308600128 0.0449875817 -1.5316987 -0.0561565123 -0.34929502 0.0940717906 -0.235978574 0.0249555968 0.0280900002 -0.996904731 0.152578652 -0.417591572 0.00173467654 0.154656038 0.279619277 0.0351051986 -0.201858282 -0.27374357 0.0202471763 -0.175360993 -0.116547935 -1.30881739 0.125240669 -0.66584301 0.0740200505 0.0795986578 -1.47283423 -0.180653483 -0.160626084 -0.124536097 -0.0561886132 -0.0419807509 0.348288506 -0.139237747 -0.120142318 0.0301757734 0.102460802 -0.0084002763 -0.0475144908 0.316222787 -0.00129487494 0.147083759 0.256662905 0.00588462362 -0.0837152377 0.0400061682 -0.251285344 0.209247872 -0.0336028934 -0.184342861 -0.0786347315 0.0293575674 -0.0531748608 0.0213892404 0.0615002289 7.7080651e-05 0.0800399035 -0.111950241 0.0402498469 -0.453066617 0.289164484 -0.0462537967 -0.547222435 -0.0216517206 0.0535781309 0.174205258 -0.416288853 -0.254211009 -0.00598278642 -0.0721343309 0.14738676 0.116516948 -0.076207906 -0.00786278304 -0.34466058 0.375544101 0.0466557331 -0.300836474 0.0922032967 0.097501874 -0.137998417 0.0482653081 -0.189092234 0.438417226 -0.00261233887 0.0496388301 0.246897012 -1.28006744 -0.899947047 -0.088226378 0.240069985 -0.49070099 0.0525066815 0.119761072 0.186542466 -0.349184245 -0.403700918 -0.0384766981 0.17443344 0.379515588 -0.184977412 0.273968518 0.0846316442 0.0173761211 0.316097885 -0.00181504455 -0.123815536 -0.113595173 0.132871941 0.155157343 -0.0862422138 -0.0138053875 0.0600742921 0.00340253371 -0.0669404268 0.0402669944 0.140005887 0.0490014255 -0.107464731 0.0581368767 0.037020117 0.125230193 0.096249029 0.0909300148 -0.664876223 0.0152076362 0.0351234451 0.0728383288 -0.128815085 -0.276052713 0.13097699 -0.106996365 -0.195865825 -0.124224082 0.12336795 -0.159649447 -0.303984404 -0.645610392 0.165433273 -0.192859814 0.0408441909 -0.0105233872 -0.131744444 0.0707666501 -0.0844648182 -0.19484736 0.283305705 -0.0310755186 -0.881089032 0.14650929 0.0589694828 0.0713792145 0.246639535 -0.278693587 -0.0870081857 0.112811476 0.197960034 0.204577744 -0.129404858 -0.321866602 -0.393956214 0.233811542 -0.303707898 0.204982102 0.0651831478 -0.218842298 0.0902202874 -0.121665843 -0.126030609 -0.484621793 -0.101043239 -0.0281648356 0.0917875692 0.102916881 0.00859859679 -0.322947651 0.285427541 0.246581137 0.0524502844 0.0825797021 -0.0942426622 -0.711740494 0.161387935 -0.243996233 0.142432466 -0.0456829406 0.165853217 0.0392900668 -0.251288682 0.0597299524 0.167972788 -0.0400340594 -0.0263927076 -0.174740419 -0.114811756 0.382335663 0.109612867 -0.0115094688 -0.028767284 0.0375811718 -0.173100799 0.167570204 0.0898542702 0.11945872 0.130286798 -0.0293030161 -0.0551876202 -0.0551222079 -0.465305835 0.094105877 0.0242604278 0.187726334 -0.150803998 -0.0881479979 0.00535937864 0.0512921214 0.030264359 0.0720651597 -0.36924988 -0.442733228 0.0697050765 -0.233011827 -0.151821092 -0.0429035537 0.0145014077 0.252639115 -0.24359633 -0.165411055 0.150624901 -0.00724619627 -0.0266150739 0.213573381 -0.208248287 -0.292149603 0.0647105128 -0.180703148 0.00332013122 -0.175327599 0.124422066 0.194724709 0.17805627 -0.0584226623 0.0462267585 0.271875829 0.363282055 0.0637322366 -0.0366181545 0.336012661 0.115484379 -0.870429099 -0.0782339349 0.605499387 -0.235848874 -0.0288491379 -0.133636504 0.286335438 0.200508147 0.00951113366 -2.33885717 -0.115168512 -0.161142722 0.226283744 -0.0783509091 -0.0441184491 -0.10797625 -1.38440895 -0.00535197323 0.102605201 -0.0723211169 0.0475870259 0.0270243101 0.070774667 -0.0729553103 -0.489875406 -0.00196080562 -0.136389017 -0.999613106 -0.953498363 0.0438422561 -0.286458492 -0.0718751028 0.221234784 -0.900309801 0.0862070322 0.00693316571 -0.0597608164 0.0369866081 0.0634315982 0.107586488 -0.0394422784 0.0646870732 0.102110699 0.0939108357 0.175055936 -0.0705754608 0.035544768 0.257129461 0.238278449 0.107680894 -0.178218126 0.0499314666 -0.288552433 -0.436069548 0.203484252 -0.0700271949 -0.180907965 -0.055567909 -0.250836998 -0.275504202 -0.0770866647 0.211752221 0.0452416502 -0.247028083 0.0212805662 0.153142393 -0.277432442 0.0671217367 -0.19085446 -0.111664288 -0.110851742 0.0198075064 -0.0856062844 -0.555123806 -0.347790301 0.0110039413 0.0194259025 0.00731872534 0.197210208 0.28971979 0.162067264 -0.0832721442 0.307418764 0.0813085139 -0.415710956 0.00192510779 0.048726622 -0.00269816467 0.261196554 -0.0939635783 0.130641639 -0.672559559 0.216764092 0.102144606 -0.848184049 -0.983734488 0.0330738127 0.015757544 -0.129770324 -0.00837664772 0.217104927 0.305943638 -0.221831456 -0.0460567884 -0.0401867889 0.0282207001 0.0549499504 -0.266970992 0.126156315 0.180716753 0.0181862693 -0.0280223973 -1.42883289 0.0125193661 -0.393024772 -0.0582783259 0.0819072351 -0.225460067 0.10464631 0.0483973883 0.181956455 -0.582087874 -0.133545756 0.0620719604 0.194637224 -0.102037892 0.444757074 -0.187422857 0.272474587 -0.810104907 0.155740783 -0.475604415 0.10849531 -0.0987378657 -0.193010941 -0.124642879 -0.18406783 1.77473438 0.941085994 0.0342927352 0.314564228 -0.020574173 0.0614460558 0.0159275196 0.561144054 -0.108266689 0.0749644861 0.0277248845 -0.600996494 0.030424457 -0.3115125 0.0339796804 0.000806459633 -0.0114091514 -0.110687084 -0.132508427 0.343211591 -0.12304952 0.228566825 0.323675692 0.0225727521 -0.355470121 0.0733905435 -0.113156773 0.00822596718 -0.027952889 -0.627482891 -0.0949702784 -0.119112447 0.0108198253 -0.148522958 0.12010432 -0.285051018 0.554976463 0.0572703518 -0.105855398 0.00532884151 -0.42139259 0.125322536 -0.0889955238 0.341700047 0.0115668084 -0.0630130991 0.400752872 -0.0566769093 0.0287627671 -0.09235055 0.595605314 -0.133146465 -0.0090206312 -0.0697218478 0.0504189506 -1.16710258 -0.0293500926 0.13557893 0.192751795 0.0312667601 -0.134896666 -0.0784522593 0.118395507 -0.285636067 0.0668284222 0.0445331521 0.00946668908 -0.00973600429 -0.0721249059 0.127938151 -0.156799614 -0.043599952 0.339656591 -0.157853857 -0.20788762 0.224210352 -0.21028395 -0.0336927213 -0.123402432 0.0860574469 0.214958936 0.536483884 -0.358406663 0.0057365424 0.0785765201 0.141761884 0.773179829 -0.279267818 0.126160398 -0.198563486 0.112166628 -0.378037274 0.069981344 -0.0558862165 -1.31505287 -0.0719237775 0.0271444824 -0.128343299 0.157014906 -0.029821245 -0.033979129 0.00869182218 -0.117796294 -0.307680994 -0.00959646795 -0.0760133713 0.330166936 0.0330486409 -0.16971314 -0.0986470357 0.0499734692 -0.0447059013 0.0759383962 -0.136124387 -0.0845521986 -0.0117552178 -0.0824873969 -0.00633494882 -0.0294158757 0.555721879 -0.197966844 -0.0215170998 -0.742019832 -0.0199224222 0.243903071 0.329450697 0.353318423 0.0917936265 4.29969645 -0.163363755 0.0395262018 -0.234439403 0.724270403 -0.972426295 -0.335634351 0.582001269 0.0735432357 0.009704303 0.393062174 -0.107432902 0.0208935756 -0.0148332138 0.163999379 -0.0325686894 0.0981528684 0.0919792205 -0.484218985 -0.0481755584 -0.0987594277 0.221890941 0.489810735 -0.00505035417 0.738895714 0.131199107 0.588510036 0.345236242 -0.0171358287 -0.0836068392 -0.0465648994 0.195945591 0.130962178 0.004856213 0.169612363 0.104594029 0.362747252 -0.0737139583 0.180167928 -0.100840896 -0.286969095 0.0371454209 0.124271154 0.107235536 0.330848873 -0.142865226 0.0975249261 -0.215975851 -0.320273191 0.11561995 0.238892779 0.0863693058 -0.0493703522 0.115819015 0.0684317723 -0.128853619 0.0309644248 0.681741893 -0.514877677 0.136122972 0.0383885317 -0.0284416489 -0.205327466 -0.0281124208 -0.0661982894 -0.533439219 -0.0373130739 -0.199451312 -0.487194687 0.215663031 0.0179841388 0.210529581 0.266275316 0.140388921 0.0112556191 0.644798815 -0.0712947994 -0.148434013 -0.0721643642 0.0690553933 -0.0309021529 0.253748715 -0.0582450479 -0.175702423 0.111221351 0.334541202 -0.396192789 -0.139778033 0.0493524931 0.311474919 0.166900262 0.0386610739 0.261512697 0.126936719 -0.088739112 -0.0739714056 0.0236679818 0.061571449 -0.0634511337 -0.0809036195 0.176705539 -0.072090134 -0.0193089116 -0.269647181 0.303299338 0.0862086639 -0.0627365112 0.318708479 -0.0190198254 0.106734432 -0.0919181854 -0.117096327 0.0484593958 0.0936849713 0.126697347 0.147533625 -0.449412197 0.369035453 0.135483116 0.551173806 0.043357648 0.0933677405 0.25033018 0.0567410514 0.143273219 0.10871911 -0.117712237 0.260643452 0.420403242 -0.147019014 0.0617800392 -0.174516037 0.376775503 -0.535285413 -0.107035741 0.3438434 -0.0159908198 0.32801941 0.112924844 -0.0711027533 0.198145434 0.000372403971 0.255709469 -0.169745803 -0.304436743 0.226528034 -0.221174121 0.169431567 -0.161656633 0.239436477 0.50854826 -0.0699257925 -0.0702633485 0.118601099 0.20797272 -0.216571286 -0.129434615 0.000406599487 0.0291014798 -0.126950309 0.128017768 -0.0104889823 0.0491581596 0.0596801005 0.144134581 -0.0664905831 -0.0138217304 -0.0823661387 -0.211437687 -0.337948859 0.145522133 0.0242198296 0.0691389367 0.0639326274 -0.0456980169 -0.248456597 -0.280272633 0.0142501798 0.0873986036 0.23397924 0.57706964 -0.103079498 -0.119370379 -0.0900229737 0.0712564588 -0.443481088 -0.387199372 -0.324641377 7.36031507e-05 -0.0254240278 -0.242908299 -0.13533099 0.0915301666 -0.743740261 -0.155224651 -0.080320619 -0.145632908 -0.0398870707 0.547132611 0.106443696 -0.0313018933 -0.0353181697 -0.0347088054 0.461325407 -0.477793634 0.0847096816 -0.162220269 0.232463852 0.122552775 0.0592846461 0.0492384695 -0.275701135 -0.0978078097 -0.0502977334 -0.330169171 -0.0998447016 -0.173395082 0.0652422681 0.235234857 -0.117606901 0.382992446 0.0756023228 -0.731335938 -0.321922332 -0.222084433 -0.100547239 -0.0331143476 0.0561970882 -0.0747447461 -0.216202408 0.0184595548 -0.287142664 0.0814616978 -0.115118861 0.557615876 0.114720233 -0.0491872914 0.0409366041 -0.0699985176 0.13684763 -0.036027573 -0.000771583116 -0.198042259 0.13524276 -0.669516683 0.318193913 0.570527613 0.504885674 0.153078184 -0.120858125 -0.788205564 0.110434406 0.0161107834 0.0583774261 0.0981772915 0.336150676 0.23631072 0.270181715 -0.0918428153 0.294577926 0.459669322 -0.122107103 0.276213855 0.439950973 -0.111308567 0.33088401 0.0119523434 -0.103364468 0.117315724 -0.0611447506 0.127772018 0.260462373 -0.260595441 0.0218199585 0.597035825 0.526319563 -0.0770460963 -0.0730659515 0.113136433 0.275603741 0.120030589 -0.0181359258 0.81724304 0.0557389408 0.0152548738 0.153029546 0.125447989 -0.127600417 -0.0595975146 -0.17174454 -0.0781547725 -0.0100504747 -0.00981201697 0.103790782 0.222054854 0.130308554 0.00389911467 -0.186274767 -0.0192509871 0.0637188032 0.0665653422 0.28540194 0.553991497 -0.213730127 -0.108083911 -0.00979192369 0.333278894 0.264848948 0.364382327 0.00749356579 0.100609139 -0.188827783 -0.0617957264 0.00646288833 0.197363198 -0.383689761 -0.239137322 -0.214555472 -0.0743424445 -0.148341507 -0.307659119 -0.405424416 -0.335447609 -0.131637424 0.254638582 -0.173017874 0.406260699 0.0462845452 0.528504431 0.0254435968 0.00288451905 0.319518536 -0.0398649015 -0.069948636 0.0249856487 0.249368832 -0.0454402752 0.375456125 -0.0950164497 0.0367716998 0.031985797 0.263865024 -0.0557330996 -0.181048036 0.0725363269 0.112281017 0.0405117497 -0.0754101947 0.221828774 -0.202648103 -0.256180257 -0.232666269 0.0423799343 0.214283422 0.242281511 -0.0821938291 0.018585084 -0.0600397065 0.0233443882 -0.492880881 -0.077970542 -0.0611181632 0.350052357 -0.0293641556 -0.228983924 -0.343183309 -0.297088236 0.080048047 -0.0096783042 -0.121199183 -0.146904424 0.137031525 0.0908816829 0.143161505 0.0715504959 0.76631695 -0.0199587699 0.272420913 0.417250246 -0.0426796079 -0.23278971 0.123362966 -0.141114861 0.0846047923 0.423369259 0.131595284 0.22981897 0.344818592 0.0664684549 0.26575464 0.200504303 -0.2177843 -0.217567787 0.120190963 -0.178712636 -0.0807703957 -0.0955890119 0.0260422677 0.0484161787 0.187403455 -0.0538546182 0.0199879352 0.320213258 0.0410638563 -0.184581637 -1.15768182 -0.906617403 0.0157026574 -0.0469561517 0.139875591 0.018528251 0.0265870038 0.229627624 0.0538465269 -0.0413761511 -0.113961175 0.24506937 0.0255021919 -0.089743197 0.0202514306 0.0890789703 0.00151443866 -0.306379557 0.174221709 -0.243960112 0.288371742 -0.050087031 0.0231006667 0.0715653226 -0.183159411 -0.0105000129 -0.0165004954 0.314073056 -0.0520276949 -0.035961356 -0.495797902 -0.0175002255 0.0528285801 -0.137287393 -0.0375602469 0.120869279 0.884546697 -0.268625379 -0.220756501 -0.346352994 0.157070622 -0.0629830807 -0.002707968 0.0202256776 -0.274114668 0.13818644 0.325418741 0.64994204 -0.217934862 -0.355897397 0.0181575567 -0.066026248 -0.214146957 0.16468069 -0.335844606 -0.0320769548 -0.0920099169 -0.0923161283 -0.0392470844 0.0981223807 -0.334805489 -0.122284375 -0.099455744 0.14819099 0.20335412 -0.219189048 -0.0381249674 0.0623437092 0.00301044271 -0.0750860572 -0.0187305938 -0.702122808 -0.0295574851 0.552155077 0.10025996 0.0374539681 -0.0188957658 -0.587953091 -0.189808741 -0.0354288928 0.00778527744 -0.0215403028 0.839039922 0.000801823218 -0.0271081608 -0.048832722 -0.159545794 0.0449453518 0.0697155818 0.0383632667 0.0730935186 -0.128854066 -0.152809262 0.010645288 -0.197168306 0.363810122 0.115191899 -0.274284452 0.241051838 0.0594795719 -0.489682078 0.84013176
tensor_linearrelustack9bias 1
-0.0459729247
tensor_linearrelustack0bias 128
-0.0288867969 -0.239214703 0.0231944192 -0.432761818 -0.166606233 -0.185868338 0.137064353 0.0850174055 -0.641626954 -0.455704242 -0.763003349 -0.139472291 -0.471775174 -0.109982774 0.0543126427 -0.322622091 -0.458735049 0.2621696 0.266627491 -0.101486228 -0.348208636 -0.245522469 -0.0903612673 -0.90977627 0.217400253 -0.403770715 0.170170456 -0.473602474 -0.264433444 -0.40297696 -0.00942457467 -0.371772856 -0.304041535 0.38799727 -0.324916512 -0.290521979 -0.407745332 0.162935108 0.135298684 -0.0892855003 -0.278854817 -0.257455647 0.0348806493 -0.535663664 0.387277544 -0.605829597 -0.327633232 0.0241589565 -0.304470688 0.303988129 -0.573355675 0.17311959 -0.333663702 -0.332728684 -0.0304124542 -0.370432019 -0.0121309338 -0.282658845 -0.14743197 -0.251054615 -0.154167488 -0.0772223622 -0.226016268 -0.608323693 -0.229407623 0.0219721328 0.238364279 -0.165078208 -0.139735028 -0.398791224 -0.779620111 -0.154752672 -0.154982939 -0.697718561 -0.221839234 -0.0963191465 0.11600177 -0.387482733 -0.741785228 0.378971577 -0.358384579 -0.291941226 -0.0697274208 -0.2130723 0.227974504 -0.136751786 -0.990687549 -0.525957465 -0.289487809 0.263703614 0.289982229 0.346939892 -0.0443752594 0.459119022 -0.0882679597 -0.100207888 -0.275824249 0.161558151 -0.10705889 -0.724939227 -0.435226768 0.0742134675 0.274531007 -0.182709903 -0.252894253 0.30765754 0.0265080296 0.461897701 -0.898114204 -0.0852141827 -0.16806519 -0.384704828 0.279281437 -0.0531192794 -0.0979429409 -0.0567014888 0.0403839871 -0.47066465 -0.27283603 -0.122764617 -0.162069187 -0.675972283 0.0309956167 -0.305444539 -0.508077025 -0.375791132 0.0876685008 -0.655860245
tensor_linearrelustack6bias 128
0.276761681 -0.0874994621 0.322205812 -0.0364894718 0.136576012 0.0329992995 0.18443419 -0.00453580357 0.0240221694 0.0935718492 0.0611522906 0.28474021 0.342000067 0.138924524 0.0578976832 -0.0790828317 0.351570457 -0.136721835 -0.0128900241 0.385305673 0.205007374 0.132971391 0.382670671 0.045246359 0.027734736 0.127366051 -0.155237719 0.168013886 0.278474599 -0.233249933 0.19179967 0.00708422717 0.212417319 -0.405273169 -0.0462166183 0.135198787 -0.0632847846 0.353095651 -0.255203575 -0.480720103 0.112806402 0.244687557 0.229570404 -0.104369186 0.300440431 0.10560488 0.184234142 0.3516559 -0.159176812 0.216718867 0.075583674 -0.00789932162 -0.0151369711 -0.00978327543 -0.116263479 -0.365177721 0.13330926 -0.186246261 0.27496922 0.0367901325 0.107172959 -0.443060845 0.185634762 0.108068869 0.0358247012 0.408705711 -0.537249923 -0.126618668 -0.261829674 0.216222286 0.0136735253 0.206419155 0.0817334726 0.0693924725 0.109659314 0.247381791 0.14363724 0.00892688893 0.308846861 -0.319470346 -0.100094177 -0.0996300057 0.158632383 0.0831241086 -0.0121022146 0.230218127 -0.222008035 0.180354998 -0.482230514 0.262955815 -0.432648391 0.149796158 0.118461512 -0.301370144 0.0162995867 -0.696132302 0.264759481 -0.0111441389 -0.0259806812 -0.371976644 0.112269446 0.0989890769 0.241905481 0.149858475 -0.134219646 -0.115905873 -0.271566689 -0.0084975278 0.172201455 0.00229613949 0.198812306 0.0693202391 -0.0141970254 -0.358792573 0.226203978 0.0210836604 -0.128123745 -0.036069151 -0.161398634 -0.161589548 0.112544581 -0.0898457691 0.156232998 -0.16072616 0.114025444 0.140752748 -0.455244035 -0.0463771932
tensor_linearrelustack0weight 1792
-0.0480127409 -0.00621644221 0.0572922863 0.207112983 -0.261866212 -0.180068672 0.11815685 -0.189701095 0.619782388 0.063408345 -0.234783947 -0.278108358 0.132922411 0.0703629479 0.0291150399 -0.0199014395 -0.275170475 0.175900057 0.0713936687 -0.204606846 0.0552797541 -0.334391803 0.0710917711 0.0565021336 0.200254261 -0.135615706 0.00157407776 0.124626711 0.292712927 0.0814444795 0.201941386 0.140343443 0.13250488 0.144971967 0.665920556 0.0359155685 -0.00292160711 -0.0673409998 0.108850516 -0.870758653 0.0614581481 0.224367276 -0.47274366 -0.10999988 0.0576165803 0.0161088668 0.109458148 0.278815806 0.144751668 0.142459378 0.00187499099 0.0679401234 -0.269379139 0.19263646 -0.0910117552 -0.32008785 0.398942441 0.020865716 -0.0255132467 -0.0915309191 -0.0182835758 -0.59698689 0.339431971 -0.356946975 0.0586638749 -0.0480028354 0.303555131 -0.46366477 -0.133226052 -0.112215824 0.0903602168 0.126080245 0.0414989181 0.0455839746 0.0390105583 0.28404671 0.174248174 -0.00880614482 0.249728382 -0.00995733403 -0.0630487278 -0.0144967036 -0.913947463 0.0420715921 -0.0376479775 0.00168092106 -0.174456835 -0.0854409337 -0.0291363802 -0.520979106 0.0141266063 -0.0954937041 0.205485061 0.0148138711 0.783564329 -0.213263825 0.0943901241 -0.380795777 0.372478783 -0.14696531 -0.0153184123 0.219513401 0.121655434 0.608758748 -0.634870827 0.253349602 0.113361225 -0.025556514 -0.16070056 -0.160612211 0.0257175863 -0.146271318 0.244775012 -0.0442453064 0.367686182 -0.285579979 -0.0284589697 0.140187979 -0.148365065 -0.0152832679 -0.359471947 0.0214142222 0.106575206 -0.569241762 0.0418004654 -0.0622748695 0.055428762 0.151330888 -0.128478393 -0.156258538 0.0399245061 -0.436526179 -0.488930464 -0.563825667 -0.0667626709 -0.0798206329 0.28122288 0.149180472 -0.0528729409 -0.0685939267 0.0732534453 -0.0379791707 -0.0287751555 0.0563249364 0.0352627449 -0.307129592 0.265813261 0.1145432 -0.370433867 0.0558403134 -0.568061292 0.00251285941 0.0126863634 0.223205462 0.106092624 -0.0943075791 0.180338338 -0.019331716 0.0438860208 -0.328727901 -0.266665846 -0.0924766138 -0.370185375 0.0477908999 0.340133756 -0.32304275 0.0178404879 -0.83221221 0.338112324 0.013999314 -0.148623064 0.12691462 0.0374609642 0.17304635 -0.109961294 0.109694213 0.0964230746 -0.0104607102 -0.223399207 0.0616079159 -0.0544122271 -0.781069994 -0.0813591555 -0.0239059944 -0.111539908 -0.165852532 -0.195700154 -0.256872892 -0.0374846309 0.134815156 -0.789506376 -0.0282665789 0.209787503 0.141191512 0.252779722 0.0462156609 -0.344364733 0.114607088 -0.287613571 -0.302734762 -0.14545615 -0.35190472 -0.419297874 -0.0498500876 0.327246875 0.00273649697 0.524172723 0.182707325 -0.020781206 0.0151882917 -0.0223284774 -0.0252641439 -0.0536909625 -0.00867537688 0.0363185853 -0.0831726044 0.0402644686 -0.294744492 0.0237868689 -0.0568830669 -0.160134897 0.0468603298 -0.215477467 0.494236737 0.00194247207 -0.137687922 -0.0327673592 0.0384257436 -0.0746311396 -0.0481632985 0.132430181 -0.00840333384 0.435582191 0.123720981 -0.00945870206 -0.0525109284 -0.0587787852 0.40668115 0.234025255 0.0698848143 -0.279847175 -0.406439751 0.0639419854 0.216580212 -0.0813447535 0.00661259424 -0.0862377882 0.0649772286 0.0624940619 0.0766161904 -0.11910852 -0.575271606 0.319507718 -0.00877079461 0.00123350229 -0.0219019614 0.0546200275 0.113791317 -0.0915767923 0.267431736 0.166739166 -0.00931392703 -0.0285713635 0.0381189249 -0.311451316 0.187142059 -0.131056219 0.0150267556 -0.0604248717 -0.0244569741 -0.390580714 -0.216031104 0.283933699 -0.124445878 0.521948159 0.119656809 -0.0804554 -0.0918033719 0.0172968097 0.0960205868 -0.0312940888 0.0382707492 -0.451004803 -0.618354917 -0.0682911873 -0.299362034 -0.284017086 -0.0725488737 0.37687847 -0.0168513916 0.0929143876 0.304740757 0.0418787226 0.0372271277 0.146494702 0.0365598686 0.15247646 0.124880083 0.0474198498 -0.00433215639 0.234336227 0.14730604 -0.626971483 0.0292440299 -0.456616074 -0.112424716 -0.0586516485 0.327205986 -0.036145702 -0.10834302 -0.288415551 0.317571193 -0.139145643 0.356837541 -0.22510992 0.249467999 0.184363753 -0.0812979341 0.283487469 -0.200547099 -0.0785333812 0.0888438821 0.169067577 -0.0365661643 -0.191508338 -0.0678350255 -0.0080820052 -0.063804619 -0.830885828 -0.0552732199 -0.0960986614 0.0444516353 -0.542740643 0.235594481 0.0187300835 -0.105449297 0.10959664 0.0283542108 0.0580482334 0.0657760203 0.0277798753 -0.147634313 0.0302763134 0.146948487 0.759909391 0.00535245659 -0.168756127 -0.086757414 0.0102464007 -0.801085591 0.317495435 0.0405554995 0.0859005302 -0.0191816501 -0.127359897 -0.00117289659 -0.40644753 -0.041410882 -0.322170138 -0.0612033717 0.030690426 -0.318980634 -0.159180224 0.334725499 0.0419933535 0.177194014 0.0869269222 -0.00778177986 0.0224766359 -0.0722318962 -0.0531366654 0.150985688 0.0428676084 0.0115496246 0.479634702 -0.0257581621 -0.0254038684 -1.08794355 0.017432306 -0.0351016782 0.189461783 0.0327344835 0.0204947591 0.0288319755 0.0991411507 -0.1237811 -0.198743269 0.0138047356 -0.694910467 -0.0156965796 0.0979704559 0.177485183 0.0437384546 -0.0844262391 0.0867906883 -0.0956694856 0.0431080572 -0.374098301 0.274827689 -0.286770225 -0.0372993238 0.0586475618 -0.19431901 0.363823175 0.0434244014 -0.678685129 0.213750914 -0.0178950541 0.175141335 -0.349645197 -0.117298089 -0.339952022 0.337172031 -0.312244564 0.290979594 -0.00920953136 0.194477841 -0.145340875 -0.0311787315 -0.62307632 -0.146737859 -0.0711329803 -0.0770862252 -0.0505387597 -0.248508096 -0.210561648 -0.360738873 -0.118506521 0.46867758 0.0946258679 0.0840885118 -0.0770919174 0.111254849 0.361963302 -0.0396423414 -0.0861801207 -0.207012892 -0.28575182 -0.0306573808 -0.157511473 -0.222195953 0.203481868 -0.531459153 0.0161104202 0.154948547 0.153400078 0.00812279992 0.391171753 -0.140710875 -0.108036153 0.0201742761 -0.0955696329 -0.2493411 0.0656649172 0.184217721 -0.0639435723 -0.42061162 0.0589566156 0.0598854497 0.127732471 0.0317791887 0.391361237 -0.277386487 -0.0569969565 0.128053263 0.0446295813 -0.0285917539 0.271051466 -0.170235366 0.107661389 -0.0935624167 -0.110225029 0.320382714 0.0528816283 0.0919164717 -0.327942938 -0.202566281 0.136325702 -0.0200887192 -0.0319567658 -0.249003366 -0.0277701523 0.615368664 0.163343996 0.137022942 0.0211803168 0.163257301 0.238271371 -0.0530073568 0.217922091 0.058438316 0.0584725104 0.0154749537 0.0415461734 -0.0563679226 -0.226237923 0.125881419 0.0412751548 -0.175349668 0.00268149865 -0.108860165 0.0850963145 -0.0891510248 -1.39749312 0.00792600214 -0.0313696861 0.0825383216 0.111712664 0.0191582795 -0.241778359 0.323828548 -0.174262673 -0.321669638 -0.0176037215 -0.163149819 -0.229359493 -0.234011084 0.458200306 0.324711531 0.045088727 -0.0846041664 -0.0345706753 -0.0303752273 0.155965045 -0.222644717 -0.233531073 0.297035784 -0.136036038 -0.450778395 -0.109624848 0.27159512 -0.234465897 0.163836792 -0.0299804155 0.172336638 0.0489284508 0.106164858 0.205751806 0.16141282 0.0801493153 -0.604538262 -0.019853808 0.0534641743 0.372967273 -0.170205459 0.242114887 -0.0632954836 -0.402803689 0.069199048 0.190517813 0.00748966355 0.06889835 0.387946337 0.11256963 0.197988838 -0.0189195331 -0.35240978 -0.131562606 0.0971844196 0.210676685 -0.0922285691 0.021930648 -0.136043251 0.120572329 -0.118706927 0.40866679 -0.242351592 0.22458373 -0.413187981 0.0959535539 0.0989439264 0.4553532 -0.188943207 -0.279175133 0.319688857 0.0896598175 -0.108875647 -0.0344036482 0.0404915549 -0.444055796 0.387542933 -0.113484539 -0.393376291 -0.00919699855 -0.00481048645 -0.195592836 0.0820885599 0.40820688 0.229759708 -0.269671053 0.144473061 -0.135553867 0.177949205 -0.10500288 0.539218009 -0.0780694708 -0.021013042 0.121318333 0.0717720464 -0.287153602 0.0136163021 -0.32287845 0.0238935761 0.0597611144 0.1474832 0.0521547459 -0.250742733 -0.333887219 0.10712979 -0.164202303 -0.545810759 -0.0181970596 0.375996649 0.0648696125 -0.0141037861 -0.0723348632 0.0942860246 0.0461682566 0.0297176242 0.0170611385 0.0718544573 0.543387413 0.133973762 0.141102508 -0.245562926 -0.0484215654 0.0882153586 0.0729822367 -0.297435373 -0.652487636 -0.206843928 0.143217444 -0.0159161799 -0.0879517496 -0.192309469 -0.240422532 -0.276686817 -0.102260828 0.283552408 0.0306372531 0.144502312 -0.267365903 -0.206251904 0.287620485 0.117050879 0.0411019363 0.55016613 0.208730191 -0.0198992155 0.4130418 -0.1826711 0.124560751 0.0835604742 0.256129861 -0.17339167 -0.197187543 -0.00920075737 0.0567546934 0.0173113681 -0.0570109114 0.221434876 -0.110518135 0.109762236 -0.0868559405 -0.351966947 -0.0310171209 -0.182751164 0.164138958 -0.0622132123 0.0648386404 0.00747364853 0.137873113 -0.266187131 0.0420851558 0.0410946794 -0.0853928253 -0.149483159 -0.248771712 -0.0569788441 0.123529434 -0.0387277193 0.107945316 -0.100244164 0.461603105 -0.0127210626 0.33759436 0.060989365 0.20389396 -0.0215751026 -0.0134570552 0.0189656839 -0.461697042 0.284408599 0.0188858472 0.518653989 -0.0478379726 0.103533626 -1.76919184e-05 0.039211493 -0.581103206 0.153580576 0.17496562 -0.233478799 -0.0579485595 0.103637867 0.0944271237 -0.0322422832 0.18350099 -0.0704282001 0.197888553 -0.358532608 0.242946118 -0.0292229559 -0.354807109 0.0625586659 -0.119105533 0.104872674 0.141898543 -0.0634703785 0.378172785 -0.0641510636 0.0844240263 0.532169938 0.0512081385 -0.292673111 -0.207954139 0.025810305 -0.638733745 0.104233503 -0.12822111 -0.0400841013 -0.153727517 0.205040485 0.16648598 0.052560132 0.101320989 -0.406025767 -0.038823422 -0.463298202 -0.625608087 0.0564476326 -0.0584992208 0.232804134 -0.0442385375 -0.0138235046 -0.0410866439 0.195315182 -0.0660246238 0.142437145 0.0613550171 0.0187175795 0.0487458408 -0.337074876 -0.531299591 -0.114585944 0.334767759 0.0205782447 0.0745365545 -0.25746876 -0.13298139 -0.078346774 -0.132769316 -0.108713306 -0.0862934291 0.112819895 0.303260177 0.0726535842 0.212557033 -0.0363217555 0.178225324 -0.0821044743 0.0185151491 -0.0286531691 -0.117369108 -0.0184270628 0.0879285261 -0.0231571496 -0.199957341 -0.0751771107 -0.00801372249 0.00811380334 0.241952643 -0.553801477 0.590675294 -0.792543411 -0.013497497 -0.0863301679 -0.0641496629 -0.0779168457 0.21627377 -0.0107990345 -0.113718785 -0.00299801561 0.00356337498 0.670287609 0.0680243298 -0.142438233 -0.389460862 -0.0927001461 0.0311362352 -0.318719715 -0.548172295 0.289742887 -0.054033868 0.0754909962 -0.00990461465 -0.248720556 0.106729008 0.396453828 0.186145514 0.0119628664 -0.14073509 -0.0668105632 -0.312012196 -0.287354141 -0.30607909 -0.233259499 -0.0918572247 0.204094142 0.107785262 0.323124737 0.0328929685 0.145890161 -0.16519329 0.143771082 0.0992221087 -0.00921232626 -0.260041624 -0.0321278535 -0.0161492079 0.0613603592 -0.255724519 0.306133121 -0.21881941 -0.377005249 -0.0404095687 -0.0593188405 0.0774921402 0.33484441 0.187601447 0.099947311 0.15128319 0.0357992016 0.223929301 0.0803447962 -0.259762347 0.538660824 0.136456117 0.280996144 -0.0776490942 0.308131576 0.326920122 0.298791468 -0.235820666 0.201507226 0.0759419575 0.0291328318 0.0679821521 0.0295129698 0.244557992 -0.307454377 -0.1890717 -0.47203505 -0.0596660785 0.031129526 -0.0835164115 -0.0300047304 0.32415688 0.0170519985 0.0214880127 0.182975501 0.164426073 -0.00545197073 0.360223144 -0.37831077 0.185277864 0.12232472 0.159441143 0.2571522 -0.805725217 -0.190003723 -0.498090386 0.061967358 -0.137594491 0.0142917596 0.0455523096 0.0108167054 -0.29000771 0.548751354 -0.0731112808 -0.287059456 0.00823705737 -0.376047522 0.163489342 -0.00158206862 -0.146262139 0.0449180305 -0.123828411 0.388559163 0.0279972795 -0.0378898308 0.194132403 0.168734372 -0.0942783654 -0.174382329 -0.0481043942 -0.666918397 0.0860226005 0.103571884 0.196652845 -0.34368369 0.114519581 -0.229620263 -0.129053786 -0.235854432 0.260329396 -0.171235353 0.0264966823 0.390020221 0.25467512 0.492748767 0.0765343159 -0.0352576971 -0.545783937 0.112107538 -0.0234632008 0.534071088 0.0934807211 0.0143184951 0.347636133 0.0759985223 0.418131292 -0.0943740159 0.100315042 -0.327937841 0.133754551 0.0479735136 -0.120434292 0.390968382 0.0955523252 0.224731728 0.19094792 0.00179394532 -0.0101420572 0.00953187235 0.163244769 -0.230481118 0.00954211969 -0.493239462 -0.201642081 -0.227698907 -0.0886150151 -0.148211226 -0.047532212 0.0521755368 -0.00882020406 -0.225892514 0.238168582 -0.554022193 0.00870238524 0.32882157 -0.0982636139 0.303850144 0.4038513 0.272120893 -0.149609178 -0.103050448 0.0365538783 0.0844742283 -0.134533823 -0.281335086 -0.286146462 0.40384388 0.171505988 -0.370118648 -0.0467298515 0.273269475 0.278219759 -0.0995854437 0.258811563 -0.136481598 0.0142795816 0.0535967015 0.0265971925 -0.0109848315 -0.0418061763 0.197125986 -0.108496971 -0.462598324 0.057029333 -0.580159664 -0.356019795 0.0966977775 -0.044444181 0.0688913986 0.118291125 0.183583722 0.00481012976 -0.063207455 0.255265892 -0.196876377 -0.140637651 0.271074384 -0.0663730577 -0.213970438 0.0444917716 -0.404062122 0.425231069 -0.0954155177 0.0452729799 -0.195167169 -0.079120703 -0.137016997 -0.21397312 0.0108317118 -0.0148864351 0.0120764393 -0.195556566 0.374095589 -0.523233473 -0.0636614263 -0.0359225608 0.00769110443 -0.0284239668 0.16106917 -0.0535456687 -0.313341111 0.0375436917 -0.414808184 -0.23775658 -0.137012884 0.0202594437 -0.110724136 0.0328252688 0.0953730494 -0.178886041 -0.362633318 0.0428657793 -0.0443759225 0.118121587 0.00381728774 0.274734616 0.436501771 -0.0314527899 0.267858475 0.0566010028 -0.142414331 -0.443981588 -0.26121524 -0.0191062521 0.134017989 0.073797591 0.473520875 -0.31149438 -0.0305401701 -0.265534669 0.358981222 0.156475514 -0.115435451 -0.0300304741 0.0948160961 0.144610897 -0.0267600883 -1.02389789 -0.210750148 0.0388999991 -0.251658887 -0.375620186 -0.0970260426 0.0204806812 -0.309208304 -0.157468423 -0.066846244 -0.153299809 0.0798881799 0.0917208269 0.095789738 0.279604733 -0.0388270356 -0.10957931 -0.0859911442 -0.151089609 -0.0160860214 -0.189439014 -0.376215041 -0.0596469827 -0.375201195 -0.00541329617 0.0824601725 0.180568114 0.0744167939 0.320473135 -0.00618471112 -0.0121195577 0.183389187 0.00485315127 -0.418816537 -0.0487538762 -0.215290993 -0.0445399247 0.0114199361 -0.0274113268 0.165673047 -0.0133070769 0.0874024779 0.0204415433 0.100912496 -0.0159162022 0.248419493 0.0221780948 0.144576564 0.386292577 0.054014422 0.345753223 -0.236345515 0.0554563142 0.176832512 0.174669579 -0.259674281 -0.197571382 -0.130427763 0.113441229 0.0144678326 -0.0468339138 -0.0131530771 0.349354386 -0.0300928317 0.0528844893 -0.0418298617 -0.196822271 -0.378789693 -0.0596739501 0.194969043 -0.996825099 -0.0691004246 0.0637736991 -0.277010381 -0.175937504 -0.0439467169 -0.413149744 0.00697594741 0.0556122549 0.0481501296 -0.437946081 0.439944923 0.100058429 0.0832701102 0.112282775 0.394031078 0.0348047987 -0.0682780594 0.27333951 -0.0974755809 -0.323074698 0.245028898 -0.0150725003 -0.0211454984 0.114995793 -0.060791187 -0.258483201 0.400485605 -0.0390099622 0.50257349 -0.0224359017 0.316215515 -0.0390320085 0.0608670339 -0.192647442 0.407622457 0.308097929 -0.223264441 0.234959081 0.125802949 -0.0878052115 -0.412632644 -0.127048641 0.163223282 0.123236522 -0.19952178 -0.0608341508 -0.0218349248 0.494558692 -0.687413692 0.195002332 0.0715633854 -0.0627430826 0.368956566 0.0318760537 -0.259022951 -0.463434249 -0.0656215698 -0.0883011743 0.0505831316 0.0874249637 -0.435172558 0.0265351366 0.391276926 0.0727213696 0.277933806 0.0398960039 -0.149084553 0.0425790288 0.061251916 0.278771937 0.0055856891 -0.00498847198 -0.15463677 -0.246082589 0.328765959 0.0652427375 0.368411422 0.154016897 -0.357732981 -0.00475156214 -0.147750676 0.200027019 0.217637166 0.448618919 0.0610097684 0.029903993 -0.24739258 0.137378454 -0.140396342 -0.20496051 0.21989508 0.0374109894 0.234135702 -0.0412833095 0.0255887583 0.416425437 -0.0456629694 0.0693231672 0.206533894 0.0473540276 -0.131048009 0.00322643807 0.0927618369 -0.384548634 0.142294869 0.0437809378 0.327072024 0.334216356 0.0689619631 0.0471651107 -0.217827618 -0.0428187773 0.192180216 0.0460803732 0.228035152 0.151138201 -0.0450877249 0.411512971 0.0802239627 0.214630768 -0.211848482 0.0944343582 0.0775330812 0.00116262143 -0.219309703 -0.360763669 -0.0694934204 0.0158555768 0.0607024468 0.000269291399 -0.0359504484 0.279737771 -0.280600309 0.116773993 0.736912847 0.0194658376 -0.18452853 0.031876944 0.00585389696 -0.738349736 -0.116500676 0.0440445691 -0.0854623318 0.019410681 0.0127563449 0.0613399707 -0.0513201468 0.197317928 0.30639708 -0.012995787 0.437828511 -0.166919589 -0.0144196516 -0.958004236 -0.045457948 0.0567295589 0.25420627 -0.219388425 0.0528748445 -0.0422134958 -0.090554893 0.0402479693 0.396404296 -0.146009341 0.241992459 0.440939546 -0.0716950148 0.0370532535 0.0655814707 0.000176663671 0.0202591587 0.0526832826 0.0620269626 -0.22336711 0.133736357 0.177268177 0.401699781 -0.0596754514 0.166673467 -0.433882326 0.0195617937 -0.429397136 0.0328331366 0.0225422606 -0.288991034 -0.325419426 0.324826866 -0.146475956 0.199366242 -0.30715996 0.2500256 0.000776049565 0.25390467 0.143126711 0.0596249029 -0.609035492 0.0965916365 0.249106407 0.0706534535 0.0500632972 -0.0475358106 0.0869371071 -0.0879912451 -0.207028404 0.0187961422 0.526032865 0.0466543809 -0.0500601605 -0.0641684979 0.147030145 -0.0304981619 -0.0781478807 0.11998485 0.033046186 -0.0195231177 0.11647068 -0.167212039 0.0413208008 -0.888200104 0.165085748 0.341534764 0.0990309492 0.36948508 0.0453691259 -0.0988290608 -0.0837518051 0.298746973 0.0670892373 -0.0844929144 0.570764184 -0.0398210324 0.0965798572 -0.163652152 0.0219060555 0.357360125 -0.000711599307 0.0755149946 -1.06936479 -0.312606364 0.241632342 0.174743652 0.00295672799 -0.0252150912 0.0574053898 -0.380684614 0.0206039418 0.678930163 0.334044695 0.133271411 0.129304066 -0.258146673 -0.466026932 0.0960836709 0.232641771 -0.0837544277 0.0783595592 0.0675314143 -0.348404378 0.0460186079 -0.00951238908 0.637850881 -0.192947105 0.141573474 -0.132491648 -0.52786243 0.282620937 -0.114944361 -0.43678087 0.00369644258 0.0282122083 -0.133366793 0.0243513491 -0.103021964 -0.0539868996 -0.202961162 0.189093888 0.100015745 -0.0061080032 0.276533216 0.515845358 -0.267722428 0.0974309966 -0.0957326069 -0.0341064408 -0.0855402201 0.437536865 -0.379110575 0.000248742901 0.196896076 -0.201681867 0.457915783 -0.165332511 -0.232435316 -0.11475607 -0.229933009 -0.0621963739 0.0188512504 0.0343141593 -0.00692641223 0.331891686 -0.329016119 0.308118373 -0.347185165 -0.0230407752 0.579579055 -0.0535837635 -0.0532189682 -0.122893229 -0.121703796 -0.0255884416 -0.223341912 -0.0684602261 -0.0842089206 0.66476351 -0.531766236 0.260252833 0.219500497 -0.201423228 0.00814003032 0.117868006 -0.425223798 -0.589797556 -0.0133811086 0.047337614 0.384120107 -0.376750946 -0.223703906 -0.25372687 -0.0463217683 0.205073327 -0.155794621 0.255845219 -0.0421741903 0.0608314499 0.156846941 -0.131542742 0.152253315 -0.116675176 -0.0576513894 -0.121269383 -0.141526461 0.0676058456 0.19480446 -0.0141664455 -0.140880674 0.0178897809 0.406472445 -0.030135937 -0.153818756 -0.143222317 0.0868959352 -0.24370642 0.0654656738 -0.0528836474 0.026600657 0.355898023 -0.508190334 0.0311572477 0.065457508 -0.153305143 -0.0617007837 0.0905412138 0.0696262121 0.163965926 -0.0706681907 -0.00367837679 0.0292683505 0.0153733129 -0.0384002365 0.048884768 -0.0673702657 0.0205166005 0.162416339 -0.00529222796 0.608971655 -0.160579562 -0.050030835 -0.0606433116 0.0307733454 -0.14748615 -0.308425546 -0.133560434 -0.0458239093 -0.127218142 -0.407679707 -0.165321141 0.283145338 -0.0512084216 -0.201392457 0.0183873381 0.0336319618 0.43338421 -0.125202447 -0.307966262 -0.00312505593 -0.0449874513 -0.138388768 0.228202283 -0.590076566 -0.0292736273 0.108842865 0.206572875 0.00752875535 -0.101729788 0.0668987036 0.277841687 0.320105255 0.276257217 0.0972038507 -0.106033385 0.141466454 -0.601469755 0.548087835 -0.313044846 -0.17713739 -0.287253171 -0.0483568236 0.0486434177 0.0268493406 -0.016915787 0.032057859 0.246951699 -0.109331608 -0.0816998854 -0.0539884791 -0.315488279 -0.557777703 -0.199830174 0.349581033 0.252500057 0.148146495 0.000218790912 0.00382658932 0.041452501 -0.000709642482 -2.87835373e-05 -0.116308041 -0.0866593197 0.0311025493 -0.210130259 -0.0620949231 -0.105609685 0.609081745 -0.099106133 0.138317093 -0.636676788 -0.16956 -0.123114936 -0.0367557034 0.107155278 0.0862233192 -0.10144455 -0.233409047 -0.594242692 0.302955091 0.0392822288 -0.0129603632 -0.0368207321 0.0195992123 0.426813513 0.384747654 0.0596924908 0.0259754732 -0.024762135 0.0696561635 0.0640223324 -0.0611359589 0.0153251998 -0.0259695034 0.132529721 -0.692510784 0.00880413968 0.283054918 0.178871989 -0.115479179 0.405691147 0.0302504711 0.107118644 0.173676461 0.124885105 -0.0883674696 0.0109312916 0.294102639 0.443111897 -0.436590075 0.102006346 -0.262798309 -0.047490038 -0.237696171 0.123055935 0.114560306 0.0352007933 0.0111745289 -0.361692667 -0.0192306358 -0.109566227 -0.26974383 -0.113569759 -0.0678803772 0.139284238 0.306796163 -0.369413465 0.0469403937 -0.316386253 0.0980684385 0.0209510382 -0.204059243 0.0125336656 -0.0193230882 -0.251660496 -0.25368467 -0.239945695 -0.216774672 -0.053770788 0.174445227 0.0638118908 0.00123165408 0.297411919 0.212839767 0.0256548561 -0.14895606 -0.156699985 0.00135741336 -0.069686681 -0.315265805 0.135784894 -0.45740208 -0.016848309 -0.291293293 0.162405282 -0.0529432856 0.271395087 0.304784983 -0.0469849668 0.0824432895 0.00772810075 0.0322466046 0.271622062 0.241720766 0.0389219373 -0.675389767 0.036426682 -0.382546544 -0.0904631019 -0.0484516807 0.350978315 -0.396324724 0.0657359287 0.00109707506 -0.239958689 0.118868575 -0.266793668 0.0806844383 -0.142646194 -0.0548989251 -0.00148850679 0.208799288 0.130528867 -0.0430780426 0.346934587 0.0836402103 0.0446999371 0.12022116 0.00176299689 0.00329628843 0.105026767 0.0133818593 0.0598237365 -0.19507423 0.498175442 -0.184552073 0.0200002734 0.0701730624 0.233064964 0.174064487 -0.0771494508 -0.10132879 0.445185989 0.118015587 0.116334856 0.70462662 0.208146334 -0.288658231 -0.054581482 0.641480148 -0.798160732 -0.463958055 0.185462773 -0.246444419 -0.045607172 -0.0776394755 -0.0164664071 -0.0106736412 0.0314719677 0.0734732822 -0.271040142 0.0532397516 -0.575341463 0.122768007 -0.0571411327 0.195796281 -0.120020255 -0.184697315 0.103861518 -0.0437772386 -0.0870818943 -0.0620605685 -0.0895189494 -0.089052707 0.0883770809 0.122931495 0.0395136662 -0.21993582 0.566269577 0.12661396 -1.5916692 -0.0620141886 0.0230815466 0.0699253529 0.0701862723 0.0002187059 0.220356077 -0.499702483 0.234545648 -0.0443852246 -0.00213532476 -0.36192134 0.578120708 -0.25148204 0.178456992 -0.0943791196 0.0993853807 0.395615727 0.191649616 0.0582418777 0.198462069 -0.0815525204 0.198844835 0.169721097 0.159174293 0.275094748 -0.405902296 -0.0358998589 -0.658507645 -0.211046949 -0.0583584979 -0.0198098905 0.0992522389 -0.00819773041 -0.294260323 -0.548135698 -0.387839645 0.432794541 0.0056441226 0.0863091871 -0.223010242 0.158835873 -0.98980093
