tensor_linearrelustack9weight 128
0.0793955773 0.062211737 -0.0623942912 -0.381093651 1.42863834 0.626039684 -0.477740973 -0.0845719278 0.138483018 0.771622717 -0.416470408 -0.863328695 0.134560674 -0.290361881 0.745309412 1.34273016 0.0695387796 1.95773482 0.163398847 0.0740027055 -0.246981412 -0.59449929 -0.144996896 0.819758415 -0.132784784 -0.159826025 0.323204249 0.0828540176 -0.427525192 -0.515170455 -0.134843618 -0.470496804 0.0672353953 0.00747886114 0.951763153 -0.133017838 0.118196979 1.66296768 -0.00413358584 -0.109865256 -0.162565008 0.253160954 -0.149088383 -0.666856885 -0.277842343 -0.260142595 0.569211364 -0.552733541 -0.393382281 -1.16396129 -0.228252426 0.134579137 0.0208549481 0.315715581 -1.49794006 -0.287832558 -0.502041161 0.20959492 -0.104813427 0.0853169486 -0.489236325 -0.15359208 -0.235247076 -0.999947965 -0.22484611 -0.369425863 0.0691022873 0.242012575 -1.65241206 0.142634362 -0.152913585 -0.050596334 -0.089381434 1.71109223 0.114231639 0.100720719 -0.632211745 -0.188345134 0.0322559364 1.21159327 -0.844298601 0.15938507 0.157533512 0.0582830682 0.116371751 -0.175029904 0.0611040406 -0.195049405 0.428061366 0.0693263188 0.0856517851 -0.211627886 -0.549025238 -0.127889216 0.119992867 0.0584992915 -0.0842579454 -0.417044669 -0.16788955 -0.443447769 -0.613586724 -0.301930696 -0.47212854 0.119522937 -0.287242502 -0.170095459 -0.105925173 -1.63241398 -0.182728305 -0.0800362527 -0.170704737 -0.192839712 0.187207073 0.130068347 -0.525231242 -0.280907661 -0.236180544 0.10092435 -0.358343661 -0.138172999 0.114542119 -0.545761466 0.17689307 0.343533307 -1.14599061 -0.212481946 -0.123879179 -0.122088216
tensor_linearrelustack6weight 1024
-0.586254358 0.108018465 -0.241773516 0.0841815919 0.333768159 0.265145957 0.0536257364 0.324642092 -0.547256291 0.134768352 -0.00159899145 0.348075807 0.134933814 0.360310405 -0.258143723 -0.215949178 0.0943367183 0.231318966 -0.176866621 -0.0170867909 -0.309642255 0.213155732 0.413959473 0.0657382682 0.0316693373 0.386884332 -0.124263115 0.0610102043 -0.429041386 0.254998833 -0.494608462 -0.328677118 -2.70143771 -0.403017849 0.110328473 -0.984670997 -0.286517411 0.541148365 -0.362917334 -0.431570143 -0.253099769 -0.319606751 -0.211544409 0.659353256 0.498019576 -0.703618884 -0.14778772 0.311586916 0.169694528 -0.0332427137 0.517748237 0.494178176 0.0157582629 0.145726278 -0.0215367507 0.121955231 0.0946311131 0.294119388 -0.749944925 -0.0240373146 -0.0864609852 0.0841481239 0.341197014 -0.12213672 -0.555928886 0.0196853206 -0.323457807 -0.0105587319 0.0628442988 0.323074669 0.0731039047 0.0087540308 0.239497378 0.410394251 -1.59289169 0.20399566 -0.523305476 -0.0383167118 -1.55883861 -0.123356938 0.270965576 0.505941629 -0.383092046 -0.00484367087 0.0285800509 0.329823136 0.0873818919 0.137825474 -0.0866192952 -1.18836784 0.419751227 -0.782868147 -1.18148208 -0.0230202135 -0.0323107131 0.138264969 -0.0756777823 0.276919395 0.239890337 0.0526413955 0.464973062 0.35628286 -0.120854765 0.138581738 0.028138699 0.0430190414 0.43495822 -0.127257213 -0.153559715 -0.0662905946 -0.224323481 0.119232759 -0.134260178 0.212505847 0.150525764 1.03033614 -1.72715616 0.127420917 0.0693053454 0.31465289 -0.000445663871 0.612980306 -0.965864837 -0.52394551 -0.207378551 0.285769522 -0.716267586 0.217162073 -0.460624874 0.0781436935 -0.213833943 0.241647452 0.386944681 0.35903281 0.0854291171 -0.280179381 -0.101371981 -0.00652030529 -0.110502072 -0.669434249 0.827238321 -0.733999848 0.150942937 -0.142941028 -0.0654913113 0.251829207 0.20163776 0.265291214 0.256934702 0.422200084 -0.0206783377 -0.0997102782 -0.241544768 -0.342352301 -0.283955276 -0.00760080479 -0.324186653 0.0671064407 0.0350272581 -0.143096432 0.627725124 -0.127221674 -0.149678871 0.0843616575 -0.17775318 -0.171162516 0.415004611 0.158049062 -0.0255732536 0.110451989 0.623899698 0.108771048 -0.000141787299 0.00427381648 -0.479588062 -0.00255588908 0.0939111635 -0.0997645408 0.369069278 -0.0661452338 -0.219582826 -0.0707508251 -0.114002824 -0.0297200587 0.103632234 -0.423045367 -0.298166603 1.05729842 -0.248633519 -0.207938433 0.13511683 -9.84733852e-05 -0.0458310917 -0.084598951 -0.423440129 0.146006048 -0.25115779 -0.115549117 0.0716484636 0.0170925315 0.039655976 -0.761163116 0.239800274 0.236293316 0.331449181 -0.223896116 0.229542539 0.1161808 -0.0826222301 0.11602319 0.030943837 -0.553078473 0.530835927 0.352240771 0.110544197 0.0937232822 -0.172496453 -0.0583742671 0.0518329926 0.0143775642 -0.0284134652 0.0549440943 -0.36005193 0.322840571 0.740435302 -0.257181227 -0.415733129 0.00533046387 -0.144815534 0.037457101 0.692303061 0.298057497 0.811287642 -0.318944693 0.159883305 -0.14068763 0.145152122 -0.0207437146 -0.0295264628 0.0775778219 -0.273994267 -0.56938529 0.207069054 0.134524897 0.0519891568 -0.3212955 -0.0871476531 -0.0487704463 -0.0554661267 -0.0313845873 -0.218395859 -0.463780314 -0.246730655 -0.30804655 0.599273145 0.117085449 -0.332773119 0.0773366243 0.137729794 0.00979355816 0.368403494 0.170381054 -0.33495903 -0.182358116 -0.207393289 -0.306619078 -0.0350418165 -0.259535581 -0.152100846 -0.133302853 -0.254669368 0.0619835742 -0.186570272 -0.246534601 -0.196827084 0.887181818 -0.13512738 -0.207685441 -0.141243428 0.401997268 0.20554094 0.302829295 -0.786334276 -0.00141854282 -0.11976964 0.0668292046 -0.490393192 -0.0203994568 -0.286362708 0.0757737756 -0.0789078102 0.313200146 0.140424117 0.230281621 0.0108206589 -0.291422009 0.546081066 0.288738668 -2.59245062 -0.0291492771 -0.851251662 0.0285854712 -0.225295305 -0.259937227 -0.222352788 -0.151862681 -0.17054747 0.218828768 -0.0354317911 -0.0535081215 -0.296089053 0.0474751368 -0.108696982 0.107783943 -0.309715092 -0.1213926 -0.508019269 -0.17061311 0.210797727 -0.0815956816 -0.928905845 -0.16066663 0.0668776333 -0.51755774 -0.212332308 -0.515499592 0.0154999206 -0.0401987955 -0.202709571 -0.117164515 0.129571036 0.248914838 0.574240565 -0.142917544 -0.101602092 0.379731059 -0.0336092599 -0.183709458 -0.547740817 -0.132276073 -0.275397629 -0.0850137323 0.421493769 -0.22888492 -0.00323186256 0.210665822 0.307512283 -2.24744749 -1.71058118 -0.497956902 -0.185802922 0.0952483341 0.0152524812 -0.1303332 -0.757652402 -0.0205145385 -0.138388708 -0.0144265275 0.552869141 -0.211905003 -0.0972024128 -0.743549526 0.0589371361 0.161021709 0.32561788 -0.306082428 -0.0465799533 0.319203079 -0.212624639 0.0248744488 0.17499052 -0.100273497 0.835767984 -0.445667386 -0.0722367689 -0.280759275 0.205864415 0.38732028 -0.689885259 -0.141930804 0.471373081 -0.360453576 -0.125562713 0.215747386 0.0739098191 0.50127995 0.0113118496 -0.158872545 -0.204687133 0.220221981 -0.357068032 -0.321989417 -0.456917673 0.0853422433 -0.337554634 -0.0634106547 -0.2669774 -0.181254596 0.644585669 0.253351659 0.315523624 -0.374110579 -0.250473201 -0.108389154 -0.0367790796 -0.243026987 -0.133903444 0.227079034 -0.139613301 0.193708152 0.209863126 0.208103478 0.453022122 0.456675708 -0.0426278599 0.156845391 -0.194759741 -0.174906 -0.0474253595 -0.263268143 0.0921771005 -0.13679181 -0.272513181 -0.0753882751 -0.113340981 0.170390338 0.0311315358 -0.554561734 0.441888809 0.591732919 0.170585975 -0.162232265 -0.160106733 0.186321601 -0.169893309 0.0282675885 0.001839087 0.216419041 0.83375603 -0.134280011 0.00782276969 0.179362044 -0.069282949 -1.37128782 -0.568203926 -1.93657541 0.212427124 0.0250545777 -0.18231076 0.638828456 0.0991460308 -0.141481027 -0.193360448 0.255157799 -0.165989518 -0.119051509 -0.11480087 0.178467691 0.197144628 -0.0947689563 0.327631325 0.495753258 -0.0121705653 -0.06089532 0.306584835 -0.0161859877 -0.499322027 0.0521863773 -0.0829262137 0.0252961591 0.469758332 0.0484512448 -0.637810647 0.172160819 -0.18101041 -0.178433433 0.341185808 0.378821909 -0.0036547347 0.372041404 0.178735346 0.553991616 -0.552744508 -0.0630467832 0.165847048 0.0327107459 0.153323784 -0.0311059132 -0.214168549 -0.444192797 0.336675972 -0.296614438 0.0871383101 -0.112357192 0.488326848 -0.00215833005 0.694979966 -0.0509265102 0.342093438 -0.122257955 -0.136179641 -0.146479234 0.108340286 -0.0813859552 -1.05437887 -0.227535069 -0.339008421 0.619888306 -0.571515441 0.226280019 0.799857855 -0.32111454 -0.0485113338 0.0817165822 -0.819242775 0.0466163605 0.00666383607 0.0271525178 0.740746617 0.0733893216 -0.823473811 0.0192625038 0.418972164 0.40711382 -0.111591324 0.194480434 0.460455179 0.191879615 -0.173805431 0.0382359065 -0.211535931 -0.162345976 0.457321495 0.333930641 0.169632584 0.0676092431 -0.340168118 0.433277726 -0.0295405146 0.0280801263 -0.0416426957 0.498259842 0.0220285598 -0.152588278 -0.781638682 0.576767564 -0.28267324 -0.0163555946 0.0222202595 0.199555591 0.158986583 0.14088285 -0.0253971778 0.254399478 0.31166631 0.466391087 0.0590866692 0.454405695 -0.0704009756 0.0842771083 -0.0173828825 -0.150489733 0.502812982 -0.100380942 0.0634970069 -0.116565853 0.315643787 0.13001655 -0.321790636 -0.215313315 -0.0926165208 -0.10945604 0.158836991 -0.150185019 -0.17397666 0.232970357 -0.108827382 0.197775424 -0.282304704 0.14398402 -0.295285165 0.00999710336 0.363034368 -0.0262172595 -0.173448011 -0.109647855 -0.142991394 0.757324338 -0.904521763 0.415439367 0.0742138177 -0.382752448 -0.430810183 0.0421766751 -0.121382706 -0.165223658 0.184378564 0.298571795 -0.241781816 0.201929227 -0.607436419 0.111620255 -0.178537428 0.0963545367 0.125808492 0.302074462 -0.0724937022 -0.220140845 -1.5071516 0.504758298 0.463932335 0.10543935 -0.439631879 -0.204736218 -0.511140764 -0.183092773 0.597416997 -0.561548471 0.0171551425 -0.160230115 -0.0423474386 -0.302163661 0.0446404852 -0.114033006 -0.0658633783 -0.0842740908 -0.256303996 -0.352140337 0.014880619 -0.0732738152 0.0255736113 0.194668964 -0.0805469304 -0.185186982 -0.017932985 0.85984832 -0.533223927 0.193197012 -0.0954133719 0.127172396 0.197280914 0.0439567268 0.598897457 0.171494469 0.198842779 0.0246072579 -0.418589145 0.130783319 -0.0436352529 0.308042437 0.237853557 0.108792931 0.453486234 0.418097317 -0.0462169349 0.130549788 -0.0173042249 0.189009026 0.21855934 0.245434389 0.229888141 0.302219272 -0.0570914559 0.383879453 -0.00311257783 -0.0423744544 -0.0130427629 -0.0797251239 0.307146817 0.248154104 -0.229101866 -0.260787666 -0.399445981 0.126676068 -0.077992864 -0.0866441578 0.510144413 0.0560190342 -0.0215976611 0.210504547 0.146824867 0.238233417 0.510074794 -0.354252577 -0.414235145 -0.366981596 0.208688751 0.203261435 -0.460950524 0.175548762 -0.0374452248 0.199251533 0.070990175 0.302220047 -0.279987693 0.264100254 0.4776842 0.117774554 0.271242023 0.0772652924 -0.450686306 -0.214461833 0.180041492 -0.12663947 -0.0418905914 0.146242276 -0.0401431434 -0.5832932 0.397042602 0.506830156 0.215760142 0.106678575 -0.312551558 0.157379121 0.0533808731 0.277824312 0.483438283 0.0867184326 -0.127949655 0.104504511 -0.577708304 0.275755316 0.0293019526 0.305966854 0.288680911 0.185479641 -0.093388021 0.327340186 -0.373980224 0.0556766577 0.200618699 -0.309319794 -0.599978864 -0.417243123 0.350185484 0.0685132369 0.439224243 -0.198327437 -0.210430443 -0.200463146 -0.294698507 -0.783888757 0.572450995 0.0542893 -1.3621645 0.0148656284 0.0879260376 -0.438234001 -0.306270659 -0.383330256 0.30662623 0.197316512 -0.498230606 0.111970454 -0.188180462 0.233176723 0.111734718 0.328711987 0.0685668066 0.269177854 -0.409998953 0.0842840672 0.0365054421 0.127091199 0.0395084359 0.600189328 -0.240647897 -0.182311118 -0.129940763 0.185419723 -0.811118841 0.0655214563 -0.294211507 0.0775290802 0.226263538 0.230600923 0.0965568647 0.607447922 0.066834271 -0.0673282817 -0.234077796 0.315474719 -0.19278574 -0.0210950691 -0.763473213 -0.148315817 -0.0354042798 -0.467909187 -0.210241631 -0.402105272 0.228263929 -0.204054072 0.20805794 0.526935279 -0.973238289 -0.0508355945 0.274618626 -0.151391134 -0.137983814 0.00138361135 0.49045825 -0.0115201613 0.46032083 0.0607983321 0.0280152783 0.0461373068 -0.471994787 -0.164765015 -0.0688462183 -0.280485779 0.371377736 -0.073738195 0.250928283 0.126777813 0.118139647 0.0905099735 0.208463624 0.474510789 -0.233875826 0.00597497122 0.0271950103 0.201834619 0.0972952396 -0.00277447817 -0.497035384 0.258106858 -0.250045657 -0.239879623 0.441596508 0.29026863 -0.0443596989 -0.0358163528 -0.718232214 0.0527249351 -0.0726636872 -0.682139516 -0.556938946 -0.431773275 0.381213814 -0.0827559978 0.0488086455 0.153815955 0.0122574121 0.172731578 -0.649756014 -0.0948247164 0.0852484256 -0.0741958171 0.33118856 -0.0189623758 -0.369444281 -0.0220592506 -0.456342608 -0.130702525 0.338662982 -0.00560448691 -0.00161154312 -0.605711758 -1.51134431 0.792594194 -0.106655933 -0.270378351 0.109482758 0.0688242912 -0.141919702 -0.460865587 0.266410798 -0.319997549 0.222973317 -0.103468902 0.392818034 0.177002117 -0.171516135 -0.158672899 -0.00432291767 -0.334049791 -0.0720210001 -0.228184387 -0.0686728954 -0.0347326696 0.828754127 -0.563114762 0.191341728 -0.118510902 -0.175900102 -0.233243525 -0.0278291851 -0.025601862 -0.0871941671 -0.235575631 0.350274622 -0.125229001 0.088888444 -0.118325122 0.306473851 0.12731944 -0.0658628941 -0.0571248606 0.0853790492 -0.325197756 0.611969829 0.27881518 -0.193600446 -0.0135274669 -0.476365745 0.161303759 -0.122553378 0.119904585 0.303621024 0.134598836 0.051109273 0.109969623 0.557191789 -0.157120958 0.446049988 0.0685077906 0.0134139247 0.0178295504 -0.576006711 0.0208554603 0.566157818 -0.460719526 -0.343960583 -0.0679126158 0.0173123982 -0.116549999 0.446911663 -0.204879493 -0.027325511 0.378866613 -0.22789602 0.0563520603 -0.438355386 0.225060597 -0.621894956 0.158724934 -0.57863766 0.0914541259 -0.163166106 -0.127844945 0.483953297 -0.0553083681 -0.198199674 -0.171516046 -0.72286576 -0.177882224 0.487511575 0.210740194 0.111220486 0.160819054 0.204166368 -0.127312884 0.0571058542 -0.133729354 -0.630890965 0.0327004306 -0.167370826 -0.129634529 0.3691203 -0.15538834 -0.225989997 0.277688712 0.234659389 -0.0381881781 0.478566647 0.233324453 -0.16051276 0.0959926173 0.714362919 -0.218198687 -0.191254824 -0.0952076763 -0.0672224239 0.0614951514 0.407469213 0.0175892841 -0.0511064343 0.141781688 0.166200101 -0.0819047317 0.433257312 0.452019095 -0.0123424483 -0.16171068 0.0531860851 -0.429696381 -0.325244367 0.224278092 0.324596018 -0.183980793 0.112197906 -0.306449652 0.0048985132 0.193259254 0.0377237126 -0.0829914361 -1.01811433 -1.08981156 0.672372878 0.307307214 0.101677589 -0.0113016395 0.0994218811 -0.775967717 -0.417167276 -0.308778435 0.436023563 -0.256295055 -0.344016731 -0.343995214 0.274756104 0.0215650294 -0.255329549 -0.29573971 -0.259197712 0.314009517 0.67403996 -0.458386332 0.181259111 0.0181971751 -0.252683729 -0.0996035188 0.0498459004 -0.11018151
tensor_linearrelustack3bias 8
0.164858595 0.21748364 0.31672743 0.10279797 0.00453726994 0.27181533 0.428197265 -0.125810683
tensor_linearrelustack3weight 1024
0.00853333436 -0.20253332 -0.350218147 0.39887172 0.0103319222 0.0926283598 0.231008857 0.170933574 -0.0739620849 -0.0350736938 0.0265287571 1.21594191 -0.0366518609 0.0166724976 0.0121663176 0.0985701159 0.0795250982 -1.31946051 -0.0228863601 0.0709827244 -0.235367328 0.167099044 -0.253781289 0.101132743 0.0711197108 0.0843613967 -0.38951391 0.0722581148 0.00511249481 -0.292473346 -0.129547909 -0.332351267 -0.00222427188 0.384802043 0.514960229 -0.137677521 -0.0444569327 -0.191291079 -0.208180681 -0.272778124 -0.0172201004 -0.451828897 0.224862248 0.0357212275 -0.188028857 0.175647601 -0.192764521 -0.177672803 -0.0753561556 -0.0369100347 -0.00416614581 0.042552717 0.0550023913 -0.241908118 -0.0166005827 0.00201187958 0.448236257 0.0277943481 0.019976262 0.0592048317 0.11013376 0.0283194948 0.235712305 3.88236046 -0.285866946 0.0566799939 0.483612299 0.0759863555 0.387514055 0.106803961 0.282791018 -0.513479292 -0.010855007 -0.0798922107 0.0887753814 0.225599349 -0.0641034395 -0.299145758 0.107002072 0.0833956897 -0.0304536894 -0.0445943363 -0.15009138 0.259490639 -0.0287353732 -0.106041215 0.103426285 -0.0717583969 -0.215272158 -0.0224722624 -0.237268925 0.18022792 0.00494280783 -0.0635145381 -0.124374099 0.210604519 -0.37756899 0.0935208797 0.0826047137 -0.146908149 0.0509030968 0.0328713097 0.152926639 0.0133445188 -0.143243253 0.0885813013 -0.0226184037 0.00437189266 -0.0376478657 0.064680323 0.511234641 -0.58598274 -0.461466253 -0.0695406646 -0.242875487 0.0202692952 -0.0975876376 -0.0270113666 -0.347561657 -0.0374729447 0.28896144 -1.21585417 -0.0998738185 0.137691736 0.0148408934 0.0750072226 -0.0468030944 -0.352178961 -0.102116458 -0.0704329535 0.30459556 0.774098516 0.0426780432 0.143100426 0.298063606 -0.51408124 0.380131572 0.229293048 0.0238447897 0.395477593 0.263586372 0.349100739 -0.116897449 0.153822362 0.635879397 -0.579755545 -0.0849101916 0.27361092 0.102714077 0.182431921 -0.368839294 0.246895418 0.0780275315 0.0308362823 -0.0426927395 -0.0527029149 -0.0967729315 0.0219283365 -0.136714473 -0.0600854345 0.0134086367 0.021373691 -0.122767515 -0.633410811 -0.171998739 -0.29836446 -0.163041368 -0.0553262196 0.133109286 -0.323241472 0.161840871 0.335442394 -0.213436574 0.00517886318 -0.189043432 0.0121997287 -0.193156689 0.14869003 0.0407866985 -0.152185202 0.0415987931 -0.620387018 0.0102573242 -0.071836412 0.348235279 -0.125706822 0.216099948 0.183335528 0.10183154 0.0747408122 0.22647877 -3.34026718 -0.103843965 -0.195957989 0.174686149 0.128491804 -0.285158485 0.227185607 0.144680753 -0.23269774 0.298015416 -0.398983359 0.270337313 0.222811535 -0.222780958 0.194426805 -0.333902597 0.17151314 -0.0265947115 -0.205879509 0.0438712239 0.0199177638 0.0302725378 0.184720412 0.134210408 -0.0408694185 -0.138063177 0.102206707 0.0313371569 0.202268794 0.00701917754 -0.0184528902 -0.219362855 0.395088255 -0.149517432 0.299912959 0.0705618784 -0.10763827 -0.0485298783 -0.454692274 0.181492135 -0.0992707685 0.09403947 0.285437107 0.0416813232 0.0731929466 -0.216872841 -0.217337146 0.346284866 -0.0307319909 -0.0348016024 0.0441527367 -0.100355491 -0.0879465789 -0.327978283 -0.280547768 -0.460760325 0.0747230276 0.704182625 0.00930397864 -0.267371267 -0.210381702 -0.133744985 0.204740748 -0.0952738822 -0.239538878 -0.799267232 -0.263034493 -0.148666695 -0.35308516 -0.18310076 -0.104116462 0.0994298533 0.193073153 0.117898248 0.21392718 -0.0534659065 0.0587869473 -0.234280035 -0.16180186 -0.183170408 0.0756382346 -0.3788715 -0.421187282 0.442754775 -0.252467781 0.145518601 0.220346078 0.212431803 -0.150802702 -0.163175598 0.278948575 0.0554263368 -0.227465525 -0.127574831 0.327678204 -0.260786504 0.0481129475 -0.165565088 -0.146251827 0.233187124 0.677927613 -0.00828615669 -0.250615776 -0.00823276863 -0.303459406 0.299873352 0.24816972 -0.268278122 0.153965384 -0.0187063515 -0.125946105 -0.00357097248 0.0355697908 0.160539791 0.171335831 0.0625680611 0.36075899 -0.128225431 -0.965462506 -0.278107971 -0.133272439 -0.21861206 -0.105172984 -0.359967023 0.0370443463 0.202686965 -0.0538819693 -0.443147272 -0.755552351 -0.176768482 0.108317629 -0.016114438 -0.199069679 -0.579301953 0.326768726 -0.0284096804 0.084267728 -0.251542658 -0.355502933 -0.104053289 0.295073271 -0.110899203 0.0833304822 -0.0641102195 -0.0496511571 -0.155783355 -0.0935471356 0.168800816 -0.148824424 -0.128471851 -0.486406237 0.188759446 0.125893891 0.484058261 0.251856655 -0.131659493 -0.0494970754 0.0635474622 0.199021056 -0.511957765 -0.206534818 0.21437569 -0.63702327 -1.26315653 -0.0349619202 -0.157722458 0.0915820077 0.0228914358 -0.0155768096 0.187907293 -0.118195541 0.059492711 -0.222070858 -0.0468320437 -0.0235567465 -0.417457014 0.10563679 0.0273927767 0.325837731 -0.109573834 0.15361695 0.156017289 -0.16980654 -0.210314587 -0.0218252614 -0.836033583 -0.121661723 -0.424202681 0.116060622 -0.257051736 -0.0989816114 0.594648063 -0.228224218 -1.31200957 -0.109545708 0.585942328 0.223821372 0.0206628591 0.080847539 0.0306584723 -0.230591357 0.312588871 0.186794654 0.0787982568 -1.30916774 -0.88821882 0.0820475519 -0.0116053978 0.190545171 0.0352859572 -0.231727988 -0.290529102 -0.429142147 0.0980497748 0.133357644 -0.0771417096 0.0729207173 0.000360048783 0.0145649975 -0.020955136 -0.00890330877 -0.0098416796 0.110601433 -0.14748311 -0.0427951738 0.0720870048 -0.237771899 -0.0926131681 -0.00457088184 0.0372108035 0.101757571 -0.0137505019 0.0946457684 0.125395566 -0.0388214849 -0.215625048 0.0442121066 0.052960474 -0.227228492 -0.0568326674 -0.102468833 -0.0145293009 0.0380860865 0.297713101 -0.0907240808 0.187951908 -1.20520616 -0.553938389 0.0429007597 0.159418061 -0.258749485 0.0769935325 0.158977389 0.0666846186 0.137581304 0.0205864701 -2.46181154 -0.026312314 0.00902427454 0.0183929279 0.0818434432 -0.731724977 0.373840302 0.109993279 -0.0709163547 -0.366976738 -0.438965499 -0.464513361 -0.128901899 -0.156374559 0.0430975296 -0.154114619 0.133135542 -0.188821733 -0.117407456 0.0180966854 0.0156190423 0.0891062468 -0.170303509 -0.016043067 -0.420967609 0.169474185 0.114673086 -0.0475881584 0.078110747 -0.0343278646 0.136595801 -0.284022123 0.159890324 -0.0661836416 0.108370803 -0.400861859 0.0467887968 0.091456458 -0.0120131243 0.161501005 -0.00668088393 0.0651717857 0.147983149 0.135778353 -0.117320962 -0.309166282 -0.361299306 -0.165381208 0.0157345571 -0.0242675636 0.193196923 -0.0721185207 0.0335354097 -0.0597876459 -0.194789395 -0.294270426 -0.512843549 -0.166615561 -0.122318462 -0.273070246 -0.0412062742 -0.130201489 0.0849762112 0.169114694 -0.999312341 -1.09983027 -0.0908100158 0.215045184 0.152519539 0.197039634 0.164815947 0.057261385 -0.0972492397 0.274710953 0.282558739 0.0279985946 -0.414221048 -0.977631688 0.182677835 0.132271141 0.146099985 0.0470027514 -0.0714187771 -0.37295869 -0.497854501 0.0612316206 0.213764921 0.0953713581 0.45236063 0.0132218413 0.127746508 -0.00389129878 -0.0164549705 -0.0222716685 0.00620603329 -0.201076865 -0.0137921916 0.122859165 -0.109194368 -0.0939732268 -0.260660261 -0.0979942679 -0.0873689726 -0.0189777948 0.0903255716 0.107347474 0.0264718384 -0.192384019 0.0200470798 0.0156165361 -0.162636802 -0.0323997028 0.0534348637 0.0301689841 0.213387877 0.0652043521 -0.273899108 0.107994325 -0.855456054 -1.13510478 0.134906843 0.0545100942 -0.107982621 -0.041560173 0.2122574 0.107999608 0.0671238229 -0.312414467 -1.53573537 -0.0648058653 0.039709121 -0.0241351333 0.177048624 -0.551194549 0.101677321 0.108758941 0.021069888 -0.696178377 -0.657891631 -1.42220354 -0.0719657391 -0.241506025 0.0115725044 -0.296697676 0.198229507 -0.141728565 -0.178307205 0.0282922592 -0.0155733442 0.134142965 0.0326889381 0.00390048116 -0.618688881 0.0595795289 0.0998375192 -0.0447937399 0.071491532 0.00753144873 0.126563981 -0.473716229 0.0780058429 0.0299703274 0.0224457458 -0.71449101 0.111144178 -0.0275025964 -0.0635665208 0.184887767 0.174785271 -0.0176600982 0.181050077 0.124662921 0.041908443 -0.0957300067 -0.24948737 -0.262114495 0.0444118306 -0.00737385685 0.302750021 -0.103547655 -0.0344945863 -0.0316618867 -0.384658068 -0.109657675 -0.639376104 -0.246544018 -0.0283889994 -0.225128636 0.0341250189 -0.187000364 0.565426707 0.0684793591 -1.13912439 0.084427923 -0.0872240439 0.115409471 -0.157381207 -0.148786023 -0.0132018412 0.0324830972 -0.171839789 -0.191188931 0.0472052358 0.0401606373 0.290513098 0.173331156 -0.0659588575 0.113880433 -0.0468421243 0.39094609 -0.217054635 -0.456724465 0.0357944183 0.00417162292 0.353006959 0.100235008 0.100632608 -0.894192994 0.232600838 0.13344492 0.147507951 -0.982734621 -0.505122304 -0.126345426 0.110854074 -0.0121384896 -0.124915957 0.0895409361 -0.0913576111 -0.236101717 -0.0738701895 0.0460806675 -0.393239439 -0.0388582796 -0.0174149685 -0.0909084007 -0.10420981 -0.208518162 0.00379644218 -0.219832554 -0.030175725 0.049376443 -0.0369793326 0.661486387 -0.349463999 0.120965317 -0.203485593 -0.598097026 0.0713193789 0.0310752504 -0.176222622 -0.0286879335 -0.0347601399 -0.0358407125 0.011982156 -0.620603502 -0.153097466 0.1671395 0.116116151 -0.243456095 -0.342838734 -0.31140542 0.0176092219 0.0204020273 0.0531893037 0.0782177523 0.248311833 -0.136254668 -0.0834353417 0.0692081675 -0.139047474 0.0636286512 0.113180995 0.202134743 0.0477457531 0.0339078456 0.040859852 -0.248888209 -0.210570171 -0.105561718 -0.225216404 0.185558736 0.007013503 -0.0749247074 -0.198598638 0.0965223014 0.104130566 -0.0855703652 0.181556791 0.0244978666 -0.0383007377 0.390103132 0.0935670808 0.110126555 0.080448173 -0.0324638225 0.164889827 -0.231761456 0.0781509057 0.10679999 -0.486694574 -0.121871188 0.0613548979 -0.28068167 -0.00586454943 0.0843737349 -0.00226469105 -0.129746273 0.209423512 -0.00144058536 -0.0661222786 0.032124117 -0.385007501 -0.124197483 -0.239891604 0.167281762 -0.0726227388 0.0278750062 -0.431630105 0.0589411259 -1.21452856 0.346781284 -0.280976325 0.0177799761 -0.430334151 -0.101792455 -0.138585821 0.265546352 -0.110846519 0.0751824453 -0.0377189852 0.26764521 -0.287443399 0.263070583 -0.140535533 0.0670713484 0.192933038 0.0425966643 -0.524542272 -0.76652056 0.280834466 -0.0573780052 -0.102788948 -0.00736955367 0.233166367 0.057135161 0.0767081454 0.119003199 -0.0922543034 -0.141101271 -0.0012447621 -0.0872772336 0.0554030351 -0.27509585 0.0140792951 0.340689421 -0.22691299 0.0096915774 -0.377237618 0.121280685 -0.346319526 0.0733508915 0.0229474455 -0.25049898 0.0364783481 0.0395211093 -0.479807407 0.01403022 0.14869608 0.11809691 -0.059908025 0.152830422 0.122019745 -0.364879996 -0.305923671 0.500665843 -0.241023511 -0.0108532999 -0.0308172163 -0.252878159 0.0117019909 -0.100544423 -0.247081384 -0.437755913 0.0458447486 -0.0575428009 -0.0616984256 0.00138589402 -0.0614751726 -0.0761986226 0.226026088 -0.0429579318 0.0146214943 0.723493576 0.348464996 -0.0260555781 -0.0570789278 -0.0241306107 0.056924358 0.173421532 0.0722889081 -0.318841785 0.0788786039 0.0167784784 -0.221125618 -0.0940534398 -0.13578333 0.492679566 -0.146752521 0.104060449 0.0196632557 -0.294700593 0.00833536591 0.179494366 0.164898619 0.500026703 0.0471539982 -0.0369313359 -0.100759789 0.620654941 -0.200261906 -0.399856478 0.0045403894 -0.088396892 -0.067731306 -0.0369505025 -0.0707483217 -0.210250527 -0.308363914 0.412327141 0.0438198335 -0.201592624 0.0198259875 0.101439446 -0.426751316 0.277409047 -0.23156549 -0.0790381283 0.233806595 -0.113223776 0.00397889968 -0.385706961 0.0244399216 -1.31383944 0.0187420156 0.10682182 -0.0232004412 -0.000487636571 0.0391861051 -0.0903267637 -0.04635901 0.0123856375 -0.00503106136 0.0358223468 0.0363054946 -0.0337151662 -0.0401206985 -0.0254099313 -0.0798810273 -0.0668311566 0.129104942 0.0477675162 -0.0970005468 0.0472249202 -0.102793738 0.0365066528 -0.146898583 -0.0672640353 -0.0310236439 -0.00979730673 0.0731027797 -0.0964003056 -0.0121142026 -0.0804002509 -0.0265745949 -0.12876837 -0.0220762081 0.0349536017 -0.00832812767 -0.043712765 0.0203162283 -0.0592478737 -0.111446247 0.0628122166 -0.0560147054 0.0192452744 -0.0773372948 -0.0359879807 0.0400296524 -0.125744388 0.00983621646 -0.0535109267 0.0217751842 -0.0450973511 0.0288749617 -0.130024686 0.077429682 -0.0566749461 -0.00529325334 -0.0496052504 -0.0421594605 -0.0424444079 0.0199279077 -0.071303837 -0.0644278079 -0.0238119531 -0.11771901 0.0121892411 -0.12684615 0.0206882898 -0.0211168341 0.0526381917 -0.0747354627 -0.0540266372 0.0260207001 -0.0809345692 -0.0944626033 -0.113931507 0.052760981 -0.0864875466 -0.0834582672 -0.0120437052 0.0105234664 0.0148869837 -0.142658502 0.0507667698 -0.0412455425 0.0644519031 0.00270013069 -0.0369415581 -0.111538731 -0.0696575865 -0.072341688 0.036763709 -0.043750044 -0.0142634334 0.0659472719 0.147200152 0.011871038 0.00365397613 0.000744396821 -0.0357392654 -0.115112275 0.0428574309 -0.0751757994 -0.145264789 0.0162440762 -0.0429249965 -0.0808713436 -0.0426498763 -0.0463483557 0.0150699019 -0.0653052777 -0.0708386675 0.0137620596 -0.027611196 -0.0316440538 -0.0599733368 -0.0282507893 0.0893889591 -0.0879309624 -0.0125089372 -0.091649197 -0.0117413783 -0.146613732 0.0616553016 0.000259719469 -0.0397095084 -0.0948435441 -0.11763487 0.0116628297 -0.0162559357 0.0499998629 -0.0335584767 -0.0146015408 -0.0708104074 -0.0526139252
tensor_linearrelustack9bias 1
0.216353118
tensor_linearrelustack0bias 128
0.282746732 -0.175843343 -0.518277287 -0.195025638 -0.419902116 0.286365151 -0.301357836 -0.352114409 -0.494452447 0.370957315 0.124830939 -0.402565897 0.339970618 -0.141268224 0.0403791964 -0.00714494614 0.112490557 -0.983035445 -0.311142713 -0.111957774 -0.0797728151 0.329384685 -0.0765491873 0.5111866 -0.471830398 -0.530482292 -0.0717615038 0.114810422 -0.651548684 -0.385338664 -0.167049676 -0.0341456793 -0.204147786 -0.211499363 -0.384000421 -0.504175782 -0.138620719 -0.586740971 0.0338541754 -0.418133736 -0.220546663 -0.185502201 -0.179706752 -0.130762339 -0.239095315 -0.339596212 -0.216487199 -0.181433886 0.0737405568 0.0221797749 -0.212350994 -0.0521513708 0.156507343 -0.331844747 -0.194608197 0.392318755 -0.721537888 -0.253804386 0.0150526781 0.385434866 0.0564375967 0.283146441 0.234108239 -0.277088046 -0.311727941 0.132612824 -0.247130692 0.248036563 -0.470375776 -0.205961257 0.337209731 -0.136770904 -0.492965907 -0.431670249 -0.440767407 -0.100291938 0.0720039979 -0.279441833 -0.0271606091 0.0926674902 0.0574264042 -0.139212117 0.018422341 0.395240843 0.339711308 -0.214916617 -0.186178461 -0.0198110286 -0.676883876 -0.0174579173 -0.256561041 0.0178642198 0.0344918296 0.201386109 -0.229443595 0.305895209 -0.163838431 -0.401889324 -0.467372447 -0.636539817 0.42460978 -0.308553845 0.400967389 0.252964288 -0.27438578 -0.0327818245 0.207724184 -0.396549761 -0.159007221 -0.156797871 -0.181201026 -0.135617554 -0.0578842796 -0.511336923 -0.137126595 0.182847366 -0.0842616931 -0.218640402 -0.245934799 0.0482897833 -0.806683242 -0.466109902 -0.54011786 0.0717161447 0.102111787 -0.57803148 -0.476239145 0.240609542
tensor_linearrelustack6bias 128
0.276071191 0.215919927 0.0314595811 -0.0173139609 -0.128754735 0.136143506 -0.545403123 0.0205058027 0.379084796 -0.360967934 -0.432780117 -0.282635123 -0.222198859 0.000252230588 -0.0902119055 -0.60587132 0.216361314 -0.0500639081 -0.217957035 -0.230323404 -0.010417901 -0.243945017 0.10247694 0.173033312 0.282939285 0.009246381 -0.140493691 -0.316421688 0.00105945545 -0.00401107501 0.349347293 0.0354016237 0.127441451 -0.0160608888 0.0755743012 -0.00371392234 0.0949760154 -0.797703862 -0.314157039 0.370629549 0.449077457 -0.0913221985 0.38356781 -0.000796575623 0.251758188 0.215922683 -0.166940734 -0.412483215 -0.185987741 -0.00286144554 0.340253979 -0.231477857 -0.275296569 -0.225137457 -0.524243414 -0.000398702512 -0.288372159 -0.213114113 0.08379177 0.240360871 -0.442445636 -0.00037928528 -0.060238719 -0.119626403 -0.000434941554 -0.484487057 0.149984837 -0.137660518 -0.359032065 -0.240457967 -0.182407171 -0.399355739 0.113700233 0.0855435282 0.301451802 0.283256888 -0.0812336504 0.370656699 -0.200236738 0.0603994727 -0.439400703 -0.277101696 -0.187196389 0.186885715 0.109918937 0.00563852256 0.233277857 0.000354651216 -0.148090363 0.0215967763 0.0503594764 0.153200999 0.000625485438 0.350251883 0.194758847 0.191564769 0.250209928 -0.327099055 0.38368839 -0.361273617 -0.166417196 -0.287207276 -0.383627921 0.0511423908 0.160635233 0.186856642 0.336121857 -0.00566885062 -0.00520254206 -0.27547434 0.296718627 -0.0757994875 0.0257704277 0.122888125 -0.0519817695 0.28276059 0.0469276644 0.352650285 -0.451474249 0.277460605 -0.181658447 -0.00210477971 -0.197630882 0.310920358 -0.449278116 0.121033691 0.415294498 0.207707301
tensor_linearrelustack0weight 1792
0.124769136 -0.011773943 0.0785336718 0.100507066 0.0314685628 0.0668687448 -0.0342834555 0.141724944 0.836568832 -0.00760065624 -0.255608767 -0.137329951 0.0764650479 -0.99748975 0.0565866195 0.0842528269 0.116946727 -0.26872164 -0.0869465992 -0.660964608 0.728789091 -0.190980315 0.169865161 -0.0630868673 -0.0615738705 0.171460763 0.111038163 0.13622281 0.0635465682 0.0670795292 -0.092026487 -0.035607338 0.0891778246 -0.0834700093 0.330634654 -0.0870574787 -0.294278234 0.0141844377 -0.401678026 0.336218834 0.0331562683 -0.39744696 -0.668025851 0.0281188171 -0.0932191908 -0.132121533 0.0418127999 0.155983716 -0.0241274592 -0.0921894014 -0.313736588 0.00402714079 0.456843138 0.0594740808 0.116463087 -0.27839613 0.0898934305 0.0775533468 -0.0397552252 -0.0151973478 0.0308128037 0.0432250015 0.175483197 0.285382837 0.229374096 0.0859950334 -0.276988238 -0.2996355 -0.0228033327 0.445828229 -0.219000518 -0.074155286 -0.00549470261 0.049791377 0.0822821558 0.234834984 -0.111830488 0.0335325338 0.107688323 -0.118912399 0.32459265 -0.4095985 -0.143767834 -0.23167409 0.109939545 0.364411294 -0.063817814 -0.0425729677 -0.0856323689 -0.362472683 0.0208772123 -0.433118284 0.316520602 0.307670742 0.0594376437 -0.0270181689 0.216637716 -0.0285956413 0.0587060302 -0.257834315 -0.0562787689 -0.294693649 -0.0905386433 0.169231743 -0.429909557 -0.075512141 -0.21944429 -0.00713110482 -0.335997343 0.179026663 0.130988583 0.266888678 -0.310579181 -0.077238068 0.187145188 0.174004033 0.240057498 0.252478033 0.669309139 0.217530772 -0.391290277 0.0911390707 -0.211199492 0.0399270281 0.059447784 0.0284150187 0.0701858103 0.0430156551 0.0763422698 -0.0195576753 0.262895435 0.287914097 0.208931759 0.120173208 -0.66505295 -0.060511332 0.193586782 0.193937734 0.0717318505 -0.280109853 0.0136367101 0.252338469 -0.241198331 -0.00953822955 -0.0847879425 -0.1192917 -0.260601044 -0.148896709 0.152978748 0.167510986 0.538976014 -0.0902722254 0.243876427 0.0676136836 -0.118459642 0.081039235 -0.0183249991 -0.0744303167 -0.0321666487 -0.0923272148 0.065807648 0.205711514 -0.230937883 0.0337756053 -0.00422987994 0.488423496 0.0711740404 -1.44095111 0.00019239758 0.122135483 -0.00510759745 -0.00855308305 -0.0216281489 -0.0758343637 -0.0948059335 0.065409705 0.805344939 0.0164463259 -0.0671518072 -0.0119931065 0.0128002604 -0.684662998 0.0974043235 0.0344158225 0.0351209827 -0.000130132525 0.176373914 -0.240358919 0.364346325 -0.0829904452 -0.329833955 0.0185283013 -0.107824549 0.336278558 -0.147882834 -0.971532226 0.0794883966 -0.00478602201 -0.228925198 -0.0659148619 -0.109851658 -0.14971672 0.16135405 -0.0799123943 0.444727361 -0.10303355 0.223354474 -0.464539617 -0.270612627 -0.00964772608 0.355171829 0.251540273 -0.153169557 0.149861157 -0.179049015 0.174076989 -0.408189684 -0.0690939501 -0.0638979897 0.00522184698 0.235482231 0.13600114 -0.406965762 -0.540973544 0.0702424124 -0.0410110019 -0.0814131498 0.0842848942 -0.0376103334 -0.199741364 0.201688692 -0.152206093 -0.141010538 0.0475716889 0.654263675 -0.572694957 -0.0699896961 -0.489461869 0.0684323832 0.0112183485 -0.35551405 -0.276656508 -0.0710583031 0.0770621821 -0.532875478 -0.0471203625 0.392249286 -0.145477101 -0.162066579 0.145731837 -0.287670881 0.470119089 -0.204977587 0.0226754546 0.0119614471 0.238629341 -0.0948546007 0.645015895 0.267060608 0.143881008 0.0140845757 0.0774247646 0.444360167 -0.0351810306 0.0701513514 -0.625213563 -0.392947435 -0.272525907 -0.0695201531 -0.0411973782 -0.104736947 0.710034728 -0.846326649 0.302429289 0.369066328 0.0646319091 0.0849410146 0.0183774289 -0.102105729 -0.160308585 -0.131418377 -0.0805649534 0.257114798 -0.0168373976 0.215604827 0.299975574 0.0316427723 0.159681693 -0.092577517 -0.160184056 -0.51829195 0.209362999 -0.0976814181 0.177410468 0.219748944 0.07476639 0.0833966732 0.0497506671 0.168491974 0.281348765 0.252842814 0.233621329 -0.495794713 -0.0715492293 -0.0410922654 -8.09541671e-05 -0.213485926 -0.525981605 0.103700176 -0.0106009524 0.147885099 0.0235236958 -0.0107953828 0.101950571 0.330567867 0.0733941346 -0.68046391 0.0356807522 -0.098044835 0.125576332 -0.0166613273 0.307391644 -0.0275965799 0.0396190025 -0.0448203497 -0.0459200889 -0.00703741424 0.2169296 -0.153190598 0.207680315 -0.314861089 0.00528578134 0.530679584 0.0227688141 0.091804333 -0.460396171 -0.102195263 0.112285353 0.0598771758 -0.13437061 0.048311729 -0.298593879 0.305543035 0.0275100209 0.183474019 -0.0313856043 -0.545958579 0.163977668 -0.456736326 0.0477565005 0.25553292 0.0727533922 0.318232626 -0.12212123 0.109371543 0.387361705 -0.119245306 -0.0125140306 0.0499054156 -0.00148818642 0.239607021 -0.123862706 0.0603219718 0.0335150622 -0.0215801504 0.00251489785 0.0179218948 0.0277648512 0.0649230033 0.0507035144 0.131086364 0.226752102 -0.493939251 -0.0280315187 0.221765593 -0.108990945 -0.336876452 0.503020823 -0.157898501 0.0184506401 0.0489766411 0.149722874 0.00477228733 0.473046213 0.20648551 0.223013684 0.191148773 -0.067394264 -0.222482041 0.198068619 -0.39077279 -0.190380737 0.0831393674 -0.013201219 -0.565781653 -0.129648492 0.292219907 -0.0108396532 -0.0335654244 0.0956199914 -0.138500169 0.0383409411 0.167072013 0.132981241 -0.147073105 0.224424541 0.16782029 0.0404627025 -0.0491658524 -0.0700618997 0.042796813 -0.0540953428 -0.0465781055 0.134784281 -0.649014115 0.0090348674 -0.36278969 0.242704839 -0.0606044717 0.240545213 0.333924741 0.0766791627 -0.307819575 -0.588554025 -0.296621114 0.200849175 0.0941954553 0.200189978 -0.258895397 -0.115191534 0.0502889715 0.238219276 -0.180051163 0.00661568856 0.0851347223 -0.0827354938 0.00216027838 0.00665723486 -0.0415494442 -0.0693271086 0.144392803 0.000960006495 -0.315142125 0.0137322415 0.0405689143 -0.27263552 -0.0435134619 0.577104807 -0.186037809 0.282154143 0.0884026662 0.0243179612 -0.127853394 0.128571004 -0.104800977 0.0184734613 0.0962667763 -0.105276495 0.36309734 0.241808102 -0.187633574 0.010663677 0.332055569 0.139913186 -0.140435949 -0.0562777668 -0.00271842116 -0.422264785 0.342961669 -0.219402447 -0.198721066 -0.0288040154 -0.0393373854 -0.187541679 0.0950026959 0.364363134 0.133858457 -0.193706527 0.183393732 0.282216251 0.0316736847 0.068990536 0.211634189 -0.0307324119 -0.176396713 0.0426761806 -0.447142094 -0.406064689 0.0517619774 0.323448002 0.0837011784 -0.0335359238 0.0775959045 0.100264698 -0.00206904463 -0.0297809131 -0.0745804533 0.094825916 0.106799476 0.10439197 -0.604909599 -0.528902173 0.0290040225 -0.0301944204 0.0465980619 0.0478908829 0.519293368 -0.132073984 -0.188697398 -0.106719919 0.336659729 0.0931999311 0.113044865 -0.0421044677 -0.380526811 -0.0248577427 -0.226063833 0.0343604721 -0.0967077613 -0.330678284 -0.119158849 -0.0428678691 -0.189108461 0.0605297796 -0.432412446 -0.138514861 0.0965691581 0.27945295 0.137712628 0.0240790695 0.545835555 0.305464745 -0.153363243 0.0347374044 -0.00414556451 -0.0296527669 -0.0954897031 0.143229067 0.323720992 -0.0105576254 -0.111427501 -0.0306161474 0.233258709 0.227357388 -0.285767674 0.215947956 -0.0533486605 -0.0209361818 -0.0114062708 0.0649828091 0.0123597868 -0.182714969 0.0693926737 -0.24854067 -0.0429358594 0.0171568897 -0.0257987808 -0.0108211506 -0.107435711 -1.42272735 0.122230016 0.0694830939 0.0654561147 0.0504239351 0.0508956574 -0.360467762 0.440631449 -0.194210902 -0.617405236 0.247656852 -0.254129231 -0.0357349068 0.305211991 -0.105551608 0.295882553 0.018953504 -0.0356744826 -0.0603999943 -0.0416741595 -0.0343796127 0.20835723 0.241183534 -0.50848943 0.0359532535 -0.319802463 -0.0608735234 -0.145389304 0.426348865 -0.436452955 -0.171047777 -0.178610072 -0.206959307 -0.431549996 -0.273504287 0.089101471 0.128929973 0.150466964 0.138216019 0.254297853 0.145186692 0.185860351 -0.084335871 0.0390142165 -0.0386713259 0.226600125 0.0392990373 -0.105547987 -0.392753184 -0.0962843001 -0.260193497 0.223828539 -0.0709449351 -0.323612601 -0.156017795 0.116364665 0.190334588 0.239601403 -0.0929911658 -0.157138973 0.075372614 0.0224443693 -0.3066836 -0.188862517 -0.130593851 -0.426725388 0.0100572007 0.247305989 0.0181299113 -0.00635310076 0.160047606 0.116311669 0.312702537 -0.122983061 -0.0530956574 0.0523059145 -0.481049448 0.454310209 -0.310562402 -0.070859164 -0.434568018 0.00202147919 -0.112163953 -0.0542051606 -0.0692656264 0.0246326458 0.0437979326 -0.155204982 0.0594420731 -0.0810065866 0.177952647 -0.257850975 -0.0285486132 -0.120204262 0.224143341 -0.0710346848 0.286918283 0.025936842 0.372895747 -0.161778569 0.013056376 0.0344839469 0.0206297338 -0.0499062538 -0.529298067 0.31586799 0.0552331209 -0.0889563262 -0.0321348459 -0.146466181 0.258010834 0.224524245 0.164106637 0.0380032212 0.00154452038 0.129722819 0.163556248 -0.0923258439 0.126839191 0.198512569 -0.114370123 -0.191007987 -0.0510194413 0.265889704 0.316073149 0.0369070843 0.0446466841 0.0521037541 -0.111230053 0.332427323 0.104360767 -0.0124143427 0.384758323 -0.414879143 0.159337133 -0.352571458 0.11000327 0.00970989559 -0.430746436 0.0712443143 -0.0437774099 0.198320881 0.0210810862 0.0675212592 -0.0184059218 -0.152395189 -0.121051669 -0.103887543 -0.00538110314 0.264592379 -0.0157214645 0.0415000319 -0.782527804 0.0946133733 -0.141149625 -0.270544916 0.263570219 0.202156559 0.081931904 -0.0368783846 0.203222543 -0.165616572 -0.288020581 0.584390402 0.248876169 0.23589702 -0.10907039 -0.0744359046 -0.581774414 0.117156133 0.0384083986 0.189666197 0.0214486681 -0.0148271462 0.436901629 -0.506430805 0.0364374369 -0.388592958 -0.0597583577 0.13825886 0.0839587003 -0.0212795753 -0.529248118 0.200543851 -0.00528159039 0.0505952872 -0.155302197 0.0351835974 -0.115806825 -0.0924102291 -0.209742367 -0.246282741 0.0708956718 0.612867415 -0.535007119 -0.0454021953 -0.868261456 0.207111806 0.0198309515 0.212849915 -0.371467113 0.0331521481 -0.36792019 0.10135179 -0.090467304 0.347885698 -0.0249494184 0.210281327 0.161375687 -0.0535226576 -1.15462267 0.219651788 -0.0139800515 0.107694194 0.0293594189 0.114261657 0.181214392 0.162298441 0.0919674635 -0.41197139 -0.0557074547 0.290187687 0.152094945 -0.0857523382 -0.385401607 -0.0325557105 0.102462195 0.11156074 0.147815958 -0.231007278 0.118522458 -0.100647159 0.199057296 -0.0960686207 0.105946667 0.0549196377 0.516119778 -0.0276116952 0.200365856 -0.104324758 -0.00125412864 0.390926033 0.0757049844 0.0439961813 0.156330973 0.133247092 0.251220226 -0.110900424 -0.0282367934 -0.497589141 0.172348008 -0.39236182 0.119052738 0.222920209 -0.195749164 0.169729516 -0.00791230053 0.136090115 -0.314787388 0.514192522 -0.293484062 0.219084352 0.0126757491 -0.115019023 0.159434706 -0.0283343308 -0.649613678 0.022745369 -0.0281196851 0.0273437854 -0.0156378709 0.0536152534 0.160635635 -0.283975214 0.360493749 -0.105165869 0.00832439773 0.252543956 -0.254875302 -0.103123143 -0.145295471 0.00758417742 0.00781487208 -0.230482653 -0.0508040115 0.475187659 -0.110950395 0.26273188 0.168470815 -0.129651561 -0.292630464 0.117881671 0.00496856449 -0.00143368728 -0.165734902 -0.197338 0.0534683205 -0.005191884 -0.0664247349 -0.108689331 0.255036205 -0.51281625 0.103093833 0.220704809 -0.294971019 0.251683563 -0.0261963084 0.00996240787 -0.244076833 0.0272128563 0.0267770216 -0.0696674287 0.113903515 0.011903421 -0.0216512624 0.0581489466 0.0581463836 0.380745083 0.0551977009 0.256307125 -0.411887288 -0.0309683233 -1.02394307 0.0844745785 0.137189448 0.042391073 0.032855805 0.0360915884 0.0743200406 -0.0253290907 0.482750416 0.0965935364 -0.0193187464 -0.0208541695 0.0546389632 -1.08388412 0.0897982046 0.165961236 0.0666561425 -0.106595322 -0.0663254857 0.187692627 -0.0426866151 -0.0111053213 0.0906071141 0.241429344 -0.0689886659 0.0139880469 -0.592869878 -0.269675046 0.291081756 0.138041973 0.0982232764 0.32135427 0.0778491348 -0.0502590872 0.0838453174 0.0367248803 0.242357418 -0.261243701 0.116850756 0.0977137238 0.214341104 -0.233338788 -0.119247831 -0.000184302335 -0.0896832645 -0.073634021 -0.000631956442 -0.0239763036 -0.358834147 0.0678954199 -0.0529589094 0.275696963 -0.0261780284 -0.407960773 -0.0366774127 -0.026496334 0.559859693 0.0677015781 0.0437059514 0.332277358 -0.0755960122 -0.0637876838 0.166072071 0.0518113412 -0.0283830799 -0.0599514768 0.115920372 0.326927334 0.0559472628 0.0080065364 -0.75778681 0.109846368 0.14730002 -0.105403997 -0.117430486 0.0516594946 -0.441778362 -0.402662575 -0.364215136 -0.263249844 -0.0828117654 0.332852095 0.175528958 -0.149326384 0.00503070606 0.0380161479 0.197548911 -0.138263032 -0.300815165 -0.364938229 -0.242414802 -0.0173907783 -0.0979164094 0.197410703 0.0542313345 0.129693419 -0.230150357 0.0171641763 -0.98701781 0.0118914964 0.0107530467 -0.0111737186 0.0316236801 0.0667990819 -0.117931291 0.316313833 0.124407634 0.152889505 -0.0413970612 0.22638534 -0.593467176 -0.153743491 -0.185962155 0.0796925649 -0.137078837 0.0799532682 0.0585117899 0.0143122431 0.112062223 0.233955845 -0.10932257 -0.629860938 0.00452149194 -0.104288414 -0.00446230453 0.104266539 0.651369512 -0.00838822406 0.011932441 0.222429082 -0.581392884 -0.271930307 -0.284165889 0.206551313 -0.0814230442 0.0667795986 -0.0736519024 0.154552996 0.302782714 0.0320392884 -0.212537721 0.145992935 -0.0449580327 -0.215538263 -0.136386693 0.233422264 -0.52327019 0.246565029 -0.259284198 -0.199006379 0.0447669327 0.426862478 0.138247475 -0.00883503724 -0.365443289 -0.115816094 0.0122567648 -0.547170401 -0.667422771 0.034496475 -0.0982615948 -0.129351646 -0.424305946 0.365674317 0.0342515372 0.283826858 0.18936713 -0.00108364562 -0.0421275012 0.24443078 0.156053692 -0.0507895425 -0.0260888208 0.167999029 -0.36328727 0.423891515 0.00336721237 -0.567634404 -0.097883977 0.06097617 -0.0247383285 0.0850793198 0.0770351291 0.0589502603 -0.122684605 0.0533702187 0.0958504155 0.155776501 0.347193718 -0.69851774 0.157582507 0.345492661 0.0539682917 -0.343872696 -0.200484097 -0.0821464062 -0.105918959 0.139903888 0.0592845306 -0.0589974411 0.040851362 -0.0325368382 -0.27599445 0.0783533901 -0.379300714 -0.316762418 -0.102707759 0.0258585028 -0.153111294 -0.0514933877 0.333669335 -0.0853233561 0.129734203 -0.18005383 -0.267301053 0.232806742 -0.151210666 -0.791425943 -0.224259645 -0.0984232351 -0.103412829 0.30220145 0.236726671 0.0132441269 -0.366969943 0.251668781 -0.118030921 0.147475988 -0.361345798 0.083415851 -0.0664674267 0.248835772 -0.0506673157 0.0392406173 0.261403322 0.219352454 -0.195520192 -0.0251127221 -0.499321491 0.0975347459 0.06149178 0.358691454 0.256664872 -0.00238525402 0.432865083 0.100336701 0.306292802 -0.0142126679 0.0455904901 -0.133656219 0.281941205 0.0575626791 -0.213502109 -0.243559301 -0.138154253 -0.243989199 -0.229000971 -0.310913712 -0.0356504098 -0.0829188973 -0.06542667 0.189887673 0.0883985236 0.077476792 -0.0228170939 0.128997222 0.250292808 0.141158581 -0.0469065011 0.0270411931 -0.0739892796 -0.0355439261 -0.12848784 0.0488632433 -0.0406264365 -0.378068656 0.0153458938 -0.0592016205 -0.251865268 0.12519896 0.272853434 0.226737007 -0.0597915202 0.0120151872 0.0677004457 0.0844037235 -0.139801994 0.424820513 -0.0401191637 0.174052492 -0.0692157149 -0.017374061 -0.709854722 0.144281372 -0.201237679 0.0703665018 -0.0611131899 -0.0315731168 -0.25687775 -0.00778634707 -0.270047903 0.0910539627 0.243450835 0.066869095 0.0913918614 0.435678303 -0.320412755 -0.029293064 -0.0916689262 -0.292466104 -0.0212362353 -0.0498055592 0.062542066 -0.047580272 -0.312670052 -0.46198231 -0.315439612 0.163935333 0.0979162157 0.346423894 0.0144524062 0.129901394 -0.456411123 -0.163177684 -0.151025236 -0.0394951105 -0.060432326 0.041470848 -0.044282224 -0.0586046576 0.0193404499 -0.130035788 -0.610755205 -0.0299135521 0.0342886709 0.10080713 -0.114350863 -0.164928108 0.242681712 -0.0698454306 -0.0890351981 0.339469612 -0.156802356 0.588818848 -0.0672191903 -0.222066864 -0.0930662006 0.555490017 0.216227621 -0.0792676359 -0.610758901 -0.221458465 -0.042340517 -0.17056036 -0.171081245 0.176369384 -0.124390148 0.127500087 0.257612944 -0.162321836 0.0461829491 -0.369506657 -0.34498921 0.0544913672 0.166838199 0.0261970013 0.182842255 0.0514535047 0.0568665043 -0.0068391962 -0.0905839354 0.199314654 0.099117741 -0.529496551 -0.145481214 -0.204664692 -0.0623215437 -0.039705731 -0.157801852 0.0013079003 0.131829143 0.0278134663 0.0752446875 0.0591761507 -0.215140179 0.276769549 -0.307145029 0.0581897981 -0.37565133 0.197623447 -0.121380806 -0.0635490566 0.257064641 -0.499458969 -0.103947356 0.0200565197 0.0224107504 -0.123823851 0.0364440642 -0.129715875 0.0791690052 0.136779055 -0.00860789791 0.373739541 0.11217048 -0.350826681 -0.228229076 -0.111790434 0.252434433 0.0876567513 0.228507891 -0.0917662233 -0.0173837766 0.046221558 -0.00757550308 0.0990227014 0.21462132 0.138566732 -0.0409835763 -0.044511836 0.294310898 0.212619409 0.0671541095 0.168844998 -0.177024484 0.134616017 0.355770916 -0.187816516 0.124710329 -0.130530342 0.046728801 -0.140566871 0.284233749 -0.345964074 0.0644093528 -0.0940647125 -0.00151398138 -0.256970823 -0.313834906 0.313252538 0.0355885997 0.0401148126 -0.176788554 -0.81231904 -0.0491569526 0.542037308 0.252692312 -0.00377231743 0.0272236206 0.313252151 0.0472366549 -0.0411997512 -0.0301067811 0.00113241398 0.419862926 0.220931873 0.238588542 -0.140079856 -0.0453100353 -0.257201821 0.0122328745 -0.233923435 -0.580092609 0.1219543 -0.0203630235 -0.00410808949 -0.0241787285 -0.00438150205 0.0959729105 -0.00162501039 0.0582423136 -0.617797554 0.00649052905 -0.103066586 -0.00788828172 -0.208743453 0.424617052 0.402029991 0.0712814406 0.175802708 -0.111397259 -0.0244324245 -0.473418802 0.43082723 -0.43078509 -0.0955589935 0.0696237758 0.173314467 -0.215357378 -0.217286512 -0.0942250639 0.00203983649 -0.00166480173 -0.262916803 -0.139166132 -0.00290901936 0.237366706 -0.546890259 0.07389272 -0.0690435171 0.0327239744 0.0587066039 0.399829775 -0.122264214 -0.607538462 0.303699762 0.330032706 -0.00337030203 0.160724968 0.210461274 -0.220122084 0.29476279 0.03946504 -0.194256216 0.0405434482 0.308887005 -0.0386612862 -0.0437074974 0.023387365 -0.297417849 -0.063354589 0.124800377 0.0553919524 -0.0256054327 0.205806449 -0.171324074 0.0386758298 0.157095164 -0.165944666 0.245860144 -0.128271788 0.145042419 -0.391060382 -0.266309142 -0.0127789956 -0.0155039104 0.0699889287 -0.239376143 0.208627015 0.275288552 0.215750694 -0.0854304433 0.157530755 -0.172283247 -0.144304156 -0.233403876 0.387363553 0.127048761 0.0332848057 0.0640164018 0.0469054431 0.10178002 0.109693468 0.233355999 0.189089686 -0.115003571 -0.0111531876 0.264909565 -0.460033804 -0.282906264 -0.263372034 0.165180489 0.0696399361 -0.0192969814 0.019270299 0.122656658 0.465831161 0.148025721 -0.0254356675 -0.243135601 -0.182799563 -0.0943487212 0.170778692 -0.262645423 -0.335544348 -0.134687021 -0.227066383 0.00399327185 -0.00277514476 0.258453697 -0.197482914 -0.080451183 0.187688485 -0.544547856 0.0176334493 -0.205022439 0.111778028 0.146331578 0.223077029 0.374833733 0.0993222296 -0.0728964508 0.0108074285 0.319976121 0.0869208425 0.265878022 0.218151823 0.188209385 0.32846874 -0.145593777 -0.0808872208 -0.0938599259 -0.533215404 0.10668207 0.0237782095 0.00180348335 0.110802576 0.152412847 -0.00691352785 0.214606702 0.118189648 0.394505411 -0.288485587 0.230765477 -0.0824230686 0.118736409 -0.23518604 -0.0692505687 0.0283048078 0.0941959023 -0.0835196227 -0.507760406 -0.0160773247 -0.0190206897 0.238663912 -0.045688536 -0.102967575 0.243377194 0.0157845523 0.120727248 -0.553821623 -0.293278396 -0.0853689164 -0.0446193665 0.0447837263 -0.0577296056 -0.0435082056 0.0239301566 0.0624706447 -0.106706478 -0.508667171 0.287802428 -0.154690683 0.404211581 -0.345446229 -0.201485336 0.0427810624 -0.129631639 -0.226223111 -0.10366942 0.163940221 -0.821286559 -0.288984716 0.560041726 0.254698366 0.170250282 0.160865039 -0.0161169171 -0.0638246909 0.0448949262 -0.0363978446 0.125219584 0.0551523454 -0.0108088003 0.449818701 -0.117172115 0.166690528 0.0838031545 -0.0169992 -0.864171207 0.0384091996 -0.0321144126 -0.0436734967 0.0127406353 0.0536551997 0.0564280115 -0.0816917345 0.0986839756 -0.0166224483 -0.0111726029 0.033204671 -0.428008437 -0.0531770065 -0.111082487 0.251277089 -0.278009892 0.577391148 0.166037038 -0.0648939833 -0.0190855321 -0.0810494795 0.00508200889 -0.140378833 0.234140158 0.0086479215 -0.429626942 -0.0448765419 0.0283196103 -0.207264349 0.101113901 0.437198579 -0.00946060754 -0.222884268 0.0232518781 -0.24219434 0.0255729202 -0.255164862 -0.0152867595 0.0304636005 0.653037906 0.101557508 0.194860101 0.302117914 0.083126232 -0.0759616569 -0.253964633 0.0159223769 0.115085706 -0.389036924 -0.0747098476 -0.213649035 -0.382513732 0.0825152919 0.124249168 0.0891106948 -0.416857272 0.418744206 0.0401534289 0.0458660573 0.31820035 -0.0945089459 0.245490804 0.151782185 0.119234554 0.431111664 -0.0117959483 0.17291072 -0.256756634 0.102038145 -0.342441916 0.00100373174 0.0467688628 -0.0631115362 -0.0778805986 0.0378162377 -0.0334939621 -0.0903792679 -0.211841881 -0.367423415 0.0594978072 0.0132719576 -0.142826706 -0.0320994668 0.298579335 0.430737406 0.200970471 0.135459021 0.224238634 0.0942246392 -0.42650646 0.186638728 -0.0550427772 0.431973159 -0.226156279 0.0155899078 0.263423115 -0.236605048 0.204786047 -0.031037027 -0.15524222 -0.303746641 0.19745551 -0.166282028 -0.0350967646 0.193557128 0.207001448 -0.00237187697 -0.0272436831 0.293145269 -0.531688035 -0.17827253 0.190317854 -0.482610047 -0.273639262 0.238678187 0.00446462026 0.0481886677 -0.238667175 -0.0290237423 -0.00446886336 -0.369433612 0.160423622 -0.19788456 0.0922337696 0.0139810396 0.632662535 -0.362675816 -0.0263372324 -0.366408855 0.327412009 -0.0681436583 -0.396515906 0.0671150237 -0.00484197494 0.330780208 -0.461984426 -0.319050133 -0.377718538 0.00764404563 0.0221538022 0.158485234 0.0210741963 -0.0781223401 -0.00880311616 -0.00877625588 0.00615386944 -0.0199271981 -0.110236377 0.0164539963 -0.447621733 -0.30778411 0.295322925 -0.0172504224 -0.378446132 0.147235185 -0.0436346233 0.339032233 0.148393333 0.0844243988 0.468668103 0.055042997 0.0269440822 0.558736622 -0.0404188521 0.0639801472 -0.353525281 0.312979072 -0.328645587 0.0355407968 -0.0485206246 0.0880469531 0.0611846372 0.0374763981 0.153058901 -0.202854544 -0.253193557 -0.319587976 -0.173325703 -0.0274915751 0.357484341 0.172958538 -0.323409796 0.07208018 -1.54626905e-05 0.0409241244 -0.164015204 0.178666368 -0.0768082291 -0.078078866 -0.112335376 -0.541092098 0.290941566 -0.176603764 0.687879622 -0.0288202949 0.0903842375 -0.0338043608 -0.137996361 -0.120256722 0.192079172 -0.048650872 -0.192716047 0.0165000018 0.063463971 -0.0274807569 0.0308742207 0.058558628 0.0975039452 0.0819759965 -0.663071692 0.101993278 -0.0370527878 -0.247082829 -0.0076196976 0.012304551 0.0208550952 0.104683325 0.0454526804 -0.122592114 0.571443975 -0.148527086 -0.505181551 -0.0125709679 -0.278519601 -0.195434451 -0.320874453 0.00917756185 -0.169487923 0.0543576367 -0.0175026823 -0.0493477471 0.00882578362 0.468645662 -0.177470908 0.0557828993 -0.0913057625 -0.0138147417 0.523746848 0.0578698181 -0.000727184757 -1.20535922
