tensor_linearrelustack6weight 32
-0.0965555683 0.32025376 -0.187614202 0.28678444 0.289061099 0.346985906 0.319130987 0.281683236 -0.0803994983 -0.140485689 0.517416239 0.340585947 0.266567081 0.342528403 0.377153546 -0.24896808 -0.0629965961 -0.065818131 -0.135026261 -0.266121715 -0.265145123 -0.0725395679 0.297789484 -0.0707534626 -0.11873433 0.271747291 -0.206540316 0.335895479 0.231005505 0.266857207 0.398823231 -0.637024462
tensor_linearrelustack3bias 32
-0.083440043 0.0774118975 0.6716699 -0.0195215326 0.8113361 0.926707208 -0.197227165 0.670271575 0.253525913 -0.727381945 0.300495803 -2.66409469 -0.868008614 1.57757258 0.77106595 0.825051665 -0.0847176313 -0.0392591581 0.398392141 -0.0861764997 0.842513978 -0.334615618 -0.638076961 0.0267596487 0.0682339072 0.341870964 0.477925003 0.229776278 0.310602337 1.39693451 0.566223204 0.59597379
tensor_linearrelustack3weight 2048
-0.261309296 0.0474115834 0.699544191 0.360667259 -0.0595215634 -0.0804216564 -0.228281185 -0.594999313 0.229456261 -0.694713771 -0.00813457277 0.418404728 -0.558677614 0.0412955545 0.229082346 0.280259788 -0.734044015 0.0316852517 0.786779821 0.316572636 0.765897989 0.252038062 -0.345106512 -0.0986102819 -0.49533987 1.14520454 0.0821678266 0.236689746 -1.2272625 0.074204877 0.289053112 0.583623767 -0.253349125 -0.303040445 0.0882013813 0.236516282 0.884483814 -0.432671487 0.313596487 -0.646024466 -0.0876820162 -0.17258577 -0.0738414079 -0.00324578816 -0.0674510896 -0.00565500604 0.432525128 -0.0121211223 0.298682749 0.290051132 0.363301158 1.10201716 0.325076431 -0.356638879 -0.192374751 0.093543686 1.16045439 0.64811033 0.559699476 0.074036032 -0.0534681268 -0.188658133 -0.0517711267 -0.727891684 -1.47744417 -1.40087485 0.476527393 -0.328596294 0.273263335 0.675045311 -0.367183954 0.00717463018 0.47182712 -0.343103677 0.366539687 0.214598909 0.218795434 -0.025125904 0.528617859 -0.0310882442 -0.487124056 -0.106837384 -0.879127324 -0.775780141 -0.0194083508 -0.691080511 -0.280920208 0.395485848 -0.365297288 0.479669839 0.800856829 0.57458961 -0.466782868 -0.401013494 -0.596519768 -0.348591298 0.112758555 -0.565174639 -1.01986682 -0.960937142 0.665583909 -0.0165096428 -1.13177156 0.524506569 -0.646882594 0.172737345 0.534020305 -2.71260881 0.651010692 0.167010248 -1.09843266 0.245185897 -3.83912182 -0.174300417 -0.0478280485 0.492719173 -0.816162467 -0.548054636 0.468855411 0.00474679982 -0.340538055 0.156206518 -0.0014201965 -0.20811218 0.514434278 -0.786962628 -0.33345592 0.138812914 -0.809115171 0.884462595 -0.312546372 0.133407488 -0.559510767 -0.31551826 0.112299368 0.124513194 -0.0828262344 -1.00740242 0.359941214 -0.0339682437 -0.400312632 -0.0723633468 -0.494972646 -0.230376989 0.976416469 -1.54845643 0.556955874 -0.612175167 -0.859644771 0.773827791 -0.132330462 -0.559954882 -0.0334929898 0.220125094 -0.260494471 -0.00566571811 0.0256314911 -0.261570424 -0.0546105728 -0.206521317 -0.411503524 -1.0426296 0.252425969 -0.410522163 1.47254193 -0.02868101 -0.111441761 -0.0312344581 -0.0260485355 -0.155857995 0.474747449 0.776621401 0.406485617 -0.0547270998 0.111195475 0.0576736964 1.7937578 -0.221598521 -0.65398097 -0.384594798 -0.514461935 -0.513820827 -0.930136263 0.281271487 0.861472249 -0.515749753 -1.11877978 -0.0667734221 0.129248112 -0.545856178 0.0828900859 -0.0877057388 -0.117255323 -1.89295638 0.378157794 -1.07533085 -0.760588884 0.119156212 -0.130986288 0.620741725 0.562002778 -0.226377264 -0.756687701 0.329834759 0.228268698 0.277049392 -0.617002487 0.54616344 0.393351734 0.0549873188 -1.64832449 0.166018844 0.0343890451 -0.217657879 -0.0913925543 -0.917276025 0.669833601 -0.520338595 -0.52379632 0.0442359895 -0.638307571 0.0401880033 0.0175593551 -3.61845207 0.868868709 0.157887787 -0.239160553 0.4925448 0.855046868 -1.42905319 -0.087104477 0.273472756 -0.0468852185 0.259726882 0.0876823366 -4.96680069 0.0906854942 0.175799429 0.520569742 -1.13587689 0.497711837 0.191286162 1.27473164 -0.000270835735 -0.0422080569 -0.00213589752 -0.362778842 -0.366126359 0.409218103 -0.170312822 -1.5827353 0.538564861 0.238882124 0.132970482 -0.454535782 -0.179255262 -0.26295191 -0.0141058303 -2.4305346 0.538707614 -0.156768382 0.0932137594 -3.47662759 0.226967037 0.762382746 -0.0641886443 -0.0721001476 -0.423238099 -1.91448307 0.15621312 0.0130506083 -0.414383352 -0.792550385 0.111252621 0.134854406 0.0621615797 0.00144386967 -0.535463393 -0.257088393 1.57200193 -0.273851812 -0.269817501 0.487940997 0.33742699 -0.182435513 -0.325666577 -0.0956025347 0.112086996 -0.656577587 -2.17429733 0.207311139 -0.904480934 -0.686530709 -0.210363865 -0.229158536 0.0828939602 0.168033302 -0.0283096228 -0.0736116692 0.0342706405 -0.626436234 -0.069682382 0.0227126088 -0.491536021 0.592524827 -0.7497859 -0.190722555 0.576629579 -1.04281127 -0.172176152 0.135170192 -0.151842967 0.224079907 0.0427811332 -0.132889539 -0.0705461279 -1.19342351 0.622583449 -3.07731104 0.197460592 0.105578981 -0.357982635 -2.94435883 -0.479485065 -0.34780705 -0.164295897 -0.0619975589 -0.236590743 0.00266714767 -0.251540571 -0.21065791 -0.22295846 -0.000882921449 0.767035544 -1.78251076 -0.164855257 -0.0320365205 0.227533937 -1.78475535 0.0330746062 0.0232418012 0.280819863 -0.298895955 -0.745783865 0.315989792 -1.44587755 -0.128281578 -0.147076458 -0.172623575 0.127590001 -0.0160671156 0.0319737494 -0.325436592 0.565542281 0.336876273 0.680355728 -3.11772227 -0.689316452 -0.0890142396 1.18211496 -0.626715243 0.945388496 -1.61071634 0.192032412 -0.999804795 -0.127672449 0.143835798 -0.335969746 -0.126698971 -1.18852699 1.10471308 -0.115793616 -0.224053919 0.240733981 0.876506865 -0.304720014 1.92867875 -0.199513555 -0.323214084 -1.82768095 0.0926471576 -0.178755984 0.223324552 -0.0346872807 0.0207284726 -0.502075732 -2.45877743 -0.0669666305 0.071530804 -0.357037663 -4.78615189 -0.385578454 0.0572740398 0.342193335 0.55693388 0.273474157 -5.00198841 0.148515746 0.018351702 -0.0327950567 -0.928795278 -1.06189382 0.114653647 -0.604372263 0.590809584 -0.129266709 -0.00417671632 0.117076032 -0.352713495 0.126101524 -0.871072292 -0.345112622 -0.11077325 -2.53104162 -0.768734336 2.17510796 0.187563881 -0.0312769748 -0.085730046 -0.010592863 -0.961832225 0.174206197 -0.141477659 0.463470846 0.419037908 -0.496668011 0.00271737296 -0.671250165 0.425718665 -0.72124368 0.011849476 0.719685972 -0.245646879 -0.128302857 0.950596988 0.162008911 0.909879148 -0.725455761 0.054491438 -0.162376389 -0.407584369 0.804133177 0.224872261 -0.171465427 0.570917428 0.157231435 -2.2896893 0.393479288 0.0279556699 -0.87841475 0.498586893 -1.6489315 -0.301805079 -0.0353470333 -0.814432502 -0.251395017 0.470537364 0.0762124658 -0.477256149 -0.899152637 0.703613758 0.614056468 0.19788833 -0.246136144 -0.32400021 -0.226774514 -1.51303053 -0.461941183 -0.124878839 0.0112897176 0.00277412706 -1.22088492 0.00904790871 -1.3554672 -0.98906368 0.887873411 0.225726396 -0.0848974884 -0.121599399 -1.62305307 1.01883423 -0.207215101 -0.772441924 -0.428005755 -0.337729037 -0.0945233107 0.0852675587 0.200939655 0.802962899 -0.0595746785 0.186295643 -2.05489612 -0.383072585 -0.321697474 -0.112032324 -0.0962480456 -0.0319701545 -0.913939893 -0.0381434783 -0.149186656 -1.3223964 0.271033704 -0.529531658 -0.119549766 -0.150046632 0.0692234859 -0.0108772889 -0.0101271654 -0.13917233 -0.302935928 -0.750380337 -0.177983999 -0.411787242 -0.0259527229 1.03470659 -0.175047681 -0.218712673 -0.404965878 -0.324467033 0.213759214 0.452477545 -0.064201951 0.113474809 0.458425254 0.261344016 0.0722609982 -0.208524957 0.256740332 -0.142768115 0.524881005 0.723941147 0.28637737 -0.689612329 0.0769329667 0.0806604922 0.0549254008 0.00647547049 0.290115654 0.113635696 -0.381593645 -0.528623939 0.0790438354 0.360646218 0.72106427 0.0649400353 0.356189936 -0.275572658 0.00460329186 0.49551639 -0.0432145931 0.187819436 -0.683854938 0.0924296826 -0.0951693505 0.106939077 -0.456766009 0.187875882 -0.414343297 0.198932067 0.446910203 0.679786444 0.045657631 0.998839319 0.635476947 0.515831232 -0.422294229 -0.879112184 -0.329775721 1.52748549 -0.576390266 0.167303532 0.305092275 0.38451159 -0.0685491264 0.338413537 0.428488523 0.0344532356 0.066221036 0.700071156 -1.04643047 0.266548693 -0.178313777 0.531661212 0.386639893 0.473305941 0.114053823 0.311819077 -0.306192368 0.0897108838 0.00789693557 0.389648646 0.403667718 -0.00664549554 0.424361348 0.484827697 0.354296148 0.225662932 -0.67263788 0.122423545 0.0531438962 -0.373783886 0.618647099 0.045496624 0.0316331461 -1.09744477 -0.0413375646 -4.88692531e-05 0.326024771 -0.125601828 -0.824347138 0.546449423 0.251669109 0.503629208 0.334063649 1.14328444 -0.176367819 0.157156765 -0.162949577 -0.104295664 0.28886646 -0.0145140449 -0.0130301965 -0.376031667 0.0315596275 -0.232354194 0.0475101508 1.96939528 0.528951883 0.454563171 -0.243634745 -0.255486876 -1.20022881 -1.61982584 0.104978643 0.138416857 0.482791424 0.0851715729 -0.0440643914 -0.174372375 0.333967626 -1.02596915 0.793696225 0.0169571098 0.348548651 -0.171118677 0.273113817 0.628705263 0.0332666859 0.210761741 0.130024388 0.141357586 -0.386132121 -2.82572293 -0.763554454 0.801959693 0.212741211 -2.34994817 -0.346816868 -1.17834842 -0.524118662 0.0354340896 -2.55243683 -1.56212604 0.0280016959 0.078418307 -0.126748174 -0.0257483944 -0.0218809284 -0.241215244 -0.0325378254 0.327365369 0.457052946 0.246950135 -5.58827877 0.196371287 -0.65347451 0.255193383 -0.0980555043 -2.85790157 -0.15194343 0.331926852 -0.12082167 0.0769705251 -0.293278337 0.563290179 -0.15872398 -0.914479613 0.0907092467 -0.70029211 -0.378415316 -1.04960108 -0.315623194 0.637400508 0.235388085 0.65735656 -0.460180044 -0.601868153 0.714092553 0.127010643 -0.199117079 -1.69819081 -0.658792138 -4.19981766 0.280031353 0.000370124821 0.428888589 -1.7245214 0.3810606 -0.0182245355 0.159352019 -0.271342963 0.10308221 0.142339364 -0.282807618 -0.445643991 0.286353737 -0.226236209 0.315957665 0.0587232597 -0.475684106 0.25257647 -0.263204128 0.39101702 0.0572644956 0.045843035 0.241335392 0.12458168 -0.863515139 -1.26922083 0.107159369 -0.437819093 0.250176698 -0.517787457 0.145522639 0.279986471 0.24869369 -0.801007986 0.129296005 0.174103186 0.00827575009 0.488740772 0.496933609 0.232799307 -2.27965546 0.799294412 -0.207822472 -0.474446028 0.116642766 -0.170800909 -0.155971602 0.330394357 0.576188862 0.487967163 -0.323305994 1.97244573 0.744562328 0.5079512 -0.281068355 0.174556196 0.0539134592 0.862919927 0.188942209 0.0991094336 -0.534347653 0.151602894 -0.145974532 0.32457757 0.28437385 0.470195919 -0.56297785 0.501908898 0.243678957 -0.247837365 -0.0365039036 -2.69782543 0.148671731 -1.58901536 0.761316478 0.0295930672 -2.09242654 -0.0436615348 0.677115798 -0.0916937217 -0.478547722 -0.13155967 -0.890880942 0.558579922 -0.407642722 0.612541199 0.0954487622 -0.0598691329 -0.0229638014 -1.02061474 0.238296106 0.282144248 0.247509375 0.459913194 0.378157258 0.00975855626 0.698696792 -0.745413482 -1.34275627 0.164765775 0.603960514 -3.02494407 0.00946287531 0.138963044 0.771250963 0.0327904858 -0.12497393 -0.0931778327 1.50568926 -0.268788427 -0.67625618 -1.11734927 0.294981539 -3.25482154 0.066857025 -1.05768991 0.230942488 -2.26979041 0.658244014 1.83848011 0.0159406401 -0.123623848 -0.434633762 -0.297778726 0.616212249 -1.99621844 0.294767439 -0.77128917 -0.173441783 -0.113561563 -0.46138972 -0.648984373 0.0281448904 0.154828355 0.322056919 -1.39973414 -0.184895083 0.242696777 0.293159068 -0.341731012 -0.0510754175 0.209500745 -0.373289645 -0.319958925 0.442087978 -0.631062865 -0.507750988 0.0779497176 -0.234027982 -0.4957757 -0.409941763 -0.507631898 -1.34499943 -0.00589593081 0.142856494 -0.204275489 0.0668397397 0.35613355 0.0883303434 -0.242244795 -0.151788503 -0.070919618 -0.161973387 -0.207933009 0.18503885 0.809490442 -1.81564367 0.0105697308 -1.60148919 0.208441928 -0.0401990935 -0.424372524 -2.61480379 -0.244622424 -0.132655844 0.0275945757 -1.28862822 0.00742591498 -1.33448207 0.171507224 0.317476034 0.745178103 0.0230379459 0.354807645 -0.275315791 -1.51012611 -0.340212137 0.0736623481 -0.0943084881 -0.974519849 0.213153794 -0.524514318 -0.228737921 -0.900873959 0.438354403 -0.0678020492 0.366640478 -0.105889909 -0.723025203 -1.18948209 -0.17415233 0.136280879 0.0119752362 -0.174977988 -2.43859744 -0.575948596 -0.426030517 -0.764895201 -0.119377017 -0.750105321 -0.818636477 -0.139735341 -2.74854302 -0.112769663 -1.31479955 -0.842013419 1.66792464 0.750667393 -0.17548573 0.0117539167 -0.20152162 -0.184365109 0.0269116759 -0.386435956 -0.756506085 0.323718429 -1.3078717 -0.489657402 -0.429510266 0.412056357 -0.350903481 -0.552612007 -0.573531926 -0.0740161538 0.398870826 0.332764804 -0.0191120878 -0.298101008 0.598255396 -1.10042286 0.118436381 -1.03726411 -0.17250438 -1.12989795 -0.134744957 -0.977205455 0.58200562 0.521486461 -1.11146688 0.973637521 0.249667928 0.0541929379 -0.00357950642 -0.397262067 -0.000743977493 -0.209300011 -1.15127563 0.113386005 -0.495269507 -0.363728732 -0.208442613 -0.610477388 0.194059625 -1.57574177 -0.0232120715 0.226174757 -0.0023372604 0.122543171 0.368898779 -0.148936227 -1.2617985 0.0838054493 -0.671817601 -0.189240351 -0.0941546336 -0.605779469 -0.749265015 0.0679171532 0.174359009 0.599001229 -1.70812869 0.0797795653 -0.795437753 -0.531506598 -0.0470253676 -0.258405507 0.105666935 -0.110730097 1.02930105 -0.4181104 -0.731815696 0.0760448128 -0.159797564 0.352540404 0.167348444 -0.360275894 -0.0908097997 -0.151502445 -0.224190727 -0.0607437603 -0.58506459 0.015847899 -0.109323367 1.61243165 0.0913209543 0.470758557 0.0666656122 0.0441972688 0.294627577 0.229149014 -0.122436292 0.00739398832 -0.119624101 0.388923854 -0.547433376 0.0835749879 0.0182631202 1.67389417 -0.330085576 -0.00295606605 0.145096749 0.0467078984 0.147753209 1.06021237 0.149597988 0.250468791 -0.162244588 0.210213333 -0.00931548979 0.436665475 -0.440182358 0.451752424 0.629591942 0.0134798326 -0.0325232707 0.724568844 0.0102097848 -0.0395154394 0.420682132 0.69467622 0.171473533 0.712652743 0.184902966 -0.055204574 -0.194868505 0.0368570313 0.808504343 -0.015258735 0.277418971 -0.967467785 -0.0971980244 0.028318774 0.170212343 -0.0794443563 -0.581509292 0.189360082 -0.0671816468 0.98355794 -0.393916994 0.55094105 -0.279200196 -0.141077459 -0.427297622 -0.342776 0.0582261048 0.40066576 0.0455026887 0.205115616 -0.0185392126 0.302891105 0.367966771 0.0624661036 0.548834264 0.554589748 -0.420920998 -0.723329842 -0.204909503 1.44786167 0.292764843 0.15533708 0.0934654027 0.440006346 -0.306921661 0.219675526 0.386908323 0.177347645 0.218595892 1.55961561 0.498050481 -0.155258268 0.0416110568 0.38820675 0.20521225 0.439970523 0.0105768573 0.0173404496 0.563152373 0.248137683 0.00857716892 0.152954072 0.360902011 -0.208086997 0.306034237 0.556775928 -0.011428019 0.596499741 0.0695256293 -0.0563987494 -0.207939833 0.124889404 0.479445189 -0.0871704221 -0.0995626599 -0.855041623 -0.0477344543 0.33612296 0.307441086 -0.310198456 0.443143845 -0.0977865458 0.187589929 1.03796613 0.0454869866 0.19391194 -1.01054323 -0.232036859 -0.0951604918 -0.170107901 0.062618956 0.0903946161 -0.137933344 0.384886831 0.0994347855 0.506765783 0.270826727 1.22257519 0.550027072 0.5657956 -0.337478578 -0.290144026 0.0661334321 1.46419573 0.0206473991 -0.0477694683 0.195208833 0.282390803 -0.1291022 0.0458253175 0.586530268 -0.719166517 0.307976604 0.115833253 0.267058551 -0.863832831 -0.194287449 -1.47460365 0.169185385 0.291773438 -0.29007566 0.0739853606 -9.3759525e-05 0.265328228 -0.322601646 -0.0574846156 0.00271052099 0.193548799 0.858111441 1.96099854 0.194568574 -1.74318993 0.106269725 0.0413154922 -0.262932897 0.429735959 0.231243864 -0.0279671997 -0.0745577514 -0.163948685 -0.102230541 -0.221219912 -0.478803396 0.217049837 0.583518028 -0.00547463261 0.145448402 1.35248637 -0.00762109784 -0.164233953 -0.488304079 -0.0242754482 -0.169808432 0.702507854 -0.0013045388 0.0397774056 0.00430794153 0.843458772 0.213269666 0.189090267 -0.251854241 0.730777204 0.170228943 0.109438233 -0.402235687 -0.167191342 0.0445527136 1.50077534 -0.765702844 -0.20548147 -0.0975128412 -0.128324717 -0.701619387 0.0929641947 1.0351069 -0.646056175 0.193974137 -0.0968932658 -0.438622206 -0.0850423723 -0.339700162 2.60428929 0.599072933 0.473330647 -0.228998944 0.258606464 -0.00176569144 0.748018205 0.296079963 -0.127110988 -0.576553106 0.22669439 -1.14243162 0.291834593 0.265493155 0.957368731 0.368530393 0.0855031163 0.238319948 0.184002087 0.702788293 -0.233906567 -0.905631959 -0.111900441 -0.511492252 0.0945498124 0.433192164 -0.434830487 0.840928435 -0.375329882 -0.876887918 -2.10357475 -0.402244329 0.211316004 0.109474964 -0.0612889938 0.292039573 -0.331729561 0.382424831 0.185376152 -0.451933354 -1.67487848 0.0166064519 0.330735803 -0.712289393 0.971618354 -0.0017036245 0.0704827383 -0.543290794 -1.52690613 0.409151465 0.810210824 -0.0299822669 0.195282996 -0.0989779085 -0.299114674 -0.215393052 0.352406144 0.256558836 0.135314554 0.145092532 -0.736738205 1.42325556 -0.23540765 0.103235386 1.11996758 -0.00915954821 -0.116137572 -0.0180549193 -0.142581522 0.0856791139 -0.371768147 -0.158680946 0.58990109 -0.28197825 -0.0835751966 -0.186534762 -0.732340276 -0.226330787 -0.768604934 -0.0783194229 -0.0955140367 -0.193870351 0.257285327 -0.63778913 -2.27348495 -0.864190042 -0.133205459 -0.0185793582 0.450326473 0.812282324 -0.306318015 0.97735405 0.652191401 -0.263258547 -0.191712394 -0.188310608 -0.132949889 -0.177028179 -4.91148663 -0.99329114 -0.168263167 -0.20369862 0.408634126 -0.202591091 0.862211108 0.014768647 -0.769980252 0.274209172 0.287238806 0.149335802 0.424703538 -0.308455676 0.00121576351 0.0215643905 -0.536915421 0.391876549 0.225701645 0.0535653494 -0.892016351 -0.151015729 -0.204499707 -0.637784183 0.288862735 0.390901595 0.958670139 0.295604616 0.0201394074 -0.114439115 -0.136032328 0.393609732 0.759331882 -0.0341845118 0.102578208 0.340911925 0.274030209 -0.122453734 0.0801235065 0.363406569 0.109781407 0.60812366 0.581100821 0.657775342 -0.576761186 0.274693817 0.335746467 -0.00967792328 0.386645436 0.223734453 -0.000867653464 -0.225715175 -0.346587449 -0.108407296 -0.0157108065 0.101548649 0.0839562118 0.0757077634 -0.359627426 -0.430241823 0.914659441 0.075068295 0.0606536642 -0.281975836 0.00387452915 0.0688068867 0.277947873 -0.263574362 0.537909806 -0.141555279 0.291352332 0.267712295 0.627289355 0.335194826 0.440358937 -0.0433746949 0.575439453 -0.266378313 -0.777046919 -0.127016231 1.23928976 0.0131422011 -0.211152181 0.304331541 0.0160596576 -0.0651299283 0.38842985 0.666704297 0.181438506 -1.14534891 2.18073201 0.009516594 -0.442890584 -0.647974372 0.134402707 0.117801011 -0.238565445 -0.00800885726 -0.306509316 0.234823108 -2.07410049 -0.381067902 0.404834479 0.569771707 -0.343579203 -0.952142 0.355643809 -0.728665113 0.829199195 -0.0777728185 0.08007247 0.861857235 0.0915091038 0.186230659 0.032782089 -0.165531218 -0.68429935 -0.200385407 0.416227698 -0.419748515 -0.154490337 0.0510197692 -0.29452157 -0.031731613 -0.805093229 0.197046548 0.173488542 1.75651097 -0.194051698 0.193044573 0.180732191 0.406147391 0.695183516 0.581698716 -0.16648303 -0.00493292511 -0.705498576 0.340844452 -0.14650093 -0.343409747 -1.1898427 0.402667433 -1.14515746 -0.0222623907 -0.331936121 0.0156413894 0.120911688 0.693775892 0.897367775 -0.716757059 -0.459379911 -0.833236337 0.245277151 0.00284221675 1.33482599 0.223559424 -0.409724891 -0.108936027 -0.154826283 0.143485546 0.430734813 0.0636490285 0.380431294 0.489384651 0.173882335 -0.065191932 0.245674461 -0.143506095 0.0360519551 -0.34891355 1.066378 -0.148212805 1.10656738 -0.379556715 -0.0617771819 -0.484812528 0.298727155 0.53567946 -0.0412043519 -0.11831522 -0.342181444 -0.01000454 0.085214287 -0.0535077192 -0.0262842085 0.564646184 0.0456628613 0.0154005978 0.855223894 0.36231038 0.0158155765 -0.708102286 -0.370796025 -0.245285407 -0.123973899 0.183097184 0.515339851 0.0278130174 0.618022382 0.1057446 0.128097281 0.299688458 1.85330653 -0.0456634201 0.815251529 0.174706057 -0.105574429 0.0959132835 1.22794521 0.375496745 -0.260149777 0.0570316687 0.406048268 -0.335305184 0.108838171 0.672724187 -0.36427629 0.573586881 0.111784257 -0.478061259 0.126667276 -0.116499215 -0.526542544 0.196992621 0.085468702 -0.0811717212 -0.0283088982 0.670349479 -0.152720615 0.0853356868 -0.0320986956 0.320771009 0.0370818414 -0.699273348 -0.155448973 0.187272966 -0.0694990233 0.111994416 -0.428179204 -0.0193199702 -0.151059628 0.239180133 -0.0783107653 0.218718693 -1.41344786 -0.321890503 0.187395081 0.472066581 -0.285864741 0.620832026 -0.174779475 0.402443022 0.939667284 0.0739159435 0.0909588858 -0.847626686 -0.0375081562 -0.118116304 0.456516236 0.11948707 0.0374109596 -0.118483648 1.13659811 0.00986820832 -0.133223072 0.286113024 1.44617164 1.35622692 -0.365071714 -0.220053628 -0.506785512 -0.0640822053 0.420400113 0.655069828 -0.112606481 0.104950316 -0.494494736 -0.379912198 0.530514777 -0.626694441 -0.225547373 -1.26491618 -0.196747616 0.0110387066 -0.0367267691 -0.58175385 -0.953374684 0.362777472 0.668822527 0.0624453053 0.450509161 -0.867084086 -0.288546026 0.379671693 -0.871073544 0.438008994 0.530171394 -1.48800647 1.26967525 -0.224550337 0.142744079 -0.0876409784 -1.02091551 0.49901858 0.923420608 0.639062822 -0.0381845273 0.146233588 0.724102736 0.343704253 -0.214816391 -0.211580038 -0.341203511 -0.0647820309 0.0385572463 -0.790774345 1.06168461 -0.922064781 -1.38065004 -0.0481822751 0.57713747 -0.434665889 0.29963553 -3.03866148 0.251870781 -0.0363408625 0.0163731258 -1.17562115 0.0242349375 0.124078475 0.137335971 -0.538533628 -1.35307491 -0.529969692 1.02102542 -0.857410908 -0.29072845 -0.262417138 0.0865291059 0.247538477 -0.503281295 -0.295722842 -0.553954363 -0.0584218726 0.187502146 -0.0517836139 0.177486807 0.843468487 -0.0175649803 -0.995246887 -2.30434752 -0.513291776 1.21189797 -0.441659123 -0.385340244 -0.556065381 -0.301410884 -0.554449975 -0.0651095212 -0.284669578 -0.715045094 -1.06511843 0.214218915 0.269422412 0.213155165 -0.473179668 -0.0380987599 -0.894406497 -0.156429186 -0.134403393 -0.142003715 0.018698141 0.0350766294 -0.0613227785 0.0306787528 0.396851242 -0.297557205 -0.291282952 0.308375597 0.113551363 1.38949811 0.0868412852 -0.106267177 -0.311777055 -0.324869812 -0.462007552 -0.369823575 0.86705488 0.0335902162 -0.253429115 -0.496701062 0.124283195 0.29402703 0.13443546 3.06555939 -0.0288606267 -0.518316686 0.569087267 -0.289248109 0.470055908 0.356981486 0.960077465 -0.691101313 0.115638301 0.556735456 -0.334048301 0.803273678 0.530193269 0.0746052489 0.757520735 0.605796993 0.60765636 -0.643050849 0.101912484 0.703711152 0.28258878 0.437842727 0.182595 -0.967117488 0.152671337 -5.04685974 -0.606453836 -0.221069425 -0.165612131 -0.379927516 -0.615899563 0.349236101 -0.261599869 -0.263594151 -0.0805523992 0.208237767 -2.25217962 -0.139064938 -0.851664841 0.971718073 -0.444833905 -0.366590261 0.331352234 0.464605063 0.91825974 -0.000368701498 -0.82178998 0.0351031795 0.615246117 -0.387322128 -1.58073223 -0.0809701681 0.143400207 -0.207786188 -0.106184259 -0.984134495 -1.24771714 0.140992999 -0.145211533 0.0226091407 -0.259866446 0.193988398 0.300360978 -0.244819313 0.121503718 -0.162529066 0.198474482 -0.361043543 -0.243431523 0.722815931 0.563542783 0.0586456656 0.261066794 -2.57885766 -0.294789851 -0.841939151 0.0279289074 -0.489479572 -0.85977602 -2.64987755 0.0287418067 0.0774265528 0.720145166 -1.07263076 -0.603260875 -0.440907598 -0.0466442443 0.0734747276 -0.177900419 -0.450594693 -0.355778694 -0.0531301983 0.229892328 0.0178571176 -0.57025665 -0.177806169 -0.419506073 -0.578303456 0.0143544199 0.0288796369 0.262006044 -0.375924408 0.270288438 0.379449189 0.341501296 0.545551896 -0.35845238 0.000205077464 -0.516356885 0.354925811 0.218425289 0.159214661 -0.447191954 -0.0711436346 0.329050452 0.0493332036 1.67163801 -0.000469338178 0.809352815 -0.964386761 -0.503060699 -0.441539705 0.902559519 -0.920517087 0.16983819 -1.17620957 -0.0208604056 -0.510596991 0.168177605 -0.427922904 0.0993319154 -1.16343892 -0.00378478249 -2.5071466 -0.133083567 -0.121411964 -1.60384285 -0.716019869 -0.207313731 -0.656133413 0.117395304 0.218805656 0.093284592 -2.87151861 -0.165307686 0.524691582 -0.309928119 0.0954464525 -0.0295815021 0.667097628 -0.0952315852 -0.450969666 -0.333957762 -0.0327654406 -0.294289589 -0.136467725 -0.514042258 0.262963533 -0.1301945 0.17029582 -0.308321625 -0.945268571 -0.132636741 -0.0293994807 0.0820491239 -0.906704605 0.144147441 -0.150902584 -0.388210565 -0.208413929 0.217983365 -0.0937359929 -0.128228217 0.0916159227 -0.331462532 0.225808308 0.30309701 0.378556281 -0.162588194 0.043832209 -0.448842764 0.540455997 -0.142992124 -1.6903342 -0.62637794 -1.89160693 0.43419832 -0.377845109 -0.147380769 -0.245430246 0.155293316 -2.82699776 -0.689886868 -0.214617357 -0.354512125 0.573967636 0.0653506443 -0.504882514 -0.218968362 -0.286131918 -3.17552614 -0.407552212 0.352405608 -0.405023158 0.106817454 -0.635224879 0.635290802 -0.0294563081 0.000232677397 -0.0241224505 0.125799924 -0.595038414 -2.93260169 0.0352959335 -0.361794382 0.0350179039 0.100793421 0.589696407 -0.0394781604 0.316256046 -0.636504352 -0.304464519 -0.172418967 -0.0264649782 0.0750800446 -0.14423725 -1.40036607 -0.538327157 -1.55853105 0.671381891 0.554264367 -0.617343426 -0.45648998 0.310981721 -0.236007109 -0.497449458 0.344901055 0.738808692 -0.213675544 -0.828020751 -1.09922159 -4.72661495 0.461487025 -0.1230129 0.156525776 0.468815327 0.00101708376 0.0301827006 0.324180603 -0.363791585 0.140798166 0.270246148 0.308877885 -0.180658519 0.186136037 -0.393776536 0.170850754 -1.44169879 -0.368650258 0.392874241 0.00163439102 -0.580758035 -0.0795913339 -0.197776169 -0.0281989984 0.243713707 -0.42927435 0.164681524 -0.225267231 -0.0415656567 -0.371692121 0.250986367 -0.148074239 -1.4355495 -0.913428247 3.98257017 0.165598273 -0.706315994 -0.0212330688 -0.0685964897 0.252846569 -0.521510839 -0.319760978 -0.0151911434 -0.255937397 1.78041518 -0.0568170622 -1.38522267 -0.35654366 0.0863328949 -0.170029342 0.417741865 -0.27088207 0.0502705649 0.0230591632 -0.189225316 -0.190847799 -0.738822997 -0.00489630969 -0.191300407 -0.544795394 -0.608898997 0.148724914 0.176428884 -0.244170472 0.241293997 0.0515017025 -0.187662616 0.100801043 -0.0565786846 -0.225872576 0.0829891264 -0.390420079 -0.227403313 -0.917747796 -0.327781886 0.0484593473 -0.270572424 0.0943148807 0.0193258654 0.0293730292 0.928040922 -0.447247177 -0.500201941 -0.227471173 -0.00307669258 -0.326994449 -0.256371021 -0.206355557 -0.266130269 -0.507552207 0.675451934 -0.239816949
tensor_linearrelustack0bias 64
-0.569684267 1.57256973 -2.22219825 -0.938003659 -0.380533248 -0.757871807 1.86253381 -1.16438341 1.3225565 -0.119708806 -0.44343257 0.170157775 1.5895021 0.179994434 -0.923076272 0.796190679 -0.464154541 0.349755377 -0.721103013 0.728075027 -0.241880119 -1.49611545 -1.02155972 -1.34354162 -1.51762438 -1.32264602 0.0920240134 -0.406567395 -1.88332796 0.152879655 0.0838906318 0.537951231 -0.055050768 0.868741632 -0.347913414 -0.113488853 1.26303518 -1.1340853 0.618614376 -0.264657289 -0.721178591 -1.04530418 -0.57455653 1.46507704 -0.94241941 0.205843523 1.16515422 -1.01119804 1.49956119 -1.1226145 -1.87813652 -0.847461581 0.987416148 -1.07232475 -0.638115287 -0.171549946 -1.64893579 -1.10761166 -0.274462163 -1.44647825 1.2266885 -0.429727674 0.974713922 -0.439429641
tensor_linearrelustack6bias 1
-1.08789372
tensor_linearrelustack0weight 1280
-0.381266147 -0.415330917 0.116769604 0.233835131 -0.284214973 0.0357139669 -0.285474896 -1.00063276 0.590828598 -0.947570622 0.0764689371 1.33595049 0.344251752 -0.308550864 0.293900847 0.181108534 -0.0422460102 0.105674468 0.268282205 -0.134447277 0.0509111546 0.401143521 0.131679356 0.0200245939 0.136139125 -0.0209285617 -0.0166091602 0.116169207 -0.196488351 -0.0495190024 0.0939818993 0.326298356 -0.0578012876 -0.041778855 0.946006417 0.00963363703 0.0781648159 -0.0122912806 0.0415972099 -1.43277144 0.0084519852 0.0118434494 0.206816345 0.102251507 0.0723032653 -1.52896476 0.0261514727 -0.0716482773 0.234467447 -0.100533798 0.026302984 -0.141878843 -0.33831504 0.0529650189 0.0539054275 0.0355769917 0.253842115 0.0426950604 -0.10264805 -0.323329717 0.123032779 -0.114896208 -0.460143894 -0.099659577 -0.0120362062 0.0192791056 0.0203988105 0.14709568 -0.257599056 0.00642229291 -0.266422749 0.211566806 -0.100436911 -0.664621949 -0.359145135 0.215504259 0.819980145 0.503938854 -1.69051945 -0.288795024 0.124973819 0.279352546 -0.283037603 0.460942566 0.323624104 -0.0917179286 0.744567275 -0.052205015 0.295824021 0.880384207 0.677769721 -0.496026009 0.225378796 -0.269250035 0.00575441355 -0.174078673 0.102513395 0.404612541 0.502064586 -0.806265116 0.355749935 -0.285314798 0.563202918 0.200546935 0.0717192367 0.171991348 -0.0184503775 -0.107885219 1.14884913 0.582113564 0.534077108 -1.24334455 0.0666923374 0.0949815661 0.444120437 0.474880964 -0.621631861 0.0352591276 -0.022472851 -0.00915005058 0.0944314972 0.0147597268 0.0595326573 0.0602469966 0.073478058 -0.0169511512 -0.00575400889 -0.00699383579 0.786683798 -0.0267006513 0.159368664 0.112603217 0.194379747 0.149917856 0.00966291968 -0.0559004471 0.0803971514 -0.0887957662 0.21719721 -2.88624048 0.0298823547 -0.120345816 -0.0175619218 0.00507605216 0.06767454 -0.0739746168 0.055706352 -0.021287499 0.11665196 0.487965137 0.347992271 -0.635737121 -0.0842109844 -1.57420635 0.0163047705 -0.00555025134 0.301172435 0.346482575 0.150068164 0.906198502 0.454276353 0.351926386 0.127282977 -0.124322198 -0.0869412571 0.0989931375 0.0418848284 0.170208797 1.07556915 0.0154616451 -0.073077932 0.0844117776 -0.652499259 0.166646525 -0.938655317 -0.00418793503 0.256117254 0.226148725 0.373416394 -0.971413374 0.334337205 -0.316564947 -0.126424521 0.136251822 0.0957843587 -0.0739820451 0.112263642 0.17916964 1.38070786 -0.137182727 -1.1681689 -0.0769300237 0.421380281 0.600614011 -0.41114822 0.134025604 -0.380043507 -0.692911088 0.0442174524 0.0110897683 -0.966875613 0.365194291 -0.561574399 0.209475458 0.159364194 0.180356264 0.0814540386 -0.0509621017 -1.30177355 0.080716148 -0.0375629403 0.489444882 -0.411719352 -0.271894574 0.495425433 0.358691752 0.29772386 0.34335047 -0.0126085738 -0.0140438052 -0.664255023 -0.255191714 0.0331100598 0.160938233 0.0538318343 0.298930258 0.0638752133 0.209772289 -1.07232177 -0.0173140466 0.0125215799 1.86318827 0.333184749 -0.415982306 -0.264948964 -0.228138983 -0.329319656 -0.450097322 0.215421855 -0.594836414 -0.076740995 0.276052266 -0.0171033461 0.00220769644 0.000437342445 0.0292122271 -0.000937539036 -0.0213399548 -0.0313497856 -0.0500001535 -0.0424626507 0.0366700776 1.62107229 0.00307149137 0.0287726335 0.00336868269 -0.0893153846 -0.00536116492 -0.0155849056 -1.40322661 0.434371054 0.0573262088 0.207240507 0.438722998 0.251461357 0.0327880979 0.0684994757 0.0349143445 0.160364404 0.81706661 0.402568728 -0.150445536 -0.314098656 -0.0288947131 -0.255420297 -0.0455599688 0.38233301 0.915733993 -1.60034895 -0.431459129 0.359836519 -0.117219836 0.225829914 -0.0843273327 0.0312299263 0.0914846063 0.00592337828 0.0820943341 -0.971700191 -0.220092431 0.0759531185 0.641930223 -1.94032824 0.00506330421 -0.438575476 -0.156977013 0.39375639 0.420767307 0.1855205 0.415204585 -0.0515866987 -0.079383038 0.285743058 0.0717609972 -0.288547218 0.490056902 -0.161863416 -0.00254151318 0.270052135 -1.4862535 -0.134020984 0.8814165 -0.482614011 0.068988651 0.136152297 0.0282350667 -0.159077257 0.563625693 0.0141350338 -0.499380946 -0.294377774 0.882309616 -0.474898279 -0.434770703 -0.192789003 -0.0717919245 -0.0434717946 0.0349616222 -1.39840913 -1.22282064 -0.23415029 -0.432013988 1.50028801 0.0298197418 0.103336349 0.281974822 0.488812536 0.374027342 0.231006444 -0.547381103 -0.560833156 0.0452705622 -0.257362932 -0.0465794876 0.0744793862 -0.469693184 -0.0239026509 -0.32274735 1.52639937 0.0578485467 -0.0691115707 -0.770724893 0.137403116 -0.163727969 0.623095334 0.335409909 0.314324349 0.194572434 -0.134888321 -1.10318828 -0.0291761383 0.0511332452 0.059504047 0.0894292444 0.155888006 -0.0746472105 0.068075031 0.00879430864 0.0331531577 0.187610686 0.242719397 0.128233254 0.0354619771 -1.69539762 -0.951302707 -0.0541282259 0.7188434 1.15666914 1.1465019 0.0755900964 -0.318274915 0.0317978449 0.181225806 0.25152874 0.188371927 -0.0357287489 0.0167746078 0.0046794368 -1.15385509 -0.511010885 0.039925877 1.94430065 0.591828704 -0.194010288 -0.0928798541 0.129295304 -0.00175781129 -0.245875597 0.00198450428 -0.173306301 0.230929255 0.428982109 0.27656126 0.0424095392 -0.283818334 0.300225943 0.265537918 -0.541701734 -0.322062016 0.757855296 -0.233995631 -0.0560112745 0.158030763 -0.121843532 -1.2291218 -0.022173645 0.99624902 -0.813374817 0.629865587 -0.950952053 0.0726958364 -0.307561398 0.0527833439 0.0266435333 -0.0253023561 0.00712837512 0.0138162682 -0.0308769941 -0.0704224408 -0.172801763 -0.0706401467 0.474678427 -1.17902756 -0.139596313 0.14422065 0.0562496409 -0.340596408 -0.0425688773 0.103835516 1.0150584 0.00091004197 -0.00690375967 0.246465281 -0.000444521051 -0.0959543809 0.130643159 -0.0884529352 0.0469613448 -1.14226401 -0.40314731 -0.028307071 0.976480603 -0.62055397 0.223284215 -0.105461657 -0.078467302 -0.464901119 0.106903195 0.0957124233 0.865734637 0.299441487 -0.115637004 0.0696808323 0.30547139 0.00713957148 0.188610032 0.0859393105 0.0168038737 -0.0778103545 0.790153265 -0.0395958982 0.0320257396 -0.554524362 0.0559303686 -0.0115112774 0.0358157195 -2.14126325 0.310627192 0.160398602 -0.248611614 -0.219956636 0.212213337 -0.160300419 -0.277958423 0.0206317138 -0.00173639774 0.0447696149 0.0258943215 0.37642023 -0.187147081 0.186196029 -1.49639022 -0.296787888 -0.514250219 0.0128983464 0.0121412538 -0.0189940799 0.055103533 -0.108759582 0.392952025 0.160209924 -0.385269374 -0.174921229 -0.204287738 0.0352556854 0.0792019218 0.0462454669 0.139596194 -0.0908486843 -0.492433816 0.385452002 0.88252914 -1.19752216 -0.56103313 -0.718267322 0.163430139 -0.506868899 -0.073062554 0.0453321822 0.209935769 0.346999049 -0.150293291 0.0252681002 0.056022644 -0.00810449198 0.199362144 0.0681489408 -0.00898769498 0.717479348 0.650976956 -0.473550647 -0.456589192 -0.555892766 -0.566686749 0.618628204 -0.10640952 0.237024605 -1.95604789 0.404567093 -0.503712475 0.43925783 0.100190684 0.797843993 -0.183360204 -0.0698654428 0.119730264 -0.101465583 0.373956114 0.979895473 -0.418287307 0.092707403 -0.0541891493 0.049250856 -0.0431341231 -0.741833627 0.0936426222 0.499483496 -0.502410471 -0.23899433 0.147554576 0.0993254706 0.57539928 -0.356813639 -0.301646173 -0.0704560801 0.144654915 -0.0307367183 0.0729412884 -0.453953177 0.0996285081 -0.273976535 0.22433126 -0.1443391 0.318496227 0.0014937059 -0.946189106 0.153801665 0.0736798421 0.0957037359 0.679327011 -0.209942281 0.0363938287 -0.198179334 0.358280867 0.0254351683 -0.259108722 0.0168190878 -0.00201228564 -0.111577936 -0.162739545 -0.139270529 -0.199987516 0.784115314 0.18578583 0.35512346 0.015595926 0.782980263 -0.925818205 -0.17937015 0.218900636 -0.485517442 0.283298045 -0.0463438816 -0.253935069 0.063678585 0.428827733 -0.189381108 -0.0868447945 -0.570855916 -0.259127587 -0.10022714 0.761368155 -0.293455213 0.688015163 -0.322440326 0.151252598 0.880450845 -0.175276473 -0.0809701756 0.155070186 -0.0174097288 0.0831061229 0.336081892 -0.166648269 -0.140143454 -0.027154997 0.149537489 0.0421302132 0.132749259 0.0261375438 0.016328549 -0.013790682 0.0167051367 -0.52952224 0.576641142 0.115645647 0.631529272 0.488210678 -1.15314853 -1.80749798 0.299907416 -0.0766806677 -0.0133567927 0.336321741 0.165303871 0.327977091 -0.0757075325 -0.142253667 0.88597554 0.762820959 0.253204554 -1.58256364 -0.132931888 -0.365016133 0.000762562791 -0.0978622213 0.791959703 0.163031176 -0.998353958 -0.726370454 0.258376807 0.384060174 -0.306545943 0.232024819 -0.280905455 0.0994585231 -0.0577738956 -0.127120972 0.939373374 -0.43569383 -0.253061265 0.423781455 0.0145084113 -0.364333928 0.312391877 -0.205209747 -0.836579919 0.752173841 0.190354899 -1.55142796 -0.390535176 -0.175262988 0.00159297849 0.164825737 0.0742919743 -0.100150667 -0.00567513565 -0.0303342063 0.177266344 -0.154195204 0.281748593 0.751113713 -0.0666686893 -0.450029552 -1.46650457 0.0685802102 0.934067965 -0.0758294016 0.497002006 0.496295631 0.507028997 0.323790073 -1.00832212 -0.941250145 -0.276294619 -0.104487427 -0.0973128527 -0.123194695 -1.07284713 -0.520752788 -0.188882142 0.461780667 0.851584911 0.181248486 0.892527103 -0.278384566 -0.669002116 -0.105647661 -0.56002146 -0.138732448 -0.0410783552 0.237720177 0.0185949132 0.113565169 0.0111040287 -0.0621322989 0.0586483739 -0.0501888245 -0.0392135344 0.0724371001 0.0628546327 0.0448866785 0.0601289272 0.959927499 -0.0529869124 -0.00533172302 0.0743625611 0.175647482 -0.246059254 -2.65749741 -0.273144871 0.0517491698 -1.33669829 -0.200851738 -0.185342282 -0.207357049 0.0644891039 -0.173214763 0.0905393213 -0.087777406 -0.0152763734 -1.23572564 0.293917388 -0.0267058294 0.163410649 0.257986307 0.421845138 0.0516596474 0.162013888 0.48630771 0.0279581565 0.300994039 -0.299540997 -0.192133918 -0.111702815 0.0852756351 -0.00523218047 0.0475965515 -1.49544573 -0.50084281 -0.134998694 1.62200058 -0.146027431 0.147148743 -0.431366444 -0.0408716388 0.666364431 0.0521587208 0.0446497537 0.0534661524 0.0758350641 -0.0827632621 0.19516848 0.0616444722 0.148752794 0.0341812298 -0.111822933 0.148317084 0.729654968 0.712826371 0.502486408 -2.15322828 0.088620685 0.16396676 -0.312765181 0.0622253269 0.134155244 -0.186464131 -0.125928715 -0.864424706 0.385947496 -0.40544495 -0.0496384315 0.00845281035 -0.0180869959 0.0702440962 -0.138294563 0.0796002671 0.385345787 0.504704714 -0.125841841 -0.708831728 -0.114077449 -0.00821445789 -0.0160915367 0.0641517192 0.262734652 -2.25154924 0.484266579 -0.0612877347 0.235440642 -0.00237745629 -0.125507072 -0.00944214407 0.339835197 0.0409538969 0.064985998 0.117379054 0.38853386 0.370564997 0.363945574 -0.359828711 -0.690585852 -0.325165987 0.131724477 -0.12876223 0.198154971 -1.4678247 0.725720942 0.0743718371 0.00970044918 -0.0641641989 -0.0851645693 0.0222674441 -0.142950237 -0.0258738436 0.00762816658 -0.21523048 -0.314466178 -0.0938308984 -0.100731902 -0.0235065315 0.0729403496 0.0081634745 -2.3406055 -0.0576993823 1.36747587 -0.151391953 0.507184207 0.0600865334 -0.101638556 0.217769906 -0.0239938665 0.0241729263 -0.0382250287 0.0363464467 -0.0267523043 0.0132581042 -0.0626665801 0.00878984109 0.047059197 0.0498571731 -0.0325486287 -0.00317426631 0.815903962 -0.0197167918 0.502426028 0.0099197505 -0.234526187 -1.85386753 -0.0723640695 0.141679272 -0.0527716503 0.0578035153 0.013231351 -0.793967366 0.0642072633 -0.0681189075 -0.838789225 -0.812555194 -0.0527946018 0.361977309 -1.66397059 -0.0848545879 0.299738914 0.0137323933 0.781042933 0.576426268 -0.0313401446 -0.271283627 0.322363943 0.0731574893 0.0291746538 0.0680236146 0.00950600207 0.0802608356 0.117138229 0.00780735351 1.10698152 0.00976022519 0.33951962 -0.861378729 0.201689839 0.0112008946 0.213866249 -0.402838469 0.506689787 0.18118678 -0.803400934 -0.0135593237 -0.0640008003 0.177552119 -0.127445281 -0.0185627025 -0.0400115773 0.0841444582 0.110097244 -0.0568495579 -0.348793089 -0.087714687 0.0110617206 1.14635324 0.456986964 -1.74061131 0.343416035 0.000858107873 -0.0684355274 0.798437119 0.601039171 -0.680470467 0.275808215 -0.344636708 0.104634024 0.0527820773 0.01130604 0.0682924017 -0.00790502131 -0.013704028 -0.00201280671 -0.101467319 -0.102727525 0.476751179 -0.0710241199 -0.0484643877 -0.0877066553 0.0537570603 -1.67240119 0.211378023 0.219553247 0.77005744 -0.0883163959 0.0815473646 0.00254465919 -0.0498530529 -0.00783644989 0.0100893946 -0.0602903962 -0.0406463221 -0.178334236 -0.124346793 -0.187142819 1.5404464 -0.756364167 0.164033368 0.0779338554 -0.0516214333 0.393244803 0.155883268 -0.0245560426 -0.894756615 -0.495938957 -0.021209022 -0.638509154 -0.623651028 -0.0405615717 -0.705111384 -0.0625375211 0.110211261 -0.484168917 0.414789796 0.0409531519 -0.633534968 -0.403883964 -0.120052002 -0.630989492 0.0660030097 0.788119495 0.367936224 0.369155973 0.430148512 0.00705000618 -0.0917870998 -0.169479266 -0.166509703 -0.065632537 0.0319494531 0.0062823887 0.00591611769 0.377873749 0.11670427 -0.0353697091 -1.47851467 -0.837305129 0.0268666614 0.135100409 0.00747290533 0.06509386 0.0873541683 0.0622699931 0.652846575 -0.0252091177 1.10519779 -0.197799802 -0.111681819 -0.212660372 0.0386839397 -0.0733876303 -0.0958417803 -0.470057964 -0.0662602633 -0.211938411 -0.763547361 -0.0658554435 -0.0352065302 0.273365706 0.90918988 0.257907033 0.0597593375 0.175655693 0.185009733 0.597634792 0.605594695 -0.365583599 -0.296330571 -0.263596565 0.120440573 -0.0327920765 0.0612864196 -1.08084571 0.380842537 -0.0509473421 0.424732298 0.190758407 0.472096056 -0.0105489707 -0.00296655251 -0.115123205 -0.306858718 0.0694615021 -1.77628672 0.245062366 0.517296672 -0.456539929 0.203623131 -0.0477024876 0.232117131 -0.0326627493 0.029584907 0.286504894 -1.35350096 -0.686720669 0.258353919 -0.814624369 0.0848700702 0.413822889 -0.638381481 0.161536172 -0.332291096 -0.154081941 -0.0800536573 0.118256211 0.0331557803 0.0511676297 0.0484843664 -0.0980679691 0.176918596 0.072189495 0.0479674079 1.31682539 0.755437732 0.276225418 -2.32875872 -0.376370966 -0.121690601 -0.0703444704 -0.0908609852 0.108280025 0.12441089 0.194699407 -0.113550268 0.0751841813 -0.145488203 0.0205886457 -0.101221398 -0.138670847 0.134276137 0.0617814772 0.0808696002 -1.03109372 -0.105884187 0.0894239768 1.10169065 0.050707709 -0.909749508 -0.807969034 -0.14593865 -0.0141928596 0.762903154 0.679311574 0.549796164 0.0457469635 -0.244306073 0.195574567 0.0788756534 0.0749089718 0.0373881944 0.0140749337 0.0249269325 0.498444259 0.485697001 0.31114614 -0.469972342 -1.18974221 -0.292075753 -0.907382727 0.0208171755 0.316898733 0.161353886 0.0648044571 0.6736027 -0.820364118 0.116868474 -0.390613884 -0.390743881 0.296398908 0.913118541 -0.196664587 -0.212269083 0.632217646 0.760662615 -0.16026637 0.235760361 -0.416696578 0.389882356 -0.0761841759 0.0890588686 0.330345094 0.233849585 -0.101416089 -0.197512135 -0.516020179 0.24481459 -0.369957507 -0.525982261 0.54921627 0.268993288 0.00924984086 0.994566143 0.282786012 -0.11458116 0.044981271 0.205499902 0.125833616 0.0548919328 0.426680535 -0.160864279 -0.00152609043 0.363675088 0.135891303 -0.627571881 0.120081022 -0.0110295797 -0.0860425755 0.103574708 0.318232387 0.079112567 0.0307519194 -1.45432687 -0.098099947 -0.18319428 -0.00707566971 -0.0532269329 0.33330816 -0.136233002 -0.967574239 -0.0038716211 0.527844548 0.0520639047 0.172130093 -0.213807419 -0.0346765816 0.274832606 -0.0972160622 0.13927801 -0.0855174884 0.133007452 0.0213318411 -0.0404392108 0.0807725862 0.101179801 -0.048548419 -0.0548080467 0.933539331 -0.0960644782 -0.0692711323 0.0368861072 0.51963079 -0.924898744 0.149737805 -1.50109231 -0.424181342 -0.18345125 -0.190142632 -0.455392033 -0.203886703 -0.928026438 -0.280315489 -0.232843727 -0.574825943 -0.301066995 -0.488928378 0.515152991 1.39468241 0.467225254 0.729375303 -0.00933817588 -0.765146852 0.0465228148 0.116072848 0.201707959 0.170705438 -0.0158241186 0.149915189 -0.0667647049 -0.0643244162 0.0477645621 -0.033093147 0.062461663 -0.453925043 0.105845541 -0.158234805 0.424975216 0.481288463 0.252073944 -0.274896681 -0.0239182599 0.915233552 -0.782159269 0.00728569273 -1.69270802 -1.17909408 0.118309423 -0.250725925 0.056345135 -0.0512171723 0.0979413018 0.0107843541 -0.0130565856 -0.132714912 0.0791060179 0.0904250294 0.505029142 -0.297554672 0.17886205 0.428025097 -1.44842052 0.0709626377 -0.434247464 -0.0764413178 -0.617525458
