tensor_linearrelustack6weight 32
0.592105567 0.328683197 0.306940377 -0.0593094938 -0.245442092 -0.0908805206 -0.150670603 0.283159137 0.242036909 0.394615173 -0.0804000869 0.362509012 -0.0710465461 -0.486805618 0.305958182 -0.282382071 0.45234713 0.278715223 0.477591366 -0.0521502383 0.337687373 -0.587383687 0.286993384 0.378120899 0.28941372 -0.0670600161 0.264859676 -0.0996580124 -0.169060886 0.331080645 0.217055261 0.347795635
tensor_linearrelustack3bias 32
1.14914942 0.520789504 -0.0557695255 0.28661859 1.03314269 0.562440634 0.38800633 0.312913299 0.498809487 1.1739347 0.126888826 0.410580426 0.13384743 -0.518141389 0.212039635 0.923386931 0.862112522 0.660608172 0.158401489 0.340455264 0.327639997 0.0907280445 0.469873607 -1.32607913 1.11958992 0.245523244 0.691328049 0.33362183 0.380729735 0.796423197 0.0589264333 -1.37168825
tensor_linearrelustack3weight 2048
-0.0265206005 -1.56986511 1.74155545 -1.79888809 -0.936165392 0.167824328 0.190719351 -0.490941912 -0.224407181 -0.243983969 0.16925092 -0.267247945 -1.30144274 -0.703094482 -0.156433463 -0.161223054 -0.594427884 -0.640823126 0.180740058 -0.291833639 0.047829669 0.416294515 -0.0151790641 0.105790928 -0.32552132 -0.253921986 -0.686202466 -0.52419585 -0.505659461 0.0632866099 -0.0769947916 -0.319084287 -0.140745059 0.357574433 0.129107445 -0.120029002 0.127495781 -0.163765132 -0.342197537 -1.33558202 -0.317182094 -0.197835535 0.258458197 -0.191753745 0.478956908 -1.28926229 0.260444343 -0.279297024 -0.265995681 0.537539303 -3.13936067 -0.395309538 -0.0610696226 -0.835395753 -0.439483166 0.0701092184 -0.374490142 0.0659825802 -0.269074559 0.0614990667 -0.654480696 -0.106543511 0.113718539 -0.200571954 0.494613022 -0.706173658 0.429282904 -1.14232159 -0.318806708 0.656301796 0.744592547 -0.0144775352 -0.114655107 -0.554553449 0.0298266001 0.0594251528 -0.162536889 -0.23974748 0.241592675 0.411713332 -0.138465941 0.045342315 0.121124946 -0.00465102307 0.625101686 -0.562728047 0.221305177 1.2105372 -0.502879322 -0.016601067 0.055659283 0.251604557 -0.541864693 0.0301931445 0.172165304 0.188742846 0.309542745 -0.947270155 -0.363539904 -0.457119435 0.16830799 -0.242264599 -3.51778054 0.178277835 -0.00649126153 0.20469372 -0.0810675174 -0.168363467 -0.253666639 0.16531162 -0.217110708 0.654006302 -0.078111589 -0.0898408368 -0.361937374 0.00606087875 -0.0450949073 -0.515671611 0.216796115 -1.15275025 -0.258457452 -0.0419022851 -2.22050309 0.149354741 -0.550066888 0.305226356 -0.0274528768 0.0180633776 -1.44409001 -0.0261890255 -1.87141216 -0.0967048109 0.21523425 -0.0769006461 0.164379135 0.123861551 0.838320494 0.0546517 -0.315141767 -0.175802574 -0.0773980767 0.649000525 -0.755177379 0.528024971 -0.173385873 -0.419777274 0.161640257 0.543330073 0.255989075 -0.119249254 -0.0971962661 0.61697787 0.178889081 0.0781972036 -0.264927238 -0.2529549 -0.0415271223 -0.801431894 0.662971318 -0.305293232 -4.59768581 0.323146164 0.00985191483 -0.0104792537 0.00344255241 -0.0165254138 0.253294587 -1.73740792 -0.71432358 -0.45213455 -0.298405528 -0.462782532 -0.384511322 1.17660773 0.0812084898 0.224667981 -1.55644608 0.0512498431 0.09858381 -1.25504887 0.0625902563 0.249248818 0.235414445 -0.105994612 -0.0986272916 0.184761837 1.02534282 -0.103333235 0.375436425 0.50727582 -0.780687451 -0.28795892 -0.0822229087 -0.12218789 0.378165901 -0.115614235 -0.294579327 0.44442156 -0.00612728391 -0.109143324 0.537334383 0.343005598 0.339120507 -0.254547715 -0.131669387 -0.35093677 0.0722245872 0.390097916 -0.148126185 0.484177202 0.751194 -0.158471152 0.154257074 0.303400964 0.247018874 0.667385459 0.157158837 0.541708231 -0.351887554 0.179223716 0.0966801047 0.156458199 0.366059959 0.19455722 -0.48629868 0.572437942 0.449338555 0.160494879 0.098261632 -0.152091488 0.0650664717 -0.0738721415 0.543876886 0.664357126 -0.393878669 0.0532216355 0.382493883 0.00877736416 0.0634788573 -0.222696498 0.125608519 -0.0893991888 0.482711405 -0.0210772268 0.416681409 0.19444555 0.195489675 -0.135931402 -0.0580514483 -0.216903776 0.79685092 0.155675918 0.315667063 0.643476725 0.0994140729 0.135537237 -0.671616733 0.216754332 0.887396753 0.531809449 0.0521615446 0.242806017 0.106187604 -0.184542179 0.643864512 0.0253939107 -0.32742703 0.24662073 -0.14547886 -0.172301278 -0.0100017227 -0.156022102 -0.204368412 -0.047885716 -0.649424672 -0.12794514 0.0351605602 0.362798363 0.3107436 0.187843651 0.531368554 -0.641219199 -0.355857819 -0.125197709 -2.79349923 0.212205872 1.24660408 -0.0437201485 -0.155168131 -0.21097067 0.466519415 -1.25607538 0.052335117 -0.706083596 0.19534941 0.154584765 -0.357087672 0.820087671 -0.185433805 -0.3459858 -0.168110877 0.261882156 -0.0988775194 -0.617048264 -0.254193544 -0.383183837 -0.63742125 -0.0321541503 0.239078715 0.0982722566 -0.400930941 0.0414019153 -0.674990654 -0.541915655 0.271105081 -0.0190771352 0.36915794 -0.124340937 0.229837179 -0.0138388723 0.030349452 0.169531137 0.299168617 -0.232102796 0.0343507603 0.633755267 0.122055501 -0.0522606969 0.639077663 0.024251027 0.0965102986 -0.390364289 0.156153172 0.455331922 -0.0813831389 -0.139203981 -0.0683122873 0.259157538 0.793061495 0.0352572948 0.124130256 0.216779739 -0.232870832 0.386225969 0.167812556 0.202699363 -0.415136129 0.197419301 0.683645785 -0.231017306 0.337308556 0.577562332 -0.769821346 0.364804268 0.261123836 -0.0677314103 0.107570544 -0.0959744826 0.0797188133 0.030183224 0.237342417 0.794482648 -0.144491926 -0.192467362 0.380885273 0.16147159 0.00103972561 -0.818575382 0.127556071 -0.21214515 0.138095394 0.149121851 0.102324992 0.31938684 -0.0839570537 -0.481928051 -0.392147809 -0.0190601628 0.836656272 0.247764632 0.934058547 0.0962012336 0.082047157 0.276001871 0.0518011265 -0.208888069 0.916805267 0.545133114 -0.0988629237 0.278098434 0.14284271 -0.690666258 0.771396399 0.0975987464 -0.0698571652 0.182657287 -0.216690525 0.00802981481 -0.224791929 0.450891942 -0.351758897 0.107632041 0.543315768 -0.156260088 -0.0639991239 -0.232906505 0.061394956 0.063189961 0.769101024 0.691216707 -0.202129632 0.0717034861 -0.500870049 0.0550735667 0.466735661 0.132898375 -0.34828788 0.10176532 -0.004418022 -0.960104465 -0.206129625 -0.258612841 0.129213274 0.284448832 -1.7594074 0.404229134 -0.0124614388 -0.24265027 0.13954556 0.349620789 0.470107883 -0.0501205437 0.138089821 -0.195464611 0.237709343 0.0608101226 -0.160597116 0.3103064 0.209161595 -0.344254017 -0.136183247 -0.340525776 1.109079 -0.154611439 1.11951721 -0.656597793 0.0448941961 0.409498513 0.70842582 0.101965696 -0.265954554 0.228344157 -0.140625834 -0.399874657 -0.396552265 -0.433246553 -1.71057379 -0.0861794949 -0.718638241 0.215052441 0.49679336 -0.470681638 -0.0492067672 -0.859906375 0.15419665 0.0643211827 -0.242857456 -0.275987566 0.0966531411 -1.13109183 -1.27444971 -1.45030439 -0.477564365 -0.320007324 0.489604414 0.0401180498 -2.71537209 0.209273651 -0.40996334 0.204564437 0.268022388 -0.363802582 0.0035255875 0.512815773 0.0100265304 0.437695086 -0.370733082 -0.110110417 0.35407576 0.0822876841 1.08046663 -0.469486743 -0.141098022 -0.967398226 0.36816895 0.0528340526 0.199111685 -0.479656249 0.40816772 -0.150991753 -0.0307966284 0.136198074 0.188514665 -0.321365505 0.18783848 -0.100831546 -1.45562267 -1.83697975 -0.506861866 -0.630798757 0.162774131 0.186643392 0.0790302455 0.282843351 -0.516520739 -0.0506748967 -0.433608949 0.867788792 -0.341675252 -0.308908939 -0.232222676 0.126845852 0.164688125 -0.323253363 0.68087703 0.0824259147 -1.10555232 -0.363712281 -1.24070823 -0.0281811599 -0.0390554592 -0.01702727 -0.382892132 -2.71231031 -0.402224183 -0.355177522 -0.605242133 0.584417701 0.150287226 0.37119177 -1.2324264 -0.180037901 -0.158188894 0.373246282 -0.169469029 -0.382497728 -0.0311877038 0.264550298 -0.226417229 0.444166064 -2.1586237 -0.792220056 -0.521338284 -2.69221687 0.12691845 0.330189377 0.201336414 0.225450158 -0.897194564 0.232152507 -0.364754617 0.539453387 0.311814904 -0.0105249165 -0.355229974 0.226693586 0.0200482886 -0.300438583 0.00575798657 0.183172122 0.51113385 -0.0906309187 -1.25568736 1.08727252 -0.367112339 -0.228924006 -0.342662185 0.0305217095 0.0382736176 -0.480267376 -0.664899766 0.714725971 0.029073976 -0.0103170704 0.391118735 -0.653504848 0.220339447 -2.286129 0.412689686 0.095604673 -0.00854078587 -0.31557703 0.187433913 0.0376144163 -0.695652664 -0.0672988221 0.0723950863 -0.801469982 -2.47448707 0.396430045 -0.116495207 0.223337352 -0.105456755 -0.352607429 -0.825406373 -0.31496349 -0.135234848 -0.383768022 -0.90064311 -0.199958757 -0.459938675 -0.106016569 -0.0375644453 -0.142425135 -3.80044246 -0.417799622 0.293620139 -0.0208545569 0.236472696 0.140340462 0.0323973596 0.140614808 0.386292696 -0.0484337136 -0.500176251 -0.104088672 -0.212107569 0.304428667 0.0161452666 -0.178003773 -0.0148148853 -0.182286367 -0.0836715996 -0.030556269 0.744778335 0.354634166 0.0756361708 0.237679973 0.465982646 -0.4954485 -0.567875206 -0.00820117816 0.514799833 -0.202097163 -0.193124205 0.645240903 -0.146500647 0.292846471 0.487976581 0.313694686 -0.172119483 -0.224878207 0.514762819 0.0106433658 0.346856028 0.461995006 -0.280467719 0.423323214 0.841730416 -0.0149821024 0.157967061 -0.0232270658 0.0890474096 0.319342971 -0.191856503 0.13700448 -0.124690592 0.0833819658 0.276545197 -0.0408953167 0.540940046 -0.0685355142 -0.174812898 0.271021128 0.210405752 0.0632710904 0.0118736858 -0.295993567 0.278751791 -0.00984004233 0.373583168 0.571572721 -0.696576059 0.20025593 -0.276815593 0.0130928084 -0.0701015368 0.406119585 0.443647712 0.490337163 0.789981306 -0.270622283 0.241291702 -0.304081976 0.177941561 -0.129676625 0.0847840831 -0.797645628 0.620638728 -0.110754378 0.0875518322 0.813684285 -0.00460152468 0.271521509 0.193011865 -0.566015184 -0.074963659 -0.356935322 0.0226404071 -0.850286424 -0.369918317 0.185320422 0.350064248 -0.260577619 -0.16560787 -0.0994377881 -0.952373981 -0.408544302 -0.757996917 0.0466266572 0.204763949 0.00205612322 0.681877971 0.389365435 -0.172642082 0.467229158 0.388278753 0.39232257 -0.0511209965 -0.026852943 -0.98586756 -0.595976174 -0.0809966773 -0.228155524 0.000906248461 -0.563040257 -0.874224007 -0.286366522 0.164523095 -0.10960754 0.476258755 -0.38866955 0.488950819 -2.47203422 -0.691845417 0.62756139 0.313031852 -1.09216917 0.330360502 -0.205128908 0.29033038 -0.127347097 -0.227829695 0.532822251 0.248356804 -0.303337842 0.330695897 -0.0642336234 -0.777548492 0.765960515 0.0319602862 -0.227041781 0.288048357 0.0748731643 0.202217951 -0.466884702 0.699142635 -0.324876577 -0.248964414 -0.165851563 0.276945889 -0.469979256 -0.0546494089 0.382953286 -0.0295731127 -0.117469862 0.767202616 0.211247459 0.336543351 -0.219893411 0.365430474 -0.194905952 0.119996876 0.61422509 0.00377754914 0.497860819 0.914662004 -0.232407346 0.310570449 0.209359005 0.0735237971 0.684636354 -0.0134376204 0.043411728 -0.331197381 0.0480975136 0.197794989 -0.562626123 0.568377316 0.10961213 -0.50211364 0.340705961 -0.246633366 -0.100665763 0.238403827 -0.0742377266 -0.054184515 -0.158488706 0.427606314 0.767713904 -0.638775349 0.150153592 -0.0490395054 0.445016384 0.0915588289 0.0938544124 0.402431935 0.14001818 0.456916511 -0.255371064 0.795490086 -0.241882607 0.243534938 0.180579454 0.115636513 -0.450606048 0.716158509 0.140979737 0.276865214 0.59767139 -0.0267721862 0.0499167964 -0.0775175989 -0.148229465 0.248369679 0.136089951 -0.0509381704 0.561800003 0.0800814927 -0.338687599 1.27617276 -0.471788853 0.315990329 -0.224115863 0.292790502 -0.0231717788 -0.16307576 0.0325499848 -0.280747503 -0.0805912837 -0.537340403 0.164415598 0.178195521 -0.32335183 0.146098927 1.30021584 -1.25335288 -0.403433412 -0.19869417 0.684822738 -3.93461609 -1.11171126 -0.162296236 -0.197660848 -0.0867159069 -1.03156996 -0.131163314 -0.13661094 -0.308048606 -0.246591941 0.65023613 -0.788552642 0.0774017796 1.89084208 0.141526341 0.038773533 -0.0123000769 0.912059784 -0.544467509 -0.180558562 0.417275608 0.152292147 -0.14664489 -0.047333125 -0.877203941 -0.400568485 -0.161565155 0.257166535 -0.266850919 0.39427346 0.794626534 0.926673472 0.0381313264 -0.829556525 0.291463792 -0.108809985 -0.111272603 0.0486063398 0.0980060399 0.346496701 0.0918724909 -0.232596472 -0.279042274 -0.0917897969 0.0629807487 -0.288257748 -0.119325109 0.297023535 -0.542961061 1.01046646 0.27048552 -0.325101435 -1.65514088 0.395192176 0.207226917 -0.0295562819 -0.0170536488 -2.00520754 0.323650271 0.840999246 0.462592781 -0.603179574 -1.19680846 -0.225419953 0.34651804 -0.197027117 -0.439187407 -0.147853374 0.621973813 -0.372665256 0.0134305228 0.0497709736 0.0463799499 0.309453726 -1.01331866 0.793614626 -1.36439073 -1.13664114 -0.0392512903 0.449767083 -0.0452917889 0.23025246 -0.173449054 0.275716335 -0.523537219 0.445437849 0.149652958 0.244271711 -0.824987888 0.347582698 0.31807521 -0.207351372 0.192078188 0.273894727 0.213893458 0.138461858 -0.79932183 -0.0106538609 -0.362441152 -0.492204905 -0.165162504 -0.210357159 -0.0126091018 0.10811875 -0.0428427421 -0.987986386 0.160363093 0.875680208 0.0176973362 -0.235318273 -0.422717005 -0.117657259 -0.244388908 -1.28913355 -0.0484523065 0.689640045 -0.632425725 0.0384974591 -0.0896521509 -0.080867596 0.236454487 0.656579018 -0.367378682 -0.0459284037 0.692349732 0.157057479 -0.27394259 0.287916094 -0.19712092 -0.4146339 -0.410643339 -0.287608117 -0.508072257 -0.385175079 -1.11567855 0.271594226 -1.3010186 0.104315288 0.0127312923 -0.106966808 0.375457793 -0.0598016307 0.176054031 -0.438120157 0.399845511 0.0396144427 0.437003285 -0.07329043 -0.148333594 -0.798279583 -0.0014212993 -0.0937549323 0.0744513944 -0.0626642257 0.157324016 0.651544809 -0.0956208259 -0.138884246 0.459969163 -0.0942331329 -0.121276982 0.568243206 0.824136138 0.312108487 0.00183464342 -0.442071706 0.779692352 0.282916814 -0.491512239 -0.103129089 0.18618466 -0.555556178 0.36766392 -0.476648659 0.816708803 -0.428069621 0.336135775 0.519019663 -0.799316227 0.0478506275 -0.611162484 -0.0393589325 -0.607331634 0.452656686 -1.80989707 -0.381231636 0.0399464443 -0.335900247 -1.30501509 0.658262432 -0.563270509 0.410880238 -0.0724213645 -0.328173816 -0.27984491 0.392448783 -1.98038638 -0.0650149211 0.456356555 -0.132108942 -0.130269095 -0.123742394 -0.977797508 -2.5203352 -0.137000322 -0.127006367 -0.0627407059 -0.00842185598 -0.2968449 0.135383174 0.193359524 0.338774264 0.0687177107 -0.0685406253 -0.452178568 -0.418982089 0.0714929476 -0.447561502 0.19767122 -0.213726729 0.137015522 -0.366345167 -0.525135636 -0.0340131409 -1.80230319 -0.501115918 0.254907131 -0.0276625324 0.372662008 0.0709458217 -0.128686294 -0.134581476 0.150896385 0.740230918 0.149453759 0.0148421237 -0.202608824 -0.192978129 0.0776158944 -2.68812323 -0.0799451396 -0.218539834 -1.41573548 0.883552253 0.0833200887 0.0428845286 0.137225896 0.172318742 0.0785740837 0.213418037 -0.236315176 0.311779827 -0.131745175 -0.815557837 0.132124081 0.322497964 -0.523841023 -0.758709192 0.296639144 -1.39403379 0.0781336501 0.0955569148 -0.216779947 -0.00242648227 0.0305453036 0.262275934 -0.0569414273 -1.57738161 0.713357627 1.20224535 -0.569131255 0.262835532 0.0640852377 -0.0149367638 0.0100460704 0.223521963 -0.0624437742 -0.892516732 -0.497424155 -0.161013961 -0.292863786 0.510150909 -0.00360095804 0.165081099 -0.302204996 0.343474686 -0.688578129 -0.0183989126 -0.479897141 0.0710500926 -0.450460494 0.144637242 0.185812443 -0.56578666 -0.837346494 -0.934919298 -0.166031361 -2.20065236 0.404446274 -0.578672528 -0.165902093 -1.25374532 -1.24847829 -0.311752707 -0.233234257 0.0696364045 -0.214765772 -0.31586498 -0.13577044 -0.121215448 -1.26805305 -0.103748433 -0.099079147 0.229539379 -0.897037327 1.06979203 -1.35934997 0.0712613612 0.327493012 -2.20643926 -0.778038859 0.0398049653 0.330101967 -0.726657093 0.143560678 -0.474072427 -0.210082248 0.111443542 -0.0866093934 -0.254112273 0.432498276 -0.643101513 0.263203293 0.59015137 0.335371286 0.255197883 0.359052926 -0.75482744 -0.272276074 -0.160547629 0.342766494 0.192614868 -0.0877633318 -0.161737964 0.182671234 -0.494316518 -0.346462846 -0.0341937691 -0.135659203 0.128722221 -0.716893315 -2.0421226 -0.154053092 0.409279317 -0.0185275692 0.721581101 -0.298133343 0.0600590445 0.556837857 -0.183447704 -0.0828963444 0.34264797 -0.0595371425 0.0657251477 0.590445459 0.0844833776 -0.00943501946 -0.134578109 0.0804401562 -0.136195973 -0.0949349925 0.299398661 -0.215248883 0.378148496 0.738561213 -0.0288124681 0.211686954 0.344388723 0.205938429 0.197543859 0.135136425 0.649321735 -0.358662814 0.183450267 0.461742014 -0.0734708086 0.198014557 0.388970494 -0.496797442 0.29972443 0.444757253 0.171738863 0.0674053505 -0.192763299 0.199006364 -0.180836767 0.63250035 0.738614559 -0.101207644 -0.0401790701 0.106994241 -0.0422333814 0.208609715 0.0940532237 0.0322915427 -0.017179653 0.312543958 -0.0323981941 0.364403993 0.304738522 0.150417656 -0.0870300904 -0.281002402 -0.294699579 0.649517953 0.0772180185 0.255588442 0.628049374 -0.0559592284 0.0841270983 -0.15723075 -0.364995956 -0.932102382 -0.319333315 -0.55075115 0.050035134 -0.309320986 -0.119403258 0.160609961 -0.0575014241 0.185167015 0.130875632 0.204044893 -0.298749506 0.111257546 0.245812386 0.319036901 0.0676945299 -0.130692184 -0.906666517 0.625098825 -0.310235769 -2.99105716 0.760443926 -0.443041354 0.276414305 0.397937417 -0.759600818 0.621037602 -0.226505384 0.0365634002 0.0817401707 0.40795821 -0.388241231 0.220017046 0.476426125 -0.5321486 -0.13816072 -1.69756389 0.26208204 0.495865703 0.480051965 -0.293778032 0.466024369 -0.0852634385 0.0963582397 0.530447304 -0.518617988 -0.277854204 0.381408364 0.0260948911 0.10442023 0.250970274 -0.214251965 -0.159200311 -0.464992523 0.261623144 -0.495971829 0.1154764 -1.7772845 0.0630437434 0.0679875091 0.0471953526 -0.0350470543 0.0505941994 0.0846164674 -0.429003596 -1.30621421 -0.962176442 0.637803555 -0.245690003 0.0961290076 0.504841149 -0.547316432 0.858159244 -0.00336944847 0.0270054936 0.131397426 0.762723267 0.18275924 1.15077138 -0.234757155 -0.492782325 -0.548967063 0.430547565 0.0813618973 0.249618024 -1.24015749 0.251811355 0.446595579 -0.0141431121 -2.26216173 -0.65473485 -1.16630578 -0.0729326606 -0.00638897717 0.850653172 -0.463717878 0.207017854 -0.0408674292 -0.387923479 0.0196593367 -0.50953418 0.0160017721 0.102289587 1.84341633 -0.0507361032 0.190998852 -0.218192607 -1.74880064 -0.135662854 0.452982903 -0.480223626 0.264550358 0.210523978 -0.0317163281 -0.014462553 0.216209948 -0.344064891 -0.927111149 -0.102573209 -0.0674781948 -0.0421987548 -0.310178518 -0.0520936064 0.384252757 -0.36554572 -0.242195845 0.157952145 -0.667047739 -0.0949420109 0.434037715 0.080531776 -0.224276677 -0.090154551 -0.0526902825 0.0566960648 -0.796570539 0.279150873 -0.32452032 -0.655110002 0.301193297 0.153083384 0.345745146 -0.82029289 -0.161631078 -0.968912005 0.176100045 -0.487503231 -0.468381017 -1.99163103 0.333741695 -2.08218384 -0.769656897 0.665701568 -0.492516339 -0.421209574 0.446485221 -0.902021646 0.030465968 0.342206001 0.190612599 0.0775224715 -0.446669281 0.287706435 0.472101301 -1.2437278 0.188943669 0.737007916 -0.779204786 0.122850507 0.103500806 -0.099707216 0.301378131 0.27268368 -0.611043632 -0.250580758 0.215303615 0.313042879 -0.24493663 -0.132344604 -0.101578943 0.307784647 -0.669813275 0.00226097065 0.0830233023 0.722802401 -1.17307949 -0.445991546 -0.132231295 -0.23875466 0.333414733 -0.850932896 0.236630663 0.924728572 0.213459536 -0.00605885033 0.32681793 -0.728241801 0.4309012 0.0914332271 0.126710698 -0.409225702 -0.283361167 0.00325641339 -0.410232216 0.280415744 -0.482727975 -0.474874854 0.021429453 0.474323988 -0.407029122 0.295114547 -1.04992497 -0.677161574 -2.92444921 0.412284344 0.0421860591 -0.265904784 0.339131653 -0.493282497 -0.367895603 0.531386912 -0.445841879 0.190063715 -0.0532783568 0.03776519 0.239875615 0.203599423 0.399847209 -0.141356021 0.32141763 -0.913399875 1.2727263 0.444141865 0.0221654829 -0.66168797 -0.809036613 0.169420317 -0.275914907 0.209964514 0.0767701417 0.176838756 -0.327223778 0.277533114 0.0925799608 0.462182939 0.108819894 0.218676835 0.183887497 -0.230713069 -0.786615968 0.392579824 -1.31495547 -0.629616976 0.38496241 0.277728826 -0.0129120303 0.0467602573 -0.369611621 0.529794395 -0.959710836 -0.126672581 -0.251637071 0.0329102874 -0.366089165 0.242422387 -2.16445065 0.265655547 0.0385495126 0.0223366674 -0.169699699 -0.806028843 -0.538507044 0.201971501 -0.000732814136 -0.631519616 0.465543091 0.0411621407 -0.0932550803 -0.377488911 -0.0356091186 -0.155800134 0.250238001 0.134024665 0.438021958 -0.271424413 0.292247653 -1.47562957 0.239418685 -0.193437994 -0.32233271 0.0257081687 0.0093065612 -0.722131193 -1.76030505 -0.607744098 -0.925826192 -0.182884887 0.417139769 0.0323108248 -0.18666555 0.0592663214 -0.344217479 0.22344619 0.298879564 -0.15293774 -0.444995672 0.0889235139 0.373849779 -0.181259826 -0.204974949 0.258830994 0.343210757 0.406009585 -0.0431692451 -0.175872266 -0.00526413834 -2.28817368 0.0831257626 -0.582464516 0.161999568 0.549847841 0.100053966 0.0180846732 0.159131885 0.042904608 -0.0178836398 0.541891992 -0.0241742786 -0.0660573021 -0.0809967145 0.157687262 -0.0270144008 -0.18963702 0.494058341 -0.645219743 0.360497504 0.842400968 0.119059682 0.0917609483 0.216242254 0.152598158 0.494627088 0.167749107 0.632466614 -0.348099738 0.106436983 0.474102288 0.245197996 0.295764357 0.216426611 -0.481997401 0.315782517 0.430773646 0.210403368 0.175854385 -0.179708362 0.279926181 -0.0788958743 0.511591494 0.780235887 -0.159017816 -0.0270583518 0.140702963 -0.0210894123 0.125291124 0.162625968 0.140942529 -0.00807313435 0.222653151 0.00892771501 0.0612470023 0.188267604 0.118247956 -0.253564864 -0.333894819 -0.122778617 0.630036891 0.0140537526 0.0223357361 0.625645578 -0.0645982102 0.162200019 0.222443417 0.160726324 -0.557555258 0.125362217 -0.336426049 -1.60642719 0.144970745 -1.16625619 -0.736139834 0.367357492 0.621288776 -0.0476840585 0.0338903628 0.655468583 0.0486247614 0.366391033 0.175695896 -0.220721737 0.126819 -0.172302797 0.251110345 0.192223921 0.450664997 -0.449265838 -1.39730585 -0.561486483 -0.0920531452 -0.398742497 -0.128097087 0.492116719 -0.186617002 -0.643126369 0.166898251 -0.430090606 -0.909683049 0.276697904 -0.304032087 -0.0471900143 1.18082249 -0.200257882 -0.38065505 -2.32221699 -0.309295923 -0.637553871 0.442622066 -0.396520048 -0.37818104 0.571697652 0.221584722 0.0230997689 0.121060833 0.232756391 -0.229492426 -1.19230878 -0.285424262 0.221092671 -0.70773375 0.0577867255 -0.282661945 0.277579904 0.219628692 -0.625311494 -0.0329552628 -0.0242669452 -0.166322514 -0.146182492 0.578058004 0.315424591 0.0670778006 0.340079606 0.174953222 -0.116953738 0.0831048861 0.184756234 -0.0693276376 -0.126105934 -0.575746655 0.114357434 -0.0356029794 0.870795667 -0.296722561 0.101221368 1.00153005 0.0734680891 -0.0388715379 0.427543879 0.457410038 0.163740709 0.334975243 0.34443137 0.0798742324 0.402328461 -0.409678012 -0.100596741 0.65669477 -0.228356779 0.209612459 0.1347076 0.461578131 -0.644588888 -0.795431972 -0.357338101 0.492179871 0.310822368 -0.435986459 1.06267083 -0.293609917 0.0228296164 0.122956447 -0.104548313 0.217286125 0.0599904209 0.0847794637 -0.316144377 0.313082159 -0.076187171 0.294463664 0.47279948 0.642319441 -0.369320095 -0.111541346 -0.4206222 0.926396549 -0.034730088 -0.450413138 0.19800286 -0.212726533 0.307602316 -0.194567502 0.25799036 0.210068092 -0.461979538 -0.0210415982 0.29064849 -0.735345244 0.458742559 -0.17094259 0.0554874949 0.546063542 -0.441758722 -0.555987179 -0.932487726 0.216334954 -0.120553568 0.31103617 0.026850991 0.451644182 0.122887731 -0.0414744914 0.399912149 -0.0161224753 0.441090554 -0.375364482 -0.115880787 0.100527681 0.0552164353 1.02481449 -0.50957638 -0.393962532 -0.189061224 0.108670667 0.0395094715 0.181507498 -0.424464792 -0.433218718 -0.0875517651 0.149682507 -0.196889281 1.19209564 1.32661355 -0.134972051 0.229870707 0.440967619 -0.528132677 -0.159698784 0.0329820029 -0.167983055 -0.488944024 -0.197742686 -0.328976452 0.366524756 -0.355370253 0.866761148 0.384012699 -0.368621707 -0.114190467 -0.21359846 -0.0677013025 0.515864491 0.62647891 0.0810980648 0.628100395 0.00292400434 -0.0620681569 0.316039413 -0.598623991 -0.289387017 1.39033735 -0.73175329 -0.0937356427 0.483420223 -0.0308630504 -0.377972692 0.215823814 -0.062737003 0.400355488 -0.204063252 -0.0486369096 -0.749480426 -0.0701813549 0.37801671 -0.371717513 -0.306139112 -0.151207015 -0.781243682 0.327897221 -0.565778911 0.487884134 0.149008304 0.207618579 -0.946741998 -0.839110434 0.00553813763 0.436254889 -0.215530723 -0.209851682 -0.221019804 0.202340215 0.220748872 0.0528406575 -3.36554337 0.652797878 -0.155851558 1.73625147 -0.0521525666 -0.613889694 -0.33984381 0.0776202157 -0.282559961 0.433042049 -0.481149226 -0.0240441803 -0.129218206 0.139728248 0.0885997936 -0.0260061659 0.382784575 0.0203757826 0.164978325 -0.0818630829 0.755362451 -0.0877517983 -0.215949386 -0.0310883503 -0.0426754728 -0.485216588 -0.475221127 -0.207122698 -0.165647283 0.180178002 0.264158159 -0.145833433 0.206505194 -0.237512231 -0.684294522 -0.417045355 0.0324814431 0.611719787 0.819029391 0.0658488572 -0.314590007 -0.999506235 0.69939065 0.130863756 -0.884936869 0.483442932 -0.177346841 0.695159733 -1.14159966 -0.773385525 -0.359370977 0.257425159 0.0110161165 0.221567065 -2.5650959 0.039663285 -0.0639074445 -1.18500733 -0.474709094 -0.60385716 -0.600357831 0.536784708 0.0451791175 0.224420711 0.0571599416 -0.523445785 -0.0608790703 -0.287209898 0.352342457 0.448042899 0.378649563 -0.458916962 -0.506369531 0.383298963 -0.0944283605 0.0993224308 0.00843504909 0.152853698 -0.353714645 -0.134169638 -0.0967110246 0.402069628 0.376736164 0.386344016 -1.77507675 0.217757687 0.0467348695 0.811131775 -0.321429223 0.181568071 0.638967037 -0.163613617 0.0138639221 0.454815745 0.145476073 -1.66879761 -0.590934336 -0.116564102 0.544743896 0.231511369 0.179074556 -0.552122295 -0.00585783273 -0.508349657 0.265645921 -0.0826351494 0.00763943465 -0.538867772 -0.150083572 -0.239641234 -0.161198303 0.0832169428 0.71317482 1.13729203 0.380937248 0.15101254 0.128819183 -0.172841102 0.0297274347 0.457032025 0.188722253 0.163588077 1.02191162 -0.486720383 -0.0646146834 -0.292497933 -0.190413937 -0.11903014 0.76286149 -0.32985732 0.694384396 -1.15956008 0.117122494 0.571487069 -0.207377821 -0.566112101 0.0168024097 -0.421565592 -0.00545194186 -0.630008101 0.251329839 -0.250229269 0.202059641 0.174590558 -0.0412473455 0.23389329 -0.345501304 -0.295002878 0.397857696 -0.151045829 0.63245374 0.391488343 0.405973434 0.501685679
tensor_linearrelustack0bias 64
0.392117262 0.447210878 -1.44160354 -1.11351073 -0.419959366 1.08304739 -0.875801861 0.612190247 1.39781451 -0.181451678 0.370108396 -0.839451492 -0.521492064 -0.564124584 -0.609677374 -0.305039257 -0.469147205 -0.0213575345 1.17191136 -0.30590567 0.00207181112 1.46317673 1.30054998 -1.36718142 0.576893926 -0.489577889 -0.265174538 -1.28143919 -1.13357556 -1.11107326 -0.0744260624 0.231281906 -1.29182494 0.182445794 0.277083874 -0.751834452 -1.17710006 -0.469316989 1.53265834 -1.90259027 -1.31268835 1.45864499 -0.569709599 -0.533041477 0.119596921 -1.65898538 0.00769501319 -0.522816241 -0.827477872 0.73028177 -0.760590136 0.600995779 0.637944102 0.298656076 -0.622580707 -1.05999899 0.083612673 -0.714768171 1.42198408 0.983781517 0.669102073 0.0884468481 -1.02198482 -0.790418506
tensor_linearrelustack6bias 1
-1.73342586
tensor_linearrelustack0weight 1344
0.3675749 -0.243219554 0.390039563 0.281699926 0.0328492969 0.270556569 -0.104182892 0.188108891 0.75381422 0.457776994 0.159295321 -1.49630666 -0.0819690824 0.522998214 -0.352084786 0.0217464566 0.280477822 -0.288300633 -0.286433578 -0.00210560416 -0.42360267 -0.118509471 0.177586377 -0.341552377 -0.143426538 -0.159357116 0.267791718 0.000216479879 0.0606052913 -1.2968775 -0.314456314 -0.15579468 1.26424444 -0.457982451 0.0253375582 -0.0165207218 -0.0861735865 0.548775256 0.157289207 0.030417785 -0.134252444 0.265656471 0.106207356 -0.582886457 0.0860957131 0.0967245847 0.104613319 0.016489584 0.0527197644 0.0605815016 0.168965563 0.039360147 0.289136946 0.308766484 -0.920206547 -0.55596 -0.699203491 0.00966483355 0.026218947 -0.37296313 -0.165071517 0.361261964 0.440818548 -0.146951064 -0.14814885 0.158351585 -0.0332815051 0.051622007 -0.0173991136 -0.0847982019 0.0963784605 -0.247069478 -0.639163435 -0.220665351 0.879467249 0.20104222 0.179095268 -0.00875861757 0.0428500101 -0.763498664 0.00667830044 -0.0622178838 -0.421324402 0.798133433 0.0903023556 -0.0701546371 -0.798915863 -0.139737651 -0.331856728 -0.0285812635 -0.240029842 -0.292592496 -0.785609603 -0.620810688 0.0624925345 0.706166387 0.48574239 -0.052099403 -0.444276541 0.0136490744 0.0512663983 0.038841892 0.146797612 0.128201827 0.505022407 -0.141344607 0.205001995 0.0560130365 0.194825292 -0.0585719272 -0.00272131106 0.114231274 0.0775078684 0.19190231 -0.0509460755 0.0158453193 -0.049799446 0.203796074 -0.0927246362 0.0919893235 0.0601235703 -0.475613534 1.12501168 -0.041655153 0.0676809475 -1.49116826 -0.269536644 0.0260105412 -0.308995306 0.0253915414 0.0459072627 0.198200688 0.196236357 0.281168222 -0.537407994 -0.198881134 0.668092728 -0.039859686 -0.38002795 0.640732229 0.0357526354 0.489728391 -0.0777104869 -0.231164053 -0.289735287 0.0401038304 0.249596342 -0.271548092 0.175282657 0.100700796 -0.176151603 0.122294702 0.574855983 -0.0859879106 -0.0222112723 -0.899079025 -0.20744279 -0.158907279 1.87894404 -0.0110455761 -0.22377938 0.2030209 0.0140247811 0.0273082256 0.465067148 0.0656987056 -0.0483918861 -0.249834552 0.00957559887 -0.0442235768 0.061552912 0.0512421317 -0.0376852006 0.0577428192 -3.32781492e-05 0.0819467753 -0.344787449 -0.17736347 -0.192801118 1.48105145 -0.296971709 -0.052766405 -0.248506635 -0.0511578359 0.0770323649 -0.0245847069 0.109383047 0.321113139 -0.591895461 0.0965748727 0.0350130908 0.0793570802 -0.104230694 -0.0349657275 0.104047485 -0.0109806079 0.136134893 -1.81548738 -0.644403219 -0.044266481 1.30036163 -0.320199966 0.0112450952 -0.535638094 -0.239232719 0.278483689 0.11772757 0.0919977576 0.0971793458 0.277428597 0.192107111 -0.0844585374 0.157132462 -0.456909001 0.450453132 0.180016637 -0.187676534 0.0457432754 -0.448282421 0.0440956987 -0.126197502 0.86848104 -0.264373153 -0.839030027 0.0956108198 -0.260099977 -0.251754224 0.891398132 0.515182197 -0.319878995 -0.699489713 0.0332147852 -0.00253563258 0.020437913 0.153801128 -0.0756587386 0.00709448336 0.0176172536 -1.22236192 -0.455486685 -0.166085243 -0.239340499 0.0784347057 0.604216397 -0.0917395949 -1.56259608 -0.080333218 0.761714518 -0.181938142 0.44931379 0.0727739185 -0.173121899 0.784267306 0.0434580036 -0.161132991 0.26965487 -0.353337497 0.544304252 0.0312744714 0.0524503961 0.318292171 0.536088765 0.101954833 -0.281019419 -0.911106408 -0.0102325426 -0.13833873 -0.156486601 -0.535380661 -1.26473022 0.423262715 0.493949175 0.0870782956 -0.0218662173 -0.135375082 -0.247718588 0.0495006554 -0.125013292 0.000563711277 -0.0373461209 -0.0468108915 0.00749375252 0.565513372 -0.526359022 -0.0712355301 -0.676157236 -0.624311864 0.449301898 0.104360454 0.22321409 -1.63051832 0.767546415 0.0898635462 -0.0593144633 0.265386224 0.1694085 0.528511584 0.285879195 0.291549802 -0.790617347 0.0551515892 0.0499283299 -1.15467703 -0.997105539 0.180232704 0.954873741 -0.592910469 -0.0708226636 0.00733383792 -0.193876013 0.517041564 0.235085338 -0.316962212 0.0804693922 -0.40225774 -0.354297549 -0.0702024847 -0.0211720169 0.0619021952 0.0166813657 -0.0299629904 -0.04720065 -0.0142735383 -0.17386803 -0.0966382921 0.0421746969 0.258091569 0.272717565 0.193805858 0.490668535 -1.6855979 -0.395620197 -0.467833966 -0.289875984 -0.140250608 -0.377220839 0.470228136 -0.612231553 -0.422594309 0.0867438465 0.16036348 -0.304667413 0.150199622 0.0868287086 0.852003634 -0.281530052 0.181911245 0.323256463 -0.221599191 -0.438298583 -0.0383884609 0.0916306525 -1.7555325 0.269265115 0.0984084085 -0.0637985393 -0.251802981 -0.541447103 0.321420431 -0.204655796 -0.200710803 0.0224763546 -0.119137481 0.0575341061 0.0928729549 -0.582204044 -0.381843507 0.18870087 0.27390945 -0.486309767 0.177226722 -0.176108494 0.20401822 0.189925253 -0.0704218522 -0.321490288 0.0948790461 0.173622593 0.102995552 0.271356821 0.00413005752 0.0102533503 -0.0631387755 0.479878962 -0.188393503 -0.145123199 -0.432327151 0.159957856 -0.104914531 0.57754755 0.629413843 0.0954464078 -1.13658452 -0.0469260216 0.361561924 -0.100580812 0.38117376 0.0751119107 -0.846167564 -0.0707409233 -0.276942015 0.348353595 0.538815677 0.0281836707 -0.649777114 -0.0860277489 0.0819905922 -0.273787171 0.763999283 -0.00278879283 0.112366095 0.10512007 -0.183788344 -0.770196915 0.121888287 0.153212801 0.249453023 -0.0707357749 0.4501791 0.274619162 0.387249649 0.00855724048 0.0527251251 -0.194553897 -0.186659768 -0.115255043 -0.0941247419 0.00913084112 -0.163185909 0.0416208096 0.360605061 -0.700115561 -1.2651279 -0.133919507 -1.21832812 0.067239143 0.436918914 0.434579939 0.51189822 0.0620316789 -0.217931926 -0.0853741989 -0.0153319174 0.0157424118 0.0486939661 -0.0322360992 0.00651859678 0.004220929 -0.0420115963 -0.130714715 0.07682807 -0.0338250734 0.061900612 -0.0415766612 -0.126315445 0.126133874 -0.0504451357 -0.0936426669 0.105430841 0.0816640705 1.09015226 -0.933673799 -0.00933593232 0.22705555 -0.0332161598 0.061850749 0.0532094017 0.0285802037 0.00359973381 -0.012369941 -0.0704376176 0.0570878759 -0.00894425623 0.00162704301 1.03021562 -0.135435671 0.00945583545 0.0482645519 0.254136264 -0.629252076 0.0767737925 0.102099881 -1.08969688 0.100256667 -0.0697089061 0.0829511881 -0.0253368206 -0.0658938959 0.114754967 -0.0102789914 0.0145573867 1.22789502 0.324962467 0.127239436 -2.13798881 -0.368492723 0.0900343657 -0.0550429635 -0.0987015143 -0.216512695 -0.00608081603 0.0292466562 0.00668240618 0.35022974 0.118516915 0.210778192 0.234137505 -0.159098044 -0.225928843 0.126640409 0.0443876721 -0.00214421004 -0.746064723 0.080862768 -0.183912769 0.716495335 0.358214319 0.0920829922 -0.415710419 -0.0376083516 1.00298607 -0.912699342 0.188386887 -0.349460483 -0.945228934 -1.19215631 0.152972564 -0.0561035499 0.0746541843 -0.00662986469 0.133831471 0.187083602 0.102268025 -0.299484372 0.0890002325 -0.568730772 0.331740677 0.357734054 0.889543831 -0.387992144 0.0446425825 -0.0439697579 -1.04549456 0.076566875 0.373886645 -0.332618266 -0.0512895398 -0.349833339 0.328220457 -0.288745135 0.185541213 -0.306417495 -0.107186496 0.150012106 0.20573622 0.0211354103 -0.150149181 -0.12176729 0.175723985 -0.30441907 0.0504767597 0.0977533534 0.406285137 -1.87173498 0.392135918 0.315580755 0.0110352384 -0.424358249 -0.28966096 -0.349235356 -0.22650902 0.0976548791 -0.396876991 -0.0955177322 -0.0175029393 -0.794344664 0.239520207 -0.0319760852 0.270949572 -1.26958477 0.00164199155 -0.0159985181 0.0320548005 0.683792472 0.10607063 0.0764776766 0.145204827 0.683365822 -0.594014883 0.119391985 0.162428126 0.0613659918 0.380266756 -1.43008137 0.144104198 -0.0318335518 0.648133874 0.128295168 0.37135157 0.0441918299 0.197997212 -0.129677638 0.0403720997 -0.0449539833 0.379790634 0.325352639 -0.0765347704 -0.100508139 -0.96841234 -0.156090885 -0.016683301 0.0129025029 0.0691050142 0.0765381381 0.113835461 0.586483419 -0.0113927219 -0.0168668721 0.827047706 -0.148992985 0.183111921 -0.754103243 0.642317951 -0.23452425 0.0736356825 -1.46582687 0.515283167 0.182699159 0.0374548286 -0.201611757 -0.174618915 1.12895191 -0.465955406 -0.327475399 -0.280605644 -0.0717457384 0.052422341 0.0190500505 -0.928785205 -0.495978117 -0.138124377 -0.349243432 0.278847098 -0.201880544 -0.189900964 0.668021262 0.732106328 0.296436071 0.433670729 0.188905999 -0.328889579 -0.200704575 0.0702289417 -0.123630844 -0.190750107 -0.136393666 -0.0922853723 -0.166038841 -0.00519195013 -0.115709938 -0.252927631 0.00263247709 0.0852018818 0.0855444074 -1.75189483 0.0207723882 -0.0723734722 0.0936980247 1.12249732 0.625456989 0.0656473488 -0.0162400957 -0.367904842 -0.296523482 -0.29136467 0.187634438 0.279996037 0.115469001 -0.134536803 0.0829495713 0.105944037 0.764412224 -0.0267564207 -0.626728237 -0.829701602 0.122946814 -0.261343539 0.0573466569 -1.27206969 0.544830024 0.0468542203 0.416942865 -0.191088527 -0.488575846 -0.0613829345 -0.726851821 -0.335253388 -0.0840113834 -0.413533956 0.0195714179 -0.338980764 1.04381084 -0.619403422 -0.320078194 0.00969242491 0.647654891 -0.364075989 0.439010859 0.231241584 0.078506656 0.329384536 0.108582474 0.116418615 -0.59478271 -0.340356261 -0.0389685445 0.202052742 0.182374746 0.0819343626 0.0938767195 0.0205764882 0.0203127004 -0.866653621 -0.221013263 0.126919091 1.63179886 -0.171430811 -0.0142002273 -0.266272664 0.0646193475 0.67028904 0.247072801 0.148196936 -0.974802077 0.0622028634 0.26982829 -0.372936696 -0.0114739332 -0.0361109264 -0.0359663889 -0.232852444 -0.183672413 -0.0487699285 0.386936814 0.388504386 -1.16513419 0.24049975 0.339803994 0.705025554 0.169937998 0.268008977 -0.38567394 -0.575900912 -0.375150472 0.0394365191 0.269958735 0.000382785802 0.223716393 -0.0354195461 0.0993064716 0.558164001 -0.398062646 -0.0263201501 0.10493885 0.197660223 0.127914026 0.0820739344 -0.392535567 0.211448282 0.381973356 0.455598742 -0.257553071 -0.15378575 -0.288654178 0.658768296 -0.425100595 0.0376910865 -0.505215168 -0.436734766 -0.384147406 -0.271424234 -0.499488413 -0.0887044519 -0.271443248 -0.454360962 -0.683953047 -0.652028978 0.313145995 -0.152599648 0.24321036 0.264034808 0.848013878 -0.0813437998 0.0441171676 0.414616734 -0.000936437631 0.304911792 0.0348083414 -0.0928120762 0.175041929 -0.0105992053 -0.00944521371 -0.0201284178 0.00228187675 -0.0371995233 -0.0100614661 0.0897579715 -0.0101110879 0.0681524575 -0.00270560267 0.00103078771 0.0319725499 0.276605338 -0.00357938046 0.6822505 0.00720995618 -0.133118972 0.0904485509 -1.34080136 -0.0343800522 0.0265797582 -0.0761506706 0.0851465017 0.0239425469 -1.23796964 0.0966383815 -0.00495253969 -0.11635308 -0.214680135 -0.102217011 -0.0586731173 -0.705307424 -0.135472089 0.233495459 0.0302116368 0.294392526 0.25569737 0.0406623781 -0.19444035 -0.02834877 0.0217008665 -0.261197448 -0.220035657 -0.0528094135 -0.275888771 0.0293945465 0.0671408251 -0.00962499157 -0.215060964 0.0622380562 -0.309175611 0.228727669 -0.0662855357 -0.696242511 -0.709696949 0.2499706 0.740367651 0.497338831 -1.440938 0.185613215 -0.105768986 -0.0790817663 0.1402089 -0.077741757 0.0439295843 0.0655991882 -0.0157199334 0.0743268952 -0.0256971698 -0.0472929776 0.178733021 0.0190127939 0.0805848092 -0.306816846 0.923974216 0.049693495 -0.0185810588 0.349430412 -0.0982404128 -0.166559771 -0.0881661549 -1.60397744 0.320900768 0.700128496 -0.119845614 -0.00554575957 -0.0881615505 0.103354253 -0.147624433 0.143446133 0.550467014 -0.63240695 -0.410328269 -0.695394099 0.203064293 0.575035572 -0.137710959 -0.907141984 -0.0375733264 -0.500759602 -0.131775036 -0.45821473 0.0312923081 -0.209841043 -0.104135394 0.50244391 0.00675205979 0.0465439931 0.3297607 0.0602235086 -0.273722589 0.509819388 0.350021452 0.219855949 -0.167151436 -0.27583915 -0.505049527 -0.235738143 0.183090195 0.109211169 -1.33638036 0.693989575 0.441828519 -0.153697118 -0.0478090085 0.249738187 0.151885882 0.285091281 -0.0341378562 0.276474744 0.138802275 -0.00558783347 -0.0276722554 0.762647331 0.270916909 -0.328741103 -0.404272586 -0.544824243 -0.407472938 0.0192382727 0.653716564 0.55309552 0.65409112 -0.580062628 0.078177765 -0.171664521 -0.294117361 0.206290126 0.148029834 0.110823065 -0.00275539816 0.00434742356 -0.0891977921 -0.124539919 0.147881061 0.124853984 -0.709985614 -0.316734105 0.0540065281 -0.121015862 0.00522364071 0.0970013961 -0.0734902695 -0.0945550054 -0.0592286661 0.657995224 0.0242224839 0.157757431 0.176143751 0.154416442 0.435907453 -0.345766366 0.574712932 -0.355970502 0.14318347 -0.473308176 0.383533955 0.817392409 -0.0671857297 0.688893497 -0.178762391 0.166809976 0.288091063 0.173982084 -0.360680044 -0.0564741939 -0.293128192 0.454105645 0.302136838 0.958675206 -0.075791426 -0.092190057 -0.00281053083 -0.0602992065 0.283458471 0.834443569 -0.512815356 0.175240278 0.126859635 0.261688232 -0.0408539176 -0.361201227 0.246530518 -0.0401391611 0.130293861 -0.855691016 0.209450796 -0.0982096121 0.173354074 0.00231004623 -0.607234538 0.200222015 -0.0277459063 -0.0146136563 0.0837166533 -0.0478583984 -0.884325743 -0.0512093157 -0.193593785 -0.076044865 -0.255017459 -0.489135832 -0.266828656 0.229179651 -0.353801191 0.0100535909 0.311612517 0.63137579 0.515177548 0.34661749 -0.0623711124 -0.0462963879 0.397695899 -0.0627252609 0.169553757 -0.130157188 -0.0847320631 0.0199810583 0.0501007065 0.174585387 -0.0873961225 0.258773595 -0.194519714 -0.159678847 -0.0754989162 0.378905535 0.140585229 -1.66297281 0.0477815159 -0.513185143 -1.06004715 0.620108962 -0.229350716 0.0447488613 0.0414301045 -0.00717385905 0.0213789549 0.116800897 -0.221387938 -0.365409881 -0.526018441 0.241935939 -0.285190284 0.282060862 0.834852874 0.457756639 0.501961648 0.0611340627 -0.267086327 -0.413575679 0.117983654 -0.0520693772 0.114081658 0.290865511 0.206797302 -0.244380206 0.849979341 -0.0658477619 0.287243158 0.184763715 -0.125784054 -0.0288271569 0.339628816 -0.718153298 0.205414757 -0.101091944 0.15616791 0.116920494 0.175839037 0.261395663 -0.467455387 -0.043605037 -0.163720891 0.248772457 -0.107789136 0.27792725 0.147667408 0.11967466 -0.151698828 0.595138609 -0.384623557 -0.177686378 -0.0293827299 0.886353493 -0.173821673 -0.241748422 1.04257345 -0.0486366786 0.0163624417 -0.00880163163 0.103585757 -0.230500326 -0.472670734 -0.825759768 0.178747937 -0.428356141 -0.367936999 -0.473922044 -0.404955655 -0.24287799 -0.3175776 -0.731297135 -0.39827168 0.080598332 0.735534728 0.129617423 0.165169999 0.210688263 0.0269683488 0.878383398 0.0286225025 0.307686776 -0.362640262 -0.0198252834 -0.227061212 -0.149281219 -0.480785221 0.188097402 -0.0266353637 -0.0134036271 0.017150471 -0.0954746678 0.358728886 -0.0843725726 0.103460699 0.0567073226 0.172524333 -0.682486534 -0.00131626567 -0.121222578 0.735928118 -0.461171806 0.306848675 -0.24306801 0.43478325 0.254094511 0.0282152798 0.201624781 -0.467924416 -0.320297658 -0.0543093383 -0.0667156652 -0.0733400434 -0.367544174 -0.110072799 -0.296525538 0.124330141 -0.677913189 0.53733182 -0.415103525 -0.0614095442 -0.732577801 0.389356792 0.212711185 0.114131145 0.593807101 -0.0563988239 -0.130272716 -0.394852966 0.00515656918 0.287642658 0.124101624 0.450331271 0.437932491 0.495012343 -0.327431023 -0.247708857 -0.654462337 0.322029322 0.225371316 0.210741267 -0.349981576 0.513240516 -0.234675243 -0.669679105 0.137033597 -0.114718013 -0.155832648 0.461860061 -0.414054632 -0.367749095 -0.0914796889 0.0810169503 0.0146004194 0.122449055 -0.430707902 0.162128866 -0.0508252084 -0.5014714 0.165528148 0.333809167 0.322991163 -1.00235212 0.351094723 0.0487974584 -0.217957079 -0.254857987 0.185251862 0.423148036 0.476683885 -0.077751942 -0.154541895 -0.175832123 -0.0484597199 0.023879705 0.0901316181 0.374775916 -0.302948356 -0.133411825 0.617805898 0.318882465 -0.235632911 -0.369691759 -0.0585805997 -0.236190587 0.159945711 0.395578355 -0.370361626 -1.00059557 -0.784107924 -0.055579748 -0.0931734219 -0.0547470003 -0.0820543095 -0.0199552272 0.0209462978 0.0480669029 -0.12687546 -0.262570113 -0.0307205953 0.306472331 1.48755181 0.0308521483 -0.0496322066 -0.138386175 -0.0782080144 -0.0673256889 0.0931527913 -0.0678088665 -0.804688096 0.323720932 0.2446208 0.11955256 -0.147254914 0.0525670387 0.117297523 0.0624383017 0.129152849 -0.702316821 -0.21879214 0.112911448 0.514898598 -0.625489831 -0.0513600893 0.27163434 -0.0272429604 0.734452009 0.33343792 -0.968590617 -0.0451297574 -0.95756942 0.201665372 0.0723797902 0.331214875 0.145719171 0.2610991 -0.21562995 -0.168861315 -0.174955517 0.156996861 0.266863078 -0.144571081 0.381683618 -0.448575407 -0.838564754 -1.09631395 0.172115818 1.03056335 0.489643425 0.897554338 0.0641350225 -0.413359821 -0.380987525 0.190994173 -0.155039042 0.175652891 0.344018549 0.0512583368 -0.0383155234 0.0267680939 -0.722709775 0.447740018 0.20611158 -0.028571045 -0.409587473 -0.516963243 -0.597626448 0.502537072 0.0938039497 -0.695061028 -0.557439029 -0.00874019414 -0.037125323 -0.211416408 -0.216273785 0.0740063488 0.197214901 0.0205705967 0.244348824 0.0728372335 -0.0416687243 -0.276766956 0.323520035 0.0591674708 0.644496143 -0.225004971 -0.490889639 -0.124481671 -0.0496424288 -0.958179235 0.0763365403 0.367675096 -0.183778927 0.527668953
