tensor_linearrelustack6weight 32
-0.053120248 -0.258980215 0.443991333 0.220808551 0.456933528 0.327207386 0.389440119 -0.196419299 0.359627903 -0.0579008684 0.313162476 -0.0504297316 -0.0668153986 -0.30797413 0.297321618 0.288083434 -0.118874691 -0.168549091 -0.339520276 -0.0934206098 0.468988597 0.285983443 0.373215675 0.343711942 0.0579077117 -0.148916125 -0.111992262 -0.0641045719 0.335704982 -0.534295797 -0.259986103 0.567317903
tensor_linearrelustack3bias 32
0.284961134 0.21540682 0.734385967 0.466799527 0.249075621 0.651181161 0.438373506 -0.120560646 -0.0603636913 0.131592184 -0.101983577 0.0608420633 -0.0573836789 0.800687253 0.145278484 0.187204197 0.25642249 0.554553747 0.291395307 0.692617178 0.301672935 0.684989691 1.28956699 0.677149296 -0.115402944 0.544086277 0.647530019 0.161749467 0.52191323 -0.278595597 0.208540186 -0.988753498
tensor_linearrelustack3weight 2048
-0.151142076 0.0859247372 0.0621126592 -0.306617051 -0.140965462 0.355563998 0.378697813 0.0321451016 0.766851544 0.417577505 -0.773021877 0.392622739 -0.189945519 -0.77651602 -0.217102155 0.23533079 -0.172767118 0.107561797 -0.00627172366 0.46846661 -0.031916678 0.681008279 0.402742594 0.285031885 -0.124466568 0.151279822 -0.0423857234 0.181468159 0.327035517 -0.110091589 0.0526035689 -0.188253239 0.315397441 -0.136056751 0.128987849 -0.243131861 0.0958715305 0.149725676 0.0186791942 0.276404142 0.084285982 0.22255078 0.293746769 0.174811512 0.393592 0.14872162 0.562648118 0.0528086647 -0.117289536 0.0284009147 0.678559601 -0.2123546 -0.245476484 -0.0407569632 0.191297859 -0.0729815215 0.223475114 -0.0515651479 -0.216767386 -0.0505664907 0.303838313 0.205857053 -0.173677072 -0.587908626 0.768316388 0.144375503 -0.32533136 -0.122646742 -0.401364475 0.233797893 0.685018837 0.0437499247 -1.01205027 -0.0812397599 0.248702303 -0.607725739 -0.238568738 -0.198292658 0.196058735 0.683430314 0.457510859 0.0456606783 0.0288169235 0.202556446 0.856663167 -0.0300279018 -0.286191106 -0.000969306799 0.762174726 0.177850485 -0.106854945 -0.0398111306 0.264079899 0.328797489 0.0672036856 -0.923958778 0.0627786443 -0.299127042 0.173121691 -0.486396104 -0.278277755 0.319906145 -0.725145161 0.0214601904 0.0458800942 0.25798142 0.392310053 -0.271716386 0.405831695 -0.854266524 -1.13058758 -0.137419447 -1.17817926 -0.0128153889 0.664936423 -0.208368689 -1.1180439 -0.129209906 -0.548266351 0.557627261 -0.163756475 -0.519236028 -0.989744484 -0.219458535 -0.231074095 0.684064627 0.414581984 0.0431860872 -0.532571971 -1.40033233 0.280728936 -0.775949121 -0.502258599 0.0438944064 -0.225839898 -0.303995371 0.592144191 0.162202269 -0.189529583 1.37910271 -3.76065993 0.291102201 0.510041773 -0.347277611 -0.050190255 0.00386070181 -0.167920366 0.163132936 0.73363471 -0.0755270571 -0.442229301 0.563820183 -0.192903787 -2.90664434 -0.411236286 0.131130517 0.0700236633 -0.00765398797 -0.3626903 0.519304514 -0.00702023599 0.180208519 -0.348365337 -1.46287906 -1.21446323 0.0265527256 -0.751648843 0.489646673 0.394626886 -0.248208255 -1.4994669 -1.1396575 0.463198543 0.215281218 -0.16887483 -0.171795398 -1.11428344 -0.0642411932 0.649501562 -0.225669697 0.0483080447 0.448631078 -0.285870939 -0.499912024 0.130017549 0.139081761 0.0191862769 0.0743733197 -0.363270372 -0.333437294 -0.742848933 0.431981981 0.176847652 -0.124342389 0.172596619 -0.538574278 -0.804997146 0.341357768 0.0907545164 -0.11324764 -0.76214993 -0.0246929564 0.677993655 -0.381034553 -1.18005705 -0.393063188 0.336626112 0.789613783 0.0867592394 0.374213725 0.341455042 -0.0817050561 -1.28665221 -0.363798589 -0.0906310678 -2.58008981 -0.481504172 0.190934628 -0.259203851 0.811183333 0.119493812 0.910957575 0.0649009049 -0.360255271 -0.190973669 -0.32003653 0.149831936 -0.337685019 -0.350961983 -0.608839333 0.205020905 0.289661139 -0.0500728004 0.363688171 -0.0377559662 -0.166061342 -1.41221261 -0.627950907 -0.370781481 -0.330513239 -0.269537628 0.360790163 0.714416683 0.561845541 0.711830437 -0.189134836 0.0865843445 -0.0826571435 -0.00135571754 -0.656868041 0.178682595 -0.350100011 0.30275923 -0.145066842 -0.403563023 0.541770339 -0.337226182 -0.291255504 -0.947255909 -0.213271022 -0.118655078 0.124931008 0.338300347 -0.0277784392 0.423500419 -0.738423765 0.0110788718 -0.363317549 -1.05433905 0.138773203 -0.436100245 -0.306583256 -0.446136206 0.124707073 0.0337913632 0.02423249 -2.11998749 0.46761626 0.498824626 1.04466701 0.293317795 -0.313878924 0.775368989 0.516663909 -0.317414343 -0.0130352313 0.141773105 -1.03063893 0.183848888 0.0792134628 -0.294792503 -0.630735338 0.910130918 -0.0798599571 0.440053046 -1.05415094 -0.132063374 -1.37854862 -2.81703877 -1.18235219 -0.646359265 -0.0413811468 0.0996716842 -0.0845133588 0.0991528109 0.0205548368 -0.274666667 0.130343437 -0.395901829 -0.150468618 -0.676136196 -0.25468114 0.0991638079 -0.356128901 0.897465885 0.461758226 -0.225561008 -0.0496373996 0.358852893 -0.537259042 -0.108511955 0.158265516 0.29024139 -0.00685040001 0.652989984 -0.354918987 0.230357558 0.196944192 -1.37140048 -0.162738964 0.0785370842 -0.380136222 -0.259756535 -0.11203222 0.11664743 -0.661789775 0.351403236 0.917348862 0.64128077 -0.446117193 -0.00877642352 -0.410727412 -0.766019523 0.0784995705 -0.550781071 -0.295064718 -0.229643717 0.301743895 -0.198483855 0.390713751 -0.219908401 0.367807657 -0.522453904 -0.190947354 0.332859695 0.021889301 -0.1931528 -0.745580018 -0.42073974 0.227676824 0.217578754 -0.423144758 0.370203108 -0.540119529 -0.348398775 0.102617554 -0.389791638 -0.0383409597 0.116806157 -0.164661065 -2.31927013 0.149469331 0.302209705 -0.750518799 -0.231691107 -0.172349781 -0.335564405 -0.111461334 -0.27580452 0.0694219247 -0.0468659177 -0.119964041 -1.3323406 0.0758282542 -0.357587218 -0.128087565 -0.572271526 -0.155142203 -0.155970976 0.521697164 -0.120326094 -0.381798357 0.278830022 -0.00859287474 -0.171602041 -0.390412956 -1.11607778 -0.165745035 0.200416133 0.650958419 0.151797384 -0.148168147 0.376618117 -0.276361614 -3.20455337 0.880755723 -0.523634017 -2.52318835 0.212831274 -0.504691482 0.26140824 0.430570066 -0.0400034189 0.309792221 -0.173252314 0.147986844 -0.317270279 -0.188988507 -0.0827307329 -0.460796624 -2.13751173 -0.213531226 0.473258346 -2.22873449 -0.268957853 -0.248972058 0.800753832 0.0588048995 0.0818964168 0.0188958459 -0.0384450965 -0.383886397 -1.01463127 0.000131282912 0.404860467 -0.969444156 -0.0114566609 0.420476288 -0.00522964029 -0.363835454 -0.254307598 0.39214918 0.674111307 -0.797351122 -0.00722800894 0.256295919 0.125146046 0.500373363 0.259179562 -0.500903726 -0.397821128 0.425434977 -0.730082512 -0.193457738 -0.0165597592 0.541767001 0.503124177 -0.306367964 -0.481599748 1.56951678 -0.119932182 -0.0384461991 0.231904343 0.86744678 0.370660126 -0.151129216 0.200859904 -0.211379021 0.175194368 0.939290285 -0.712219357 -0.134550408 -0.379800677 0.208371505 0.261765927 -0.0371609107 -0.128269419 0.434566915 -0.213104233 0.429874808 -0.759399772 0.334800005 0.0432466865 -0.243719906 -0.156219006 -0.694200337 0.116767697 -0.533308685 0.0198529549 -0.0431506 0.401255518 0.288813323 0.202701822 0.98261112 -0.217260867 0.42261523 1.22595656 0.267103553 0.182455599 -0.221130461 -0.360767215 0.64320296 -0.153515831 0.353265941 -0.607651949 0.553062558 -0.236353233 -0.448871583 0.108598985 -0.288574368 0.59856987 0.256546825 0.743386865 0.082199581 -0.0337030068 -2.21854544 0.203800023 -0.893427491 0.295110166 -0.00250680232 -1.66563714 -0.180493921 0.872240067 -0.238761842 -0.807663977 -0.592537284 0.0961181298 -1.01792789 0.210597008 -0.485704541 -0.270525396 -0.279339254 0.543486774 -1.06740105 -0.622901678 1.24649131 0.127520859 -0.647308588 0.126472607 -0.174744606 -0.0028076421 0.2316892 -0.0282631144 -0.227016062 0.623266935 0.420556992 0.0446355604 -0.0550744906 -1.67201304 0.286947519 -0.00469276309 -0.18616578 0.29971832 -0.272594631 -2.59258246 -1.34269238 0.043430388 0.458708614 0.164277926 0.00243577128 -0.0149548743 0.0196966771 1.36852908 0.224595368 -0.552257061 0.615621448 -0.205148488 -0.0663002878 -0.0330316015 -0.863580883 -0.131764948 0.557364106 -0.217955217 -0.446057558 0.185251161 -0.0282221548 -0.170590147 0.0912762582 0.289959401 -0.700475812 0.0887703672 0.226224393 0.421971887 -0.157743812 0.813787937 -0.0933739543 -0.0875777081 0.111305632 0.291955501 -0.0229679141 0.0694719702 0.790908217 -0.14093031 -0.118899599 -0.534223735 0.390973657 0.190518945 0.545167327 0.490434557 0.652864516 0.109117426 0.230665579 -0.0362700447 0.427006036 0.320832253 0.260419995 -0.105603687 0.0228852332 0.307766527 0.121087447 -0.256163001 0.0465761013 0.158551812 0.166179746 0.316356659 -0.0720012113 -0.103553526 0.0531063452 0.519123971 0.111413389 -0.0448892862 0.0373278484 0.329933763 0.375670433 -0.041879259 0.182279691 -0.00104569364 0.0427759513 0.0904911384 -0.168571681 -0.0559466891 -0.0793015435 -0.248934507 -0.0879207402 0.217085078 0.224098817 0.401145726 -0.294497281 0.00662997505 -0.548179805 0.0736337081 -0.672024846 -1.68255222 -0.421009988 -1.08140755 -0.604337454 0.11427334 -0.120210432 -2.27112174 -0.861706436 -0.329754829 -0.420336068 -1.36567068 0.236668184 -0.186573893 0.724019647 0.159751832 -0.120231204 -0.229012012 -0.599191308 0.122001983 0.127499849 0.08162947 -0.97642678 -0.511807859 0.0446950831 0.481861144 0.490904391 -0.229432732 -2.11078072 0.130121812 0.375457764 -0.0904750526 0.0933284014 0.00155564002 -0.08832407 -0.291414142 0.30837661 -0.211184233 0.140046641 -0.247000501 -1.15981829 0.480303317 -0.0543044135 -0.136707932 -0.354892999 -0.318310678 -0.2074828 0.132767871 0.0729318857 -1.38203979 0.0820699111 0.779827893 0.236712053 0.571896911 -0.620155513 0.0330614783 -0.460993499 0.90462327 0.136122137 0.068920292 -0.114269212 -0.114111997 -0.832571149 -0.0393094756 0.0230539776 0.0434018038 -0.406579345 -0.0036406233 0.547666311 0.386712909 -0.0475873612 0.69404763 0.0879171118 -0.274436504 0.215323225 0.299439609 -0.194096088 -0.202724189 0.857732117 -0.057824824 -0.0288147386 -0.29295072 0.271718115 0.13325265 0.58055687 0.521377206 0.550302327 0.107871003 0.322873116 -0.0802593231 0.404076666 0.575888216 0.152148828 -0.0563304238 -0.163934767 0.515658319 0.0479370095 -0.0225303303 -0.0130780153 0.0276928414 0.355597109 0.174053341 -0.0407666527 0.0876810253 0.0239728577 0.3577016 0.234002382 0.127316177 0.187813655 0.422630608 0.26379329 -0.299927801 0.140987709 0.556574583 -0.127265617 0.0722732246 -0.19841592 -0.0076768049 -0.0428596921 -0.205398336 -0.306971371 0.162744924 0.0669639558 0.15025948 -0.256001532 0.253412217 -0.360852122 0.0531449206 0.184913859 -0.0655657277 -0.111750931 0.182224363 0.201781571 0.678708434 0.146831706 0.763061464 0.128767371 -0.651283681 -0.135946766 0.0966446325 -0.126627848 -0.0725949705 0.536820531 -0.0761629641 -0.0937180296 -0.45017156 -0.024710143 0.061162129 0.413955867 0.0805151537 0.268093407 0.147250637 0.00620620372 -0.00888481364 0.508661091 0.397123605 0.298466325 -0.213409513 -0.0844505429 0.322677761 -0.279364198 0.239998475 -0.0679710805 0.456989437 -0.00989619177 0.569439054 0.0569393635 0.239034131 -0.292728484 0.0980206057 0.203863516 -0.0761758983 0.206338093 1.09128308 0.797601283 -0.105608322 0.123027265 0.46908322 -0.240108043 -0.0834333822 -0.130630851 -0.00899975933 -0.1245405 -0.052498132 -0.0879454464 0.437797308 0.275998473 -0.0798302218 0.0343471505 0.272069663 -0.0672141016 -0.989028931 0.370906711 0.00436457898 -0.155586645 0.124061532 -0.480659753 -0.0640599653 0.0671264753 -0.107218295 -0.536535859 -0.171892345 1.32687342 -1.81893492 -0.826717257 -0.414125353 -3.65734935 -0.155523241 -0.975494862 0.254450381 0.015681833 0.458064795 0.438260168 0.444898397 0.297623873 -0.704652727 0.273385346 0.00352248852 0.120924383 0.0477501303 -0.00749847572 -2.57846022 0.275391459 0.115395464 -0.373110294 0.0262229815 0.0731614456 -0.0363829769 -0.160974935 0.0623028986 -0.0532490499 -0.185037509 0.0744054019 0.85558337 0.527280867 0.148975417 0.170302019 -0.502759159 -0.357338101 0.088467747 -0.560026646 0.159758672 -0.0905774534 0.0467326678 -0.142274782 0.724565387 -0.0955956727 0.149406105 0.515468001 -0.0249151029 -0.525236666 0.446443021 -0.200341046 -0.0938711315 -1.14119172 -0.26298514 0.175174057 -0.267588854 -0.527022064 -0.258981973 0.295231342 0.334736526 -0.997595668 -0.774535835 0.288930774 -0.122417547 0.0385256223 0.54578948 -0.134895012 0.244317845 -1.09422946 0.149170876 -0.170932591 0.880657852 0.545480132 -0.0945744216 -1.21829522 0.217310831 -1.55115044 0.132170528 -0.074096933 0.178320408 0.299608916 0.298042744 0.280861616 0.327878386 -1.1076808 -0.173530042 -0.677793384 0.110317543 -0.0230553728 0.0518379398 -0.435034335 0.235756636 -0.892102122 0.0663778409 0.355001271 1.01014435 0.290007293 -0.58394444 -0.288453043 -0.996672332 0.163945735 -0.389253765 0.648748696 1.07942283 -0.0586512201 -0.0118706096 -0.43312341 0.107759058 0.335090816 -0.0427553877 0.0111431656 -0.175678745 0.31881547 -0.861895621 -0.182718664 -0.127337411 -0.0491626486 0.106585555 0.0818274841 -0.488378882 -0.133862466 -0.0283336248 -0.344324678 0.192174494 0.242656395 -0.334444702 0.134591013 -0.683332086 -0.769599915 -2.95012999 0.173793837 -0.111032307 1.78381872 0.414151907 -0.772141933 -0.312020302 -0.150985047 0.919252813 0.176105708 -0.188793913 -1.40647542 -0.452283263 -1.09571373 -0.394389719 0.566400051 -1.22659993 -0.441248238 -0.0208405256 0.484306991 0.510355473 -0.0496723279 0.228244796 -0.0183481071 -1.04702663 -0.000326553971 0.136940598 -1.11631036 0.163744971 -0.0983785316 -1.72910833 0.00914169475 0.504932761 -1.2560122 0.40874365 -0.0270508714 0.13618578 0.430954963 -0.222661585 0.262696892 -0.292417526 0.457262933 -0.0223970972 0.0471880175 -0.124525808 -0.409648329 0.458111912 -0.232029572 0.789258957 -0.815996706 0.00641010748 0.247087657 -0.0761074126 0.246125445 -0.264089733 -0.424193025 0.186472282 0.848310232 0.566299081 0.0331209376 0.737327397 -0.207018092 -0.572033525 -0.63534379 0.196370766 0.333783239 -0.375570089 0.811369777 0.159828693 -0.186882749 -0.568805814 0.453803718 0.13883397 0.340608418 -0.349819213 0.0504939109 0.421174854 0.299765855 -0.443795145 0.37257421 0.385081649 -0.02902353 -0.151557162 0.0433777608 0.325267553 -0.138531923 -0.111082427 -0.441982687 0.192518041 0.205501467 0.333796203 -0.301102936 0.208770096 -0.215756595 -0.124036476 -0.689304292 -0.107965916 -0.650991321 0.362790257 0.0316271335 -0.53692621 0.209522709 0.847675502 -0.242708489 0.345901877 -0.519973457 0.107067436 -0.00587148732 0.549564719 0.715932608 -0.556672335 0.332913935 -0.765424669 0.0188298151 0.062555626 -0.15743719 -0.372661561 0.325950921 -0.173446879 0.422093689 0.0361173488 0.374485731 0.424749881 0.0243348219 0.0458080098 0.139064625 -0.380961537 -0.237221137 0.455854177 -0.36827746 -0.761858046 1.21727765 -0.411876261 -0.123350941 0.0456835106 0.356496453 0.615953624 0.485000461 0.130374551 -0.121103443 -0.00539794378 -0.658901632 0.0436635986 0.220033139 -0.0688428655 -0.692399502 0.154000431 0.410078198 -0.23334612 -0.19467254 -0.260369837 -0.0906368792 0.825747669 0.222385138 -0.926842988 -1.63502789 0.0123470239 0.220580563 -0.452401161 -0.0758193582 -0.707599521 0.164809272 -0.0846157596 -0.676273227 -0.114868857 -0.622534394 0.150461391 -0.492708027 0.936994553 0.0181473847 0.228495151 -0.326263249 0.426417023 0.0403590687 0.0461168289 -0.192685977 0.502107978 0.497231096 1.14735472 -0.406358123 -0.512712896 -0.297592461 0.202889815 0.616074622 -0.081630975 -0.985429466 0.0419712663 0.219968393 0.0386778042 0.0134901768 -0.502400994 0.602434635 2.84897423 0.0627671778 -0.348672181 0.0289825723 -0.893577158 0.0838183388 -0.0128954751 -0.173238724 0.184586942 -0.380689085 0.689229012 0.981147885 0.116029277 0.717390716 0.130995825 0.470134318 -0.0790024847 -0.299203277 -0.0390987247 0.874243975 -0.111040726 0.285973191 -0.853813052 0.167892665 0.47219798 -0.137657329 0.267674923 -0.692775786 -0.366853654 -0.300637662 -0.101508029 -0.106193021 -0.080022648 0.25679028 0.460096538 0.17943418 -0.546492875 -0.690603018 -0.404300421 -0.907131135 0.211164355 -0.665103972 -0.11917109 0.380020738 -0.22152628 0.101774283 -0.575639665 -0.126477644 0.247867718 -0.0625770018 0.172311381 -1.15414548 -0.00169091555 -0.279432476 0.0705421269 -0.112627819 -0.0445387252 0.406104267 0.0911526605 0.0168512128 0.73423326 -0.106938101 -0.414758652 0.408423513 -1.19987655 -0.753559709 -0.062937595 0.177702427 -0.0366907045 -0.11875423 -0.356717259 0.432803005 0.427218676 0.72608614 0.275779575 0.216000766 0.326378942 -1.01605713 0.0489009321 0.0351855606 0.0105163194 -0.227160126 0.218738168 0.482731789 0.339387238 0.171572343 -0.223548099 -0.18968755 0.15105468 0.14331466 0.377859175 -0.921632171 -0.155370727 0.454600692 -0.222928002 0.0148698045 -0.255931884 -0.26642099 0.0961141139 -0.214447945 0.175221756 -0.590274036 0.551195681 -0.311635613 -0.253278792 0.00714806281 0.0569024757 0.07050585 0.474649519 0.0507031307 -0.538254976 -0.118518956 0.356087595 0.218368351 0.445425272 -1.34657943 -0.69536525 -0.336018562 -0.285741717 -0.145619735 -0.22593613 -0.0588359907 0.122521527 -0.155463353 -0.108013384 -1.10349381 -0.0205219798 2.19116807 0.105649889 -0.0342770256 -0.12159276 -3.1978991 -0.264844179 0.0407831259 0.266759485 -1.87390316 0.987287223 -0.847928882 0.626930296 0.797375798 -1.54192519 0.523092389 0.0906119868 0.0133639006 -0.471031249 -1.05485797 0.30036068 -0.106075116 0.0731880292 -0.144885644 -0.423766583 -0.566293061 0.111880548 0.217883557 -0.389813304 -0.499816447 -0.160548925 -0.0809322 0.309498429 -0.715186059 -0.376624256 -2.04661918 -0.0850165188 0.0698126554 0.801605225 0.259301633 -1.31601942 -0.504443109 -0.995579898 -0.150991857 0.473177463 -0.000758188253 0.151215911 -0.14172183 0.163772404 -0.362704873 0.456501693 -0.0336657204 0.504643083 -0.638498068 0.0620788187 0.149284557 -0.532434464 -0.255176395 0.075650163 0.049246911 0.549856544 -0.0658025295 0.878927171 -1.07478666 -0.326985508 -0.701735497 -4.74761152 -0.0759730935 -0.519489467 -1.97230792 -0.268574834 -0.162475511 0.104495943 -0.598769724 0.0924871042 0.6262514 0.0115261069 -0.587041378 0.158460692 -1.40196633 0.238876939 0.0434773378 -0.149121985 -0.302956104 0.370608926 -0.36023286 0.124887668 -0.494465351 0.731305182 0.221342906 -1.00371528 -0.0263718497 -0.00864372775 -0.0653244033 -0.199616149 -0.269439131 -1.19966972 -0.0887454525 -0.0715960637 -0.576151252 -0.314880311 0.354941994 -0.162793189 -0.47088474 -0.34967339 -0.263661981 0.554730058 0.577563345 0.102377355 -0.220194295 -0.24695909 -0.067979075 0.307449788 0.0197605547 0.223289013 0.127359003 0.243598416 -0.000559008331 -0.79858917 -0.480656236 0.0234662201 0.0891102478 -0.009419607 0.0593280271 -0.145159423 -0.174812451 0.330811232 -0.24121505 0.221416339 0.15235886 -0.0709347799 0.0777921975 -0.0401082747 0.420464158 0.210578755 -0.0411623716 0.117567115 -0.656795859 -1.02071834 0.565614939 -0.241598412 -3.58771229 -0.307627171 -0.685468316 0.161970973 -0.0558833294 0.0553758666 -3.23111343 0.0535039902 -0.212254375 -0.243836224 0.111226246 0.177369267 -0.010274238 -0.0152544444 0.145972878 -0.609648049 -0.119571708 -0.0417022705 -0.0354216807 0.157729238 -0.0194592234 -0.060877841 0.185774863 -0.379049838 -0.336434335 -0.618474543 0.177758366 -1.63299608 0.119510204 0.172533721 -0.0573258772 0.0695088655 -0.103646033 -0.149930865 -0.239227891 -0.541563988 -0.0993903205 0.351028442 0.255917996 -0.240358725 0.611278296 -0.871317983 -0.157610372 -0.253374368 0.401907802 -0.045664385 0.45319587 -0.368677258 -3.4661932 1.32593167 0.198185861 -0.073017247 -0.999109089 0.199050725 0.0369702019 -0.0852257758 -1.65154099 -0.0572854057 -0.151913807 1.19331443 -0.0673218817 -0.142772168 -0.0316191167 -0.447036564 -0.0579650439 0.565220594 0.206788585 0.112135872 -0.311320186 0.0642093644 -0.379222095 0.0957593545 -0.259760052 0.0283771139 0.410669833 0.0404169485 0.0562488325 -0.154916257 -0.801068485 -0.538765907 -0.291350096 -0.200548843 0.462515026 0.272022337 -0.177578375 -0.75628072 -0.869553089 -0.46179235 0.326808155 -2.55335188 0.178912148 0.384123504 -0.195428282 0.203049392 -0.503369331 0.132868394 -0.177879617 -0.0941797495 0.00254129502 0.786323726 -0.232926294 -0.749954939 -0.645246208 -0.0305348467 0.209018365 -0.13494046 0.0284540653 0.00792465173 -0.0929775313 -0.126624733 -0.0718193203 -0.0986328349 -0.000405320345 0.0392063931 0.0584756434 0.052343078 0.00962707214 0.0190670714 -0.0161301214 -0.106807962 0.0393561572 -0.0337562077 -0.0818928406 -0.108726375 -0.107784472 0.0222875625 -0.106989749 -0.0910976082 -0.0440690555 -0.0955275074 0.0266172439 0.000526405056 -0.0879592896 -0.00558517035 -0.0738167986 0.00623501977 -0.106854171 -0.0496664047 -0.0926042497 -0.127005711 -0.0610441864 -0.0644778311 0.0222923234 -0.00700647477 -0.0820976049 -0.113218166 -0.118557155 0.0560098141 -0.159974754 0.0365645885 0.0739156157 0.0575359277 -0.0745830312 -0.0915943608 -0.0706001148 -0.017282607 -0.0374124534 -0.0897493064 0.0163658112 -0.172610193 -0.115847178 -0.0911382511 -0.103677757 -0.124667972 -0.0373742804 0.0793472677 -0.0250728223 -0.111641124 -0.050054688 -0.316021979 0.615888953 -0.106786609 -0.604875803 0.119434215 0.594406188 0.535630941 -0.0547163412 0.18896167 -0.106375992 -0.237154141 -0.448347896 0.423108608 -0.348425448 -0.313881636 0.12286073 0.104863875 -0.241075024 -1.02453411 -0.249295637 0.241293997 -0.22632429 -0.207022026 -0.214423284 -0.20491828 0.189818233 0.0504400395 -0.131663635 0.455770105 0.0990297198 -0.253067553 0.388705641 0.975622833 -0.259681791 0.135017231 0.26487425 0.497276217 0.438871145 0.0669455901 -0.256546408 -0.649302185 -0.249515101 0.0995109305 -0.606307626 0.385665089 -0.117494293 -0.900788009 0.190534517 0.362801909 -0.745740771 0.0122594535 0.343284369 -0.0669713914 -0.316676348 0.102729328 -0.106007434 0.336797744 0.714716911 -0.802062273 -0.23364222 0.749625504 -0.565341771 -0.237785459 -0.533292055 -0.293815702 0.00325920875 -0.129744455 -0.400302798 -0.041312933 0.465347707 -0.268050432 -0.0608597696 0.605790794 -0.036480289 -0.419917375 -0.491682291 -1.66678977 -0.279562593 0.130951747 -0.0826234296 -0.0426752754 -0.0879608914 -0.338625938 0.426600933 0.585748255 0.522981346 0.0516856723 -0.612260222 0.0472680293 -0.132086962 -0.0968734249 0.0439255983 0.258569568 -0.151428536 -0.103692941 0.657126963 0.265593141 0.207508609 -0.712129831 -0.28669703 0.859822452 0.268977135 0.378790468 -1.09346175 0.279051393 0.300841242 0.258841008 0.0548779443 0.499199867 0.165206522 -0.762583196 0.915641069 0.062831521 -0.456277639 0.00377763109 -0.459287673 -0.353565246 -0.164493024 -0.0693533868 0.0555304252 -0.37268579 -0.00424564676 -0.0447580963 -0.018407587 0.0417282246 0.046652928 0.81916219 -0.391656786 0.0952607542 -0.282882094 0.262812227 -0.146472618 0.0675932243 0.334178358 0.587737739 0.053119123 0.509462237 0.12574394 -0.314354509 -0.138346821 0.17703706 -0.331626296 0.00501220208 0.539751589 0.139763877 -0.0661543906 -0.459441602 0.169210106 0.211255506 0.131387562 0.401998967 0.286295444 0.108889855 0.259874582 -0.0107491808 0.260604084 0.360471547 0.341300666 -0.176177755 -0.224685937 0.290959626 0.176865309 -0.00584563753 0.237131834 -0.0288957525 -0.043187879 0.337309271 0.0989493132 -0.164388925 0.066469349 0.553327382 0.0169354454 0.171709239 0.114120983 0.835389435 0.399350554 -0.0289073177 0.234975219 0.609992862 -0.115674056 -0.481613725 -0.137307063 0.092949383 -0.119083069 0.0383309573 0.120902471 0.0548293442 0.15751943 0.412192643 -0.853038013 0.0469680056 -0.146326438 -0.475148022 -0.281642556 -0.466545254 -0.23738344 0.335753381 -0.140117362 -0.0511211269 -0.378842682 0.749810994 -0.56028831 0.267950684 -0.24354215 -4.978333 0.115308844 0.352272838 0.0525941104 -0.099334985 0.649983048 -0.228394076 0.77361089 -1.09749234 0.490365714 0.43742457 0.778245747 -0.106730908 -1.31551635 0.27033186 -0.192514107 -0.0708044469 0.347673833 -0.312626809 0.00703063654 -0.154881001 0.03641776 -0.296073973 -0.286308289 -1.22934997 0.533753991 -0.487579316 -1.25105548 0.604066253 -0.299205869 -1.18170309 -0.0454498157 -0.32109192 0.390212089 -0.567219555 0.319686055 -1.39395726 0.11872533 -1.21095669 0.188170165 -0.241852105 0.276705861 -0.155313864 -0.303583413 -0.17583178 -0.0975831226 0.000800371228 -0.533135474 -0.241471171 -0.0274259336 -0.365636259 -0.198195085 -0.0785137787 -0.0535944477 -0.223860711 -2.98486257 0.0321528092 -1.26861334 0.0470065176 -0.157719776 0.713366151 -0.437644124 0.286011964 1.26923287 2.00325227 -0.219545931 0.228348851 1.22442317 -0.4397102 -0.312954456 0.167470351 0.239329889 1.00672865 0.776924133 -0.101857513 -0.954567313 0.0825207457 0.9473809 0.00348855625 0.0928634107 0.121738508 -0.225588605 -0.552308083 -0.374048352 -0.071592629 -0.0364651605 -1.46877611 0.337164134 0.103544623 -0.166917861 -0.0157722179 -0.326248169 0.151904136 -0.621237397 -0.0508599803 -0.178739145 -0.748025179 -0.0579454191 0.402943581 -0.277626246 0.457532048 0.159548253 0.0493142083 -0.139235318 1.18545175 -0.308602899 0.0906175897 -0.0874283463 -0.0508288816 1.25616443 0.343736649 0.209326476 -0.126398891 -0.262061089 -0.213763043 0.0584733561 -0.523067534 0.339520931 0.0080606807 0.0615597554 0.212439016 -0.302126139 -0.0823889822 -0.0676875189 1.38857973 0.39210853 -0.206885517 0.771067142 -2.46427226 -0.29562223 -0.140368432 1.02725804 -0.33946839 -0.01862875 -0.0816875398 -0.595832884 0.480845988 -0.205514103 0.13550593 0.0776742995 0.114395678 -0.702493668 0.261699826 0.0561808385 -0.273205072 -0.301120281 -0.195592731 0.0658054054 -0.436223477 0.00325235911 0.0919627845 -0.0104072876 -0.194139719 -0.1362928 0.540778995 -0.216061741 -0.446525365 -0.0608607493 0.228830278 -0.948568344 -0.284224242 0.885461867 -0.440865278 0.68605125 -0.16115424 0.210534856 0.464847028 -0.131661266 0.26134339 0.0876840651 -0.205016136 -0.233206213 0.910329103 -0.160101965 0.678973675 -0.903190315 -0.00731530553 0.178894788 -2.4225173 0.431703448 0.428073227 -0.0448303223 -0.191872969 -0.542726338 0.0966696367 -0.353239328 0.42766118 0.269617021 0.351423919 0.144189656 0.111281909 1.10431969 -4.59856892 0.362411112 0.425633371 -0.478771418 -1.35697603 -0.0979838222 -0.475911885 -0.241293713 -4.13256693 0.0785086527 -0.166837528 1.54432285 0.00184337515 -2.50710058 -3.49597287 0.463814557 0.119173035 -0.242685527 -0.181799516 -0.338070542 0.530167282 -1.14519036 -0.643989086 0.0982468352 -5.89969969 0.0624942519 0.0874362737 0.0831624269 0.478928 -0.194574058 -2.44396853 -2.05533004 -0.329883754 -0.482005805 -7.06271172 0.554687619 0.277044863 -0.00430246489 0.148550555 -0.560422659 0.382656991 -0.101347029 0.136083484 -0.166979194 0.161362499 -0.293921739 -0.407444537 0.0820419639 -0.417366564 -0.0970779583 -0.232997328 0.32481578
tensor_linearrelustack0bias 64
-0.335849226 -0.0848498344 -0.834306538 -0.0129441256 -0.427801907 1.36677861 0.765061617 -0.97936058 1.41948998 -0.286820024 -1.42105246 -1.50625634 1.64747095 -0.592621088 0.0122831464 1.29608989 0.205126703 -0.0796245337 -0.929021955 -0.239682525 1.51071906 1.31452584 -0.774733782 1.23261344 0.397482574 1.21896815 0.178654045 0.159187973 -0.522952974 -1.31825054 0.626086652 0.976340711 -0.91214323 -0.675686359 0.0203626156 -0.933796942 0.757181287 0.25054875 -1.25740445 -0.553641081 -0.268148333 0.553311229 1.63520443 0.251449227 -0.585050702 -1.46347392 0.118898839 -0.204107061 -1.24424136 -0.0205508489 -1.74978459 -0.726201415 -1.40592825 0.116568848 0.0985313505 0.352184772 0.473706663 0.489113957 -0.949079573 0.0154862879 -0.383482575 0.146178842 0.317636609 -0.927675426
tensor_linearrelustack6bias 1
-1.37514365
tensor_linearrelustack0weight 1344
0.0839919895 -0.367627382 -0.429850489 0.114946447 0.00607361319 -0.173526034 -0.0470543168 -0.0818523541 0.606399059 -0.0699776486 -0.285468608 0.264658302 -0.0587456189 0.132775962 -0.0499021895 0.132889032 -1.93965912 0.203623086 0.397310406 0.278626263 -0.346504539 0.246018335 -0.224056512 0.139349803 0.0468369834 -0.0331170931 0.124794021 -0.0148490891 -0.109771334 -1.22132003 0.117538229 -0.106594145 0.935843229 -0.262031883 -0.0268477537 -1.55554485 -0.16087535 0.310312182 0.0226765424 0.29177314 0.269398987 0.153166249 -0.219733208 0.00784784369 -0.125299469 0.0409500413 0.124009632 0.0536676645 0.0480273813 -0.117226921 0.241857126 -0.603057802 -0.0313591249 0.91143477 -0.0303687491 0.070850946 0.195490345 0.0359723642 0.350111663 -0.0703200921 -0.183413222 -1.30045104 0.56506598 -0.544905722 0.703668594 -0.775164306 0.310781091 -0.0722643584 -0.433296859 0.144794285 0.253327608 -0.0936181992 0.10952732 0.173456967 0.61774081 -0.209958151 -0.14386721 0.652273953 0.129873469 1.1238811 0.29722175 -0.165728226 -0.284338772 -0.73588264 0.125884056 -0.174111336 -0.29189229 -0.539047539 -0.332229495 -0.458657593 -0.237230286 -0.159973606 -0.164153889 -0.247295469 -0.301384717 0.682254851 -0.185433432 0.674206436 -0.751871049 -0.00158472429 -0.453784645 0.174896017 0.0921894088 0.0826280788 0.36809656 0.101125523 0.140279636 -0.306217402 0.0212495215 -0.145947278 0.0641172603 0.0986775234 0.00624354649 0.304287553 -0.31081003 0.0712808818 0.302195728 0.508095205 -1.10753024 0.119512841 -0.072790198 0.238814875 0.545718551 0.149639875 -0.0705135763 -0.600238621 0.26591301 0.494373053 -0.264380574 0.175879866 -0.0565654822 -0.197241604 0.0623875372 0.0379277728 -0.13646315 0.399731338 0.0817544386 0.0541683324 -1.32317126 -0.143694714 -0.387494981 0.128826022 0.0421595909 0.0776262954 0.447064757 0.262164831 -0.409398824 -0.389633626 -0.192687705 -0.0110733071 0.238141075 0.0656355098 0.0695432052 -0.067340903 -0.0507428497 -0.553993523 0.145861343 -0.0723339394 0.423216015 -0.271819323 -0.166729569 -0.106276944 0.0333502851 -0.598525465 0.343501419 0.526730895 -0.221771583 0.678728878 0.387263894 0.507682145 -0.278085232 -0.456770658 -0.219219863 0.139071122 -0.0414931588 0.0330532528 -0.0344434269 -0.190421283 -0.262404054 0.597570002 0.463174284 -0.343348175 0.138611346 -0.0775519982 -0.834640384 0.252548426 0.33866033 -0.141139954 -1.11391628 0.156421348 0.195385471 -0.0144145191 0.00647533406 -0.146140277 -0.0602983534 -0.0429796167 0.0691564232 -1.40085614 -1.25426471 -0.275883347 1.31124938 -0.248805806 0.344429106 0.0553836338 -0.0703351274 -0.120579191 -0.0591133907 -0.0786196068 0.167517245 0.270368636 0.595613301 0.710410714 -0.342683673 -0.156062424 -0.128577352 0.184853926 0.0510877557 0.17737788 -0.277532488 -0.324654102 -0.241849378 0.43396917 0.0684129372 0.29637298 -0.180215567 -0.534254432 -0.0367875881 -0.202254996 -0.0826063976 -0.214341909 0.254907995 0.0808375627 -0.355492026 0.297286928 0.149697199 0.0200376324 0.0757071823 0.0530975536 -0.0414613411 0.529434323 0.206802398 0.25215432 -0.203365073 -0.769024909 -0.57887274 -0.597163558 -0.000243864619 -0.358204693 0.193977162 0.0992395729 0.050456319 0.482459456 0.299135834 -0.239069298 0.0158022661 0.0113213733 0.0969996899 0.0821237415 -0.0166483913 -0.0427461006 0.603575349 0.0347749479 0.0984890088 0.0433149002 -0.0519470461 0.119897954 0.146445438 -0.00497270562 0.184104115 -0.0609740727 -0.161735371 -0.0573969409 -1.82047558 0.137245804 -0.493501395 -0.36643669 -0.0129689872 -0.0223665014 -0.0423073657 0.690675557 0.0868727565 0.246640414 0.105900168 0.537718534 -1.15548658 0.68643862 -0.35515067 0.23847793 0.0412345268 -0.116769522 0.368322402 -0.104724966 0.257591218 -0.00317959837 -0.265930682 0.44893223 -0.434305012 -0.16464144 -0.0298972074 0.0752997473 0.00910864957 0.0518670753 0.236110687 -0.904140592 -0.371689856 -0.478265047 0.337178528 0.576424062 0.737290025 -0.968496263 -0.0292839576 -0.101420753 -0.270343512 -0.341703385 -0.0473263338 -0.0251136459 0.22863467 0.0236498248 0.154380202 -0.0120087266 0.0223530903 0.0530975573 0.0221882761 0.0277934503 0.0141211944 0.0232904535 0.0414451733 0.0167319812 0.467256188 0.155930236 0.0151779801 -0.184190169 0.553040028 -0.305252612 -0.0303078853 -1.7726624 0.707437336 0.301022768 0.808453977 0.0170210991 -0.136118665 0.431303144 -0.173379526 0.464683324 0.799312532 -0.0766426846 0.068583414 -0.0465553366 -0.448292702 0.173453182 -0.500053942 -0.0212946739 -0.302061945 -0.103058405 -0.077218011 0.361637622 -0.342936158 0.161537051 -0.012955213 0.941461265 0.439632863 0.134816021 -0.380772859 -0.0935881734 0.0350536332 0.448428124 0.43670702 0.410773516 -0.227397785 0.500251591 0.043941699 -0.627715588 -0.0714626014 -0.0143907601 0.778354168 -0.652970135 0.089774698 -0.185529917 0.0470676683 0.155443728 0.171113059 -0.232973814 0.502860129 -0.252020478 -0.067172423 0.137174919 0.262691617 0.190242797 0.120022081 -0.407437444 -0.453077734 0.134307876 0.454115063 -0.170521557 0.0146708954 -0.898393273 0.872316301 -0.355781645 0.0849432051 -0.360313863 -0.092674695 -0.132515982 -0.195029631 -0.152220979 -0.076351963 -0.0790357292 -0.081366092 -0.110500321 -0.106452055 -0.00733081438 0.158397451 -0.128536284 -1.78745747 0.0974668786 0.00349030877 0.227318943 1.12482238 0.714142978 -0.0115701351 0.176458582 -0.146055177 0.168930396 0.0718772411 -0.00583385676 0.0114064561 0.0182192624 -0.0494444184 -0.00699205976 0.0822775587 0.0121938679 0.0819806084 0.051596839 -0.221723825 -0.0552137345 0.0815663636 -0.0203692317 0.766648293 -0.0188490432 -0.029623054 0.401159406 -1.14800012 0.0210779849 0.0323085822 0.116070256 -0.00242307712 -0.0383540541 0.014615546 -0.0172818489 -0.00781735312 -0.0621325672 -0.27844137 -0.143751621 1.22734714 -0.770169616 0.632442892 -0.489561528 0.0334671289 0.51020658 0.0209191181 0.0739902407 -0.0179413278 -0.565769434 -0.00703259045 0.0418076925 -0.227260858 0.0380203873 0.130658269 0.109389663 -0.0376212522 0.227972746 -1.02171576 0.0970433727 0.468777806 0.353033483 -0.696595609 -0.398073971 -0.97285068 0.317933708 0.564797878 -0.591151714 -0.422053337 0.278014898 -0.134459153 -0.0657287911 0.178393319 -0.0148919746 0.0835479498 -0.0702843815 0.0166177191 0.00157147681 0.0187718533 0.0267729647 0.0370305628 0.0627271533 -0.0375347212 0.0736561418 -0.098392725 0.651475906 0.0182865374 0.573565066 0.0556934588 -0.551522851 -0.0743310899 -1.36394477 0.112313628 0.153031275 -0.35070014 0.00463109789 0.0641255677 -0.230517104 -0.00458408659 -0.123466723 0.448688507 0.410572469 0.0821344703 0.663987815 -0.875683606 0.0389185362 -0.161310136 -0.548424065 -0.604816675 -0.726972342 -0.254158407 -0.314484209 -0.679217577 -0.0591176003 0.178597063 -0.00497761089 0.0310653243 0.0337268263 0.0745290592 0.0629610196 -0.0488024354 -0.151071101 0.0888392851 -0.0561074391 0.150308505 0.891860366 -0.246071965 0.00150386745 -0.0439212508 0.26420188 -0.630364239 0.150478467 0.129060417 -1.05145276 0.0688043907 0.433595538 0.229706913 -0.123383977 -0.0885687694 -0.00243248488 0.0327736884 -0.00389999617 1.22795522 -0.424154192 0.0343219489 -1.5386827 0.708266675 0.125818059 0.281078726 -0.200284064 -0.513623118 -0.0566114634 0.0403515808 -0.224883869 -0.145245135 0.636925459 -0.158355251 0.430088669 -0.112287469 0.161511451 0.610719979 0.0273210462 0.10328801 0.890683532 0.551990449 0.299143046 -0.0778902173 -1.21112812 0.279807001 -0.603790045 0.0287931189 -0.573835373 0.190969497 -0.325774819 -0.319764763 -0.086513564 -0.850304067 0.202231094 -0.116719857 -0.184076414 -0.0352928452 0.0250643063 0.110633396 -0.0288998093 -0.412387043 -0.721150041 0.104046814 0.492998809 -0.8745417 0.0921017528 0.12452589 0.184410065 0.418133914 0.473089337 -0.317065388 0.103792615 0.443839818 0.109820724 -0.010596877 0.168103486 0.13609083 -0.0139426189 0.0236296579 -0.0103401085 -1.46391273 -0.22261171 -0.0546026565 -0.329161048 0.131363153 0.460312992 -0.0522312857 -0.990644872 -0.0409696698 0.402962506 -0.319705158 0.37428689 0.0634308383 -0.194533557 -0.0267733522 0.208652869 0.196767613 0.285494655 -0.0729534179 0.140885547 0.0016159087 -0.1049513 0.0795636401 0.439662874 -0.0966179594 -0.0361002646 -0.136175036 0.379924625 0.411142021 -0.0452650078 -0.452923208 1.02973568 -0.453565389 -0.144573689 -0.424022377 0.0462529957 0.728101432 -0.241566017 -0.130311519 -0.179878458 -0.00350362202 -0.0374375209 -0.0855525658 -0.940122366 -0.420082241 -0.303030908 0.317944974 0.636937797 0.198589772 -0.389205992 0.235273436 0.194561526 -0.0840722471 0.439057082 0.689817488 -0.676776052 -0.975495577 0.0361851715 0.0165224094 -0.00499638589 0.118784331 0.913275421 -0.0495433584 -0.209136531 0.330563456 0.633696556 -0.385941088 0.222153768 -0.411709607 0.106894374 -0.163335487 0.300463736 -0.153042927 0.294815481 -0.0478142835 0.403144687 -0.0175275132 -0.106672734 -0.574540973 0.176891923 0.237897709 0.190703526 0.0432639495 0.133290142 -0.00731398677 -0.314950198 0.244112909 0.163144469 0.430182517 0.174486905 0.0697311908 -0.624661922 0.0769456849 0.136070505 -1.25031614 0.09467531 0.365812838 0.391160339 -0.10542728 -0.363734812 0.28553772 0.295451343 0.361546457 0.00184119726 0.117335379 -0.0757791623 1.0165894 -0.0604378469 0.398025215 0.000273664657 -0.142223835 -0.464249045 0.182471827 0.120557532 0.826588333 -0.404789597 -0.895787537 0.253639102 -0.0950936973 0.28130883 0.144052342 0.267157793 -0.432882041 -0.00984911434 0.0250910893 -0.107757114 0.172824904 -0.940585673 -0.146193311 -0.0190346669 0.171746701 0.128177837 0.353893191 -0.414590836 -0.244996652 -0.381272137 0.32468304 0.0249526426 -0.339895368 0.553150475 0.0793517455 0.215814158 0.134766191 -0.407806218 -0.1113405 0.0237718541 -0.0472836681 0.00853121281 -0.623692036 -0.00777201075 -0.0811822861 0.328516692 0.561319053 0.183941528 -0.155542508 0.0465152189 0.851303816 -0.516964734 0.0259124078 -0.0669264197 -1.1016264 -0.0164537765 0.267121196 0.342867821 0.097952649 0.421531737 0.0289154761 -0.0875857174 -0.103390343 0.0729376227 -0.0681058615 0.561975837 0.21091114 0.183934286 -0.190301538 -0.0707119629 -0.0908492953 -0.101923749 0.196901739 1.30513418 -0.278221369 0.1394618 -0.194611445 -0.0060416162 -0.0975857973 0.112126403 0.139430597 -0.192024916 0.144608766 -0.15212971 -0.986616075 -0.469204545 0.199557632 -0.933858454 0.121210776 0.0402664319 0.00365750259 0.0742309242 0.0297211166 0.162110612 0.0134424763 -0.318014473 0.33651194 0.0820310265 0.0752941296 0.0896804258 -0.415800095 -0.0132236015 0.10724096 -0.0775398314 0.00527936965 -0.571805239 -0.165910795 -0.226159245 1.89386344 0.703342319 -0.315212131 0.0683232099 0.0721826851 -0.759416401 0.3732135 0.401552886 0.515207767 -0.357910901 0.315618217 -0.260176629 0.0501528867 -0.0667957217 0.0542489477 0.105890878 0.115761906 0.182545677 0.380611151 0.117100842 -1.61596727 0.299461514 0.224790424 0.305449575 -0.23217693 -0.0574198328 0.0685104877 -0.686307013 0.0945028067 -0.446273535 -0.0735830143 -0.0329978168 0.0963585898 -0.21204792 -0.188860342 -0.106805228 0.174550459 0.0274151303 -0.0891418532 -0.997685313 -0.497180015 0.196498111 1.31558359 0.371931851 -0.351002425 -0.868783534 -0.0402571447 0.7336092 0.333977401 0.27850613 -0.300254434 0.0274857711 -0.0525031835 0.168813705 0.035289526 0.0481099039 -0.0564423576 0.0729908347 -0.0166698378 -0.0339797474 -0.0127807669 0.0515296571 -0.0431984216 0.0733850226 1.13352633 -0.0271619931 0.00704614352 0.0051500476 -0.0200049225 0.0220044944 0.0593076348 0.064756006 -1.00914145 -0.570311844 0.500481248 0.220555469 0.0253899135 -0.00619604439 0.752753258 0.142897964 -0.00659765629 0.708647966 0.0757001787 0.0472748019 0.0922687948 0.400193393 0.466174394 -0.207393423 -0.0809168741 0.378129512 0.395653188 0.0751410499 -0.933211327 -0.924319625 -0.261158884 0.144040048 0.181953192 0.115973473 -0.0241564307 -0.00373198022 0.429574937 0.27091521 -0.124059081 -0.0276063159 -0.14159061 0.872025728 -0.725767851 0.656647921 1.0163573 -0.186223969 0.0749988854 -0.629791975 0.0326971151 -0.483666062 -0.475916088 -0.26283145 -0.15942128 -0.139007449 -0.187246934 -0.082365185 -0.358388126 -0.0747441724 -0.0786485597 0.0815055892 0.291093737 -0.0817915574 -0.543258667 -1.09141636 0.034956798 -0.0835028738 0.0315433666 0.333137542 0.146082371 0.169462129 0.048084911 0.62570715 -0.317618161 0.117667511 0.199111 -0.246972308 0.472746283 -1.08143306 0.0128574586 -0.494505107 0.621748805 0.253967315 0.322187811 -0.626193285 0.0803254843 -0.048003111 -0.0136824595 0.264575481 0.782565475 0.0165185574 0.00769103784 0.243820801 -1.06173015 -1.02726257 -0.173754558 0.20102413 0.00576911401 -0.0884221494 0.321508467 0.0651596338 0.490386337 0.0455710292 0.242920116 0.113667034 1.11942112 -0.225729391 -0.11011716 0.0894908607 -0.423413336 -1.08188474 -0.131077409 0.215093032 0.233048439 -0.260445535 -0.138182089 0.054503344 -1.13227427 -0.280414045 -0.324950933 -0.144039005 -0.00301916339 -0.195766941 0.0818971172 -0.153990731 0.0541520305 -1.70771277 0.42357254 0.00975164678 0.202447563 0.140978634 0.0648151413 0.0345157385 0.160680577 0.147427619 0.263944983 0.00393321039 -0.69096595 0.0713696256 0.150047347 0.222274587 -0.00703702867 -0.206517488 -0.0502697714 0.492363214 0.189496592 0.508532047 -1.48629129 0.186495185 0.0266628601 -0.130813405 0.189780951 0.531678021 -0.120371543 -0.4786641 0.345567375 -0.436053783 -0.0202276092 0.0115126716 0.0576287508 -0.0016880217 0.0106957806 -1.28364658 0.0507053472 -0.0308614504 -0.0805075392 -0.377028614 0.000573536672 0.0569965616 -1.13727939 -0.210089028 0.281613588 -0.0210544877 0.409073919 0.505316198 0.00603564689 -0.210987285 -0.0869606584 0.0581591241 0.105214126 -0.559501708 -0.554056883 -0.129588082 -0.0374491028 -0.147334144 0.174627274 -0.443209618 0.851407468 -0.0606784858 -0.500262201 -0.068024233 0.116854936 0.490482628 -0.204698488 0.858272851 -0.711077571 -0.085838601 0.132709563 0.116303228 0.102239981 0.0202042088 -0.121545106 -0.13536191 -0.138573006 0.224077791 0.0403790586 0.0180709604 0.501731336 -0.296246529 0.320452332 -1.44303751 -0.370632738 -0.0412304625 -0.284281731 0.0457460545 0.397747159 0.245173261 -0.132328883 -0.0970568433 0.563989818 0.382046819 -0.228656635 0.391060799 0.0242670961 -0.0980511904 0.183929905 0.0316813402 0.0137953926 0.545387685 0.583318114 -0.135239348 -0.326720774 -0.478550762 -0.648569882 0.372155875 0.179788768 0.235627979 -1.62884688 0.308036238 0.115643367 -0.34378472 0.157594249 0.416647494 -0.148376718 0.350467741 -0.0272325128 -0.188080698 0.0707052648 -0.207733795 -0.300267756 1.04398024 0.384184331 -0.654182136 -0.252596885 -0.132839307 0.408881098 0.0487254299 0.193197712 0.0828326195 -0.0276013501 -0.389818102 0.14688693 0.20507741 -0.00680562574 0.251909554 0.107300811 -0.0398107357 0.29303959 -0.0688903332 0.0721441209 -1.43329716 0.0275335312 0.035615541 1.20368624 -0.438734025 -0.111413755 0.0670810491 -0.185987338 0.0233492423 -0.00432271184 0.0629181936 -0.110143885 0.200669676 -0.467688262 0.538894236 -0.561037719 -0.0554596111 0.103616379 0.293261737 0.0828370452 0.332490116 -0.53598845 -0.231525987 0.083731994 0.50178504 0.230273068 -0.506669998 0.761936426 0.433225781 0.316771656 0.202406988 0.170202702 -0.0171715077 -0.243740529 -0.134019375 -0.0543846115 0.228919134 0.116760738 -0.0118138203 0.277109325 0.112454601 0.299912423 -0.408675522 -0.196651801 0.121287636 1.7519536 0.115150288 -0.647064447 0.0402290672 -0.0488560759 0.119017079 0.380248904 0.382525474 -0.900309741 -0.315869898 0.280397356 -0.0267080422 0.229785457 0.217989996 -0.0833082274 0.197399944 -0.109005176 0.0214732103 1.05633914 0.702192247 -0.0984404832 -1.78679311 -0.379380703 0.355389148 0.104977608 -0.191090658 -0.235486045 -0.28111133 0.0184545442 -0.139472306 0.216193408 0.253718317 0.461901575 0.171511441 0.242235199 -0.145563051 0.451219082 0.0225660261 -0.0177876055 -0.943012774 0.215199962 0.774712741 -0.650943875 -0.516549945 0.633507967 0.0788518935 -0.285241306 -0.606872201 -0.558198333 0.0447925776 -0.213239506 -0.419226855 -0.34178403 -0.159785315 0.155160829 0.064792566 -0.01582269 0.00912307296 -0.0755468011 0.0559100471 -0.154988557 -0.0154772447 0.0400578678 0.461929768 -0.1247494 0.158653125 -0.246259362 -1.67649627 -0.243500978 -0.20882149 0.049543798 0.309785485 -0.298574209 0.132045567 -0.541702867 0.13126187 -0.299860358 0.103478998 0.230281308 0.00905940961 -0.0261097364 -0.422593623 -0.533805847 0.0934849679 1.19977379 -0.489392161 0.104441367 -0.66245991 0.028721327 -0.0645824671 0.218848452 -1.09365082 0.412279874 -0.0252936203 0.188291252 0.345487028 0.330136716 0.0705056489 0.0442090482 -0.241687685 0.0319777951 0.0573253632 -0.902297497 -0.660596192 0.32227394 0.627577543 -1.2087003 -0.291388422 0.316538811 -0.030766556 1.008955 0.532211602 0.0362844206 -0.246097803 -0.764073014 -0.321223378 -0.0691112205 -0.545569301 -0.432715535 -0.706865966 -0.488489538 -0.4374291 -0.640294433 -0.729595959 -0.499667585 -0.108390212 0.245303079 0.810168862 0.326988578 0.967211366 -0.265259296 -0.375422895 -0.110261142 0.18122831 0.12516652 0.0931030586
