tensor_linearrelustack6weight 32
-0.512032688 0.438666135 0.35646227 0.28712523 0.215882197 0.38418901 0.252213418 0.251463681 0.19211553 0.291657031 0.26109454 0.234307587 -0.288328111 -0.103190921 -0.116503537 -0.250427306 -0.379405797 0.249236479 0.231708854 0.400856912 0.383960754 0.251445353 -0.148860052 -0.382347852 0.250183791 0.330045432 0.569173455 -0.103554696 0.198518157 -0.247562021 -0.165899619 -0.0793816745
tensor_linearrelustack3bias 32
0.223637536 0.314996064 0.549722373 1.28616881 0.993163049 0.522574842 0.0934561789 0.974621177 0.153515443 -0.469323337 0.84540695 1.00472462 0.740700245 0.525849164 -0.321776867 -0.184691623 -0.501039028 0.593320966 0.108545445 -0.832219839 1.23517704 0.376468837 0.910979867 -0.145587921 1.16332638 0.790667653 0.957102239 -0.66330564 -0.192997128 1.32782495 -0.511525929 -0.138724387
tensor_linearrelustack3weight 2048
-0.0946020707 -0.0925958082 -0.41034171 0.179936484 -0.146801829 0.0254047308 -3.30452704 -0.0717489794 0.154557437 -0.440306276 -0.154483482 4.20118952 -0.083092235 -0.68430084 0.0758796185 0.455875933 -0.429871172 -0.244323343 -0.0503638573 -0.362427503 -0.265628457 -0.0686834529 -0.733548999 -3.60390878 -0.6985811 -0.0702340603 0.177853003 0.226966083 0.28902626 0.0536969751 -0.0449392833 0.0214623921 -0.428711474 -0.279036134 -0.116237342 -0.19589138 0.0432669111 -0.311952472 -0.212765634 0.605696857 -0.213894233 0.119992912 -0.236996651 -0.227382362 0.166408792 -0.0106492089 0.291890293 -0.172939673 -0.148537993 -0.133326411 0.856193721 -0.966180921 -0.288278133 -0.488241285 0.62388736 -0.770401895 -0.105711967 0.235045105 -0.170840099 -4.30110979 0.539898753 -0.127851933 -0.269247413 0.00826878566 -0.118835233 -0.0388288014 -0.0592618957 -0.0231476165 -1.67738152 0.449331045 -0.570021331 -0.0577805229 -1.6938926 0.33481428 -0.052237913 -1.30950415 -1.86384869 0.990653217 -0.245626763 -0.0245997142 0.616014957 -0.582111061 0.327475101 0.398996145 0.470429957 0.546463251 0.728099525 0.0335947126 0.273681343 -0.398612797 0.271736085 -0.404001862 -0.313272864 0.12985386 0.28458187 -0.294451922 -1.87862968 -0.873703182 -0.0839631781 -0.141602546 -0.263581902 0.0447862931 0.0127144419 -0.610792279 0.137212649 -3.22340083 -1.33741796 0.146783426 0.081242688 -0.543396533 -0.950396597 0.394631058 -0.261758029 -0.0514549352 0.411181152 -0.0119257579 0.34563455 0.358576685 0.696612775 -1.44398689 0.332731247 -0.434328794 -0.925471246 -4.06491327 -0.459991127 -2.86035585 0.293465853 -2.52475476 -0.0234431159 0.649104297 -0.287895381 0.248990223 -0.76703757 -0.121469334 0.127865881 -0.33531484 -2.47849417 0.0432923287 0.649870515 0.292690098 -0.330970138 0.072925128 0.19401136 0.281539291 -0.519227445 -0.014208612 -0.299375594 -0.442718327 0.470160484 -0.749871194 0.0272685215 -3.8530736 -0.786761343 -2.02008319 -0.865289748 0.583013356 0.185585871 -0.329043984 0.104414932 -0.0539712012 0.999586344 -0.53859663 0.181275472 -0.186195433 0.353322297 0.668255448 0.502129376 -0.175637349 0.414804012 -0.649414778 -0.603287935 -0.331498682 0.0401788466 0.449481368 -1.19856989 0.287897497 0.300444543 -0.88411808 0.343468428 0.107561454 0.186454654 -3.54816675 -1.62888813 -1.28367448 0.158737823 0.351957768 0.213318989 -0.107216865 -1.07579088 -1.17908716 -0.0475097597 0.734104156 -1.27842557 -0.142242283 0.12445721 -1.58736873 -0.0839209035 -2.13272357 0.102582425 0.221916527 -1.83332002 0.130317032 -0.383015186 -0.430109382 -0.313581169 0.502107501 -1.16045225 -0.108731978 -0.95587939 0.00402611401 0.112715743 -0.313352317 0.127106071 0.449629456 0.118862584 0.0491072424 0.0749706179 -1.13284469 -0.759807348 0.403908551 0.0215550419 -0.179424316 0.07067395 -0.0938102454 -2.19936323 0.0949715823 -0.301943928 0.211827919 -0.115842454 0.601100862 0.0326721258 0.0465103053 -0.171628296 -0.41713208 0.0326058082 -0.494727969 -3.93981791 0.157708958 0.414190382 -2.45955539 -0.0745131299 -0.986950994 0.594406962 -0.47884807 0.292463124 -0.360455573 -1.39996445 -0.40884918 -0.382234395 -0.475828946 -0.245430782 0.138717949 0.507274926 0.333254576 0.170961469 0.579890609 0.0234740693 0.355716079 -0.658225536 -0.363578081 -0.515868783 -0.505872965 0.0409188829 0.035456989 -2.23298073 0.037909992 -0.000394266594 -1.57077372 -0.0402078032 0.257733077 -0.165347919 -0.462538123 -2.65083647 0.407939464 -0.481771052 0.549405336 -0.46501565 0.165003598 -0.185177222 0.0431783572 0.034102425 0.0881105512 0.258381516 -1.31694174 -0.111678354 0.0802391768 -0.45330134 -0.484909505 -1.14797223 0.365178287 0.134734854 0.597260416 0.214040771 -0.12676017 0.263525009 -0.140786931 -0.00152140274 -0.0673254654 0.0794586018 0.18178986 -0.0325533524 -0.102530003 0.178167135 0.235366583 0.0848026648 -3.85866046 -1.173262 0.0886077955 0.0897823125 -0.34029606 -0.698190451 -0.0336674079 -2.92535853 0.170619801 0.132828519 0.352668554 0.50792861 -0.136498138 -0.59712404 -0.195300296 -0.56048578 -0.686157048 0.205364078 0.120955907 0.276159644 -0.716192365 0.143504888 0.182118535 -0.0407335609 -0.0149123697 -0.755077302 -0.324220896 0.67697984 -4.17812109 -0.00792590622 -0.174668998 -1.48896194 -0.19962275 -1.07295644 0.38976869 -0.376713961 -0.763475358 0.523657322 -0.233239308 -0.150761962 0.415929496 -0.179509208 0.0332082026 -0.190414786 -1.71107876 0.326187044 -0.376647711 0.921442091 -0.438456953 -0.456768245 -1.37070203 0.241111279 -0.937750697 0.142946243 0.385079771 -0.0796936154 0.100281209 -0.0263010953 -0.202060297 -1.17487013 0.288461059 0.21032618 -0.437358379 -0.490491867 0.193745941 -0.731605589 -0.572979689 -0.424906671 0.353094071 0.140320137 -0.150016248 -0.0646621659 -0.122717693 0.28016901 -0.32744354 0.544594347 -2.61462903 0.102401465 0.304215521 -0.208810642 -0.598202765 -0.838111937 -0.308598608 -0.357526898 0.218030497 -0.241109222 0.223755896 -2.44572711 0.314916104 -0.0338940844 -0.994473755 0.407679051 0.436906248 0.121948123 0.00592650007 -2.69681239 -0.987064004 0.307686806 0.461399674 0.0257885661 0.468652576 0.0844568387 0.366858095 0.155203089 -0.439305454 0.17310898 0.252064258 -0.360983878 -0.0478061922 -0.221963048 -0.881577194 -2.51271057 -0.0599744804 1.72030663 0.0429345183 0.0669482648 0.520515323 0.428949505 -0.246809408 -1.01081836 -0.289236397 -1.01709187 0.203020513 -1.10784221 -0.179252043 -1.49197555 0.232471645 -0.365126193 -0.172500044 -0.111306898 -0.118670106 0.129697248 0.29693082 0.116266035 -1.20806909 -0.018541174 -0.242112353 -1.09418774 0.682706058 -0.489358068 0.710929096 -0.749530911 -2.29539371 -0.210806742 0.224759623 -2.30947638 0.212279454 -0.166381851 0.728895068 0.186285883 -2.69751763 0.541702688 0.273275673 -0.38102901 0.0059361211 0.233671546 0.68727529 -0.0379659757 -0.795800269 -1.89057672 -0.125204161 -0.0327220671 -0.47627008 -0.164648369 -0.154631048 1.1951983 -0.513197124 -0.0293333568 -0.237049758 -0.781324506 0.11350479 0.130023167 -0.196604431 -0.120889381 -1.17384255 0.889896393 -0.0384624898 -0.713245749 0.199396968 0.128452122 -0.863100708 0.67396301 0.414630085 -0.327571332 0.0825568214 0.0550698712 -0.0458720773 -0.184242323 0.757580042 -0.127810672 -0.381619692 -0.0105620688 -2.09732962 -1.05281937 0.0848520622 -0.0715822652 0.09837161 -0.241376176 -0.0677008554 -2.2711494 0.347636163 0.165136337 -0.147421509 0.181586653 -0.534241378 -0.607951343 0.112286769 -0.0255862866 -0.723257005 -1.69042456 -0.303417921 0.120105743 -0.985181808 -0.0605892837 0.797604084 0.328357607 0.198882222 -0.559296668 0.320376635 0.122490615 0.0408945195 -0.624392271 -0.00164713489 -4.12266684 0.188156337 1.10663021 -0.981816053 -1.00570476 0.240658879 0.201262653 -0.169267416 -0.14233321 0.343332022 0.299374551 0.693725348 0.386951029 -0.187956542 -0.959179521 0.251438588 -0.368368506 0.588078499 -0.90217191 -0.668548048 0.511725664 0.00399066042 -0.676820517 0.0971251801 -1.16460764 0.0383584052 0.306720644 -0.246099755 0.621145725 0.153040737 0.846843839 -1.63724267 -0.00440339092 -2.60530663 -0.716521978 0.364932239 -1.15052962 0.2272975 -0.130175784 0.037161991 -2.75025487 -0.189347491 0.208026469 -0.0225475952 -0.259794801 -0.189818457 -0.374612063 -0.020502612 0.237869263 -0.357571453 0.843361437 0.233567119 -1.98771501 0.607722461 0.259907693 -0.00790413376 -1.3378644 -2.01545787 -0.205099925 -5.1757226 0.126182854 -0.343285173 0.023370266 -0.898355186 0.259977669 0.447210908 -0.108544692 -0.790653944 -0.131475061 -0.00492426148 0.936376274 0.583209157 0.405577898 -0.207861841 -0.389982313 0.513567686 0.00784521177 0.0176297352 -0.678268135 -1.39431787 -0.359455675 0.342337489 0.138785481 0.0273769274 -0.277692497 0.218071505 0.627440393 -0.0991275311 -0.12456613 0.103389591 -0.163030013 0.393592805 0.234053239 0.0525078289 -3.01731205 -1.2983495 0.783552706 0.643437326 -0.539466858 0.620463848 0.92280817 -1.23950458 -7.27050924 -1.63107347 0.313393295 -0.41245541 -2.79011297 0.0199574903 0.137334079 -0.240875036 -0.17305778 -2.02822042 -0.162043035 0.377108574 -2.6655879 0.1204575 0.133832455 -0.395134479 0.0870656967 0.171916813 0.716162801 -0.0161702875 -0.111856237 -3.13755631 0.0325387679 -0.951164842 -0.438634217 -0.246932209 -1.37695575 -0.220981494 0.179710895 -0.180686429 -0.259852111 0.0910547525 0.855219066 0.189975351 0.0808921903 -0.375648767 -0.167799935 0.0933639333 -0.931817174 -0.202801779 0.155848652 -0.0775379613 -0.471749157 -0.771833539 -0.0446739085 0.414206326 0.406937093 0.008159169 -0.866654694 0.173615202 -0.329378277 -0.189493865 -0.247472152 0.591535389 -0.384214342 0.565640569 -1.201437 -0.665155113 -0.873004556 -2.07562542 0.0400901325 -0.0758997872 0.0169279743 0.261986762 0.626057923 -0.2309331 -0.843770802 -0.329923183 0.106425256 -0.901305377 -0.268169522 -0.335616052 -1.69751537 0.541306496 0.0853377283 -0.107996628 -0.121929929 0.0727619752 -0.430755973 -0.152420253 -0.0799970776 -0.442491323 -0.671400547 0.033281222 -0.12239866 -0.67238462 -0.328229487 -1.18534851 0.311068177 0.122176416 -0.509535789 -0.698081434 -0.426976562 0.313800097 0.110996328 -0.0492829904 -0.764180183 -0.441079736 1.39758205 -0.115234368 -0.399550766 -0.50472188 -0.369991899 0.0906639174 -0.342546135 0.221554786 -0.262163728 -0.080464609 0.213036731 0.0733188912 -0.838965714 -0.442602813 0.00668442203 -0.0931546316 -0.0819984823 -0.0285506267 -0.473362327 -0.00182380597 -0.123341709 -0.17562376 -0.401143283 0.425038218 0.388522804 0.499466658 0.0661323667 0.0914378464 0.45836392 -0.0873793215 -0.875794232 -0.709296942 0.211683124 -0.119110137 -0.744455576 0.408981144 -0.502350986 0.216518253 0.278555244 -0.698290467 0.145629853 -1.53985453 0.102565803 0.448610842 0.256639779 -0.14653714 -0.583030224 -0.129716173 2.24502444 -0.290680766 0.0470420532 -4.48983622 0.0248107146 1.06973505 -0.297058821 -0.834413409 -0.213739082 -0.0402877256 -0.239149109 -0.0300992243 -0.147547781 -0.148842081 -0.511136591 -0.2117908 -0.443269223 0.370086133 -0.0658553541 0.638334334 -0.0346381851 -0.0678438172 0.255547792 0.523959517 -0.0913944319 0.13528344 -1.28871012 -0.061495766 0.0120620513 -0.675419331 0.147850007 0.570380688 0.591077387 0.497773319 -0.24415262 -0.85941571 -2.0601449 0.0694419667 0.332937062 -0.814895511 -0.239741266 0.0765316039 0.337785751 -0.927246094 0.242991716 -0.165139437 0.681118309 -0.961401939 0.0513141528 0.406915903 -0.0380279459 -0.156918824 0.0396834388 -0.149848551 -0.23252511 0.362533003 -0.0826760605 -0.503465652 0.25706315 -0.176900253 0.479786247 -0.25798431 0.188150406 -0.438402206 0.310744852 -0.127198607 -0.180808678 0.503299117 -0.0769258291 0.684100389 -0.468973517 0.207500041 0.00913697109 0.177496746 -0.00626701117 -0.387010694 0.411101788 0.499119848 -0.168659374 -0.992382467 -0.589390457 0.394404024 0.310500085 1.33905196 0.100634374 -0.043668028 -0.209416762 0.514308512 0.0692019239 0.222922623 -0.119311288 -0.205368176 -0.142935455 -0.129309684 -0.0508701839 0.173092395 -0.263171852 0.443635494 -0.0693041161 -0.218127161 0.932670653 -0.546004891 1.18239832 -0.412374973 0.0806589872 0.0989911184 -0.185996339 0.0256581064 0.0237452704 0.416727513 0.516787231 0.736581028 0.322292745 0.912794292 -1.3507154 -0.401282847 0.351555139 -0.180620357 0.497300714 0.21861504 0.00724219112 0.651345849 -0.25773716 -0.197221249 0.0864166766 0.346991152 -0.438623905 -0.221475184 0.118943118 0.316701233 -0.0636724532 -0.922420442 0.00685467571 1.51825118 0.0665672794 0.156902477 0.427005589 -0.110859588 0.320577323 0.129057929 0.107202969 0.396430701 -1.27099645 -0.277011126 0.0912032872 -0.540598989 -0.226051331 -0.208395183 0.463551879 0.322490752 -0.379541785 0.548596621 0.522910893 -0.0770313814 -0.0503986962 -0.138338178 0.00439380342 0.253345698 -0.0310361069 0.589909136 0.457831204 -0.240910053 0.0820821002 -0.821394145 2.79404521 0.036391601 -0.208277524 0.0296632946 -0.0531102419 0.338317305 -0.582346439 0.240084529 -0.0640040636 0.402278364 0.0877913907 0.152043387 -0.344375968 -0.110617951 0.263482541 -0.816016793 -1.50528169 0.470649123 0.73598206 -0.0284863934 0.204733431 -1.36199665 -0.152060345 -0.682322741 0.680431843 0.581939638 -0.487694621 0.0781658068 -0.159260184 0.16968064 0.358567536 -2.93354201 0.118042402 2.11765957 0.648875594 -0.0439103879 0.124120727 -0.0649118125 -0.803235948 0.30518505 -0.544721246 0.489611059 -0.82469362 -0.325972021 -0.0682477728 0.383114994 -0.356937826 0.0714607686 -1.09701562 -0.480487496 1.13821471 -0.452246398 0.237920925 -0.495513231 -0.718209922 -0.115893297 -0.34781912 -0.0759903267 0.368875563 -0.881708145 0.402359277 0.128359213 0.270996124 -0.193114877 0.947422326 0.128727153 0.658482313 -0.479359716 -0.229998812 -0.41718024 0.053190209 0.156121776 -0.698789299 -0.342699319 0.722591281 -0.540220737 0.321981549 -0.0314589031 0.429158986 -0.396175742 -1.20789051 -0.224006295 0.159719169 0.716162443 -0.0676146522 0.866503477 0.0526637807 -0.263419747 -0.169925213 0.400299311 -0.529673696 0.14153561 -0.0848769769 0.0546106808 0.0234261844 2.70402861 -0.145873323 -0.0432217605 -0.0662981346 0.0542952679 -0.110842362 -0.304328293 -1.10614586 0.283469647 0.981991172 0.0172502678 -0.281454831 -0.488066435 0.059957847 -0.403926492 0.363676548 0.716446877 0.0417035446 -0.0871954411 0.0406821445 -1.72101963 -0.158306584 -0.262066752 0.00604544254 -1.55464149 -1.01047134 -0.231375962 -1.08558297 -0.0377127975 -0.0985997319 0.261443049 -0.310931116 0.19378835 -1.81804287 1.19291878 0.426389039 0.475090593 -0.308624804 -1.29601133 -0.676319838 -0.167248487 0.146384418 0.0738521293 -0.77980417 -0.246199057 -0.321255147 0.355889112 0.028360337 -1.26811743 -0.232043117 0.173217386 0.193585962 -0.147070214 -0.723629177 0.00431102095 -0.0678559616 -0.775292397 -0.0862411186 -1.85115075 0.187163562 0.360902131 -1.66172922 -0.332525939 -0.0351691954 -1.08058417 -0.572878957 -0.123521447 -0.388962001 -0.531258702 0.626682341 0.51643306 -0.142349884 0.346727282 -0.567301095 -6.73999893e-05 0.780544817 0.277997315 0.225144699 -0.536261022 0.353901416 0.555692315 0.874353647 -0.507819653 -0.474350542 0.580290556 -2.41188574 -1.14644635 -0.493660003 0.257894605 0.0261919461 0.498961538 0.0645709708 -0.568840086 -0.676327169 -0.0810150579 -0.387424946 -0.623739779 0.525481343 -0.419091374 -1.01699185 0.186817005 0.079716146 -0.177319348 0.382255793 0.212681115 0.289449215 0.110421449 -1.02951288 -0.453900874 0.28000325 0.17237635 -1.30638933 -1.12238514 0.256912738 -1.95927608 0.956097662 0.363061309 -0.571132541 -1.019701 0.332151234 -1.2258935 -0.0870115533 -1.37698543 -0.510808587 -0.330952674 -2.113657 0.662036538 0.0475921892 -1.68454933 -0.0566532165 1.40132558 -0.328625858 -0.243349537 0.0519582592 -0.0612369515 0.0161721352 -0.122424044 0.374753863 -0.313317448 0.480289727 -1.01288831 -0.0189699605 0.139551669 0.787970781 0.881985426 -0.46340242 -0.486387521 -0.752160728 0.0773700848 0.619552732 0.138055295 -1.51949441 0.258479536 0.242640898 0.208108991 -0.316158205 0.176189765 0.754119039 -0.0914621353 0.594729722 0.828519106 0.577109754 0.0115804076 -0.145081595 0.417853534 0.296780556 0.433734417 -0.485049516 0.182338819 -0.117064677 -2.64410353 -4.1103282 -0.788123906 -0.293129414 0.367655039 -1.03598535 0.103317395 -1.58878946 -0.698481679 0.142011389 0.142242998 0.0675176084 -0.243884191 0.424167424 0.398667097 0.145556659 0.272292346 -0.334091067 0.333096147 1.09058464 -0.178934544 -0.178770348 -0.319697171 -0.078369841 -6.50562525 0.390713364 0.374898165 0.890732288 -0.234688699 0.232269347 0.215003774 0.0766107589 0.0635552257 1.29989886 -2.07951593 -0.207393393 0.167161569 -0.303483576 -0.497751117 -3.52348471 -0.380511045 0.15297401 -0.161841333 0.568518877 -1.73444664 -0.122082919 0.0486171655 0.199584454 -0.63727212 0.371471882 0.308376044 -1.05593383 -0.28930214 -0.410503894 0.631694913 -0.409889549 0.180273443 0.477491885 -0.346251398 -0.386619121 0.467146277 0.141038388 -0.490889817 -0.437710166 0.196364269 0.355909139 -0.147395983 0.00674093654 0.0560502708 0.31444943 -2.02029419 -0.859027207 -1.0985806 -0.161003843 -1.18596852 -0.403239101 -0.316094518 0.160287738 -0.542642057 0.199392661 -1.7613008 0.00169922831 -0.148507714 -4.04053211 0.195242956 -0.250626862 -0.16395016 0.0745163187 0.472545117 -0.15735364 -0.206079379 -0.395313263 -0.0340388902 1.00538993 0.622222602 -0.244514421 -0.653303742 -1.05864882 0.19051291 -0.150602132 0.0297558457 -0.0714646056 0.00536869094 -0.0598338246 -0.0218037143 -0.160241246 -0.125368863 -3.21475482 0.0715849474 -0.81957382 -1.17942083 -0.186595559 0.486060768 -0.0520191193 -0.356112927 -1.2287823 -0.107605882 -0.078164041 -0.0456577763 -0.33425796 0.116618276 -0.0291894451 0.0172025859 0.0448434465 -0.10752701 -0.379780084 0.412137657 0.134697318 0.814090848 -0.891317904 -0.0654363483 0.0400092006 0.106168896 -0.725156307 -0.317694157 -0.339732409 0.0121735213 -0.380879611 0.0269333851 -0.571300209 -0.505490899 0.353049457 -5.01534367 -0.382018507 -1.20780957 0.0881825387 0.18377234 -2.45565844 1.00518119 0.00774801616 0.14074862 0.16067712 0.726038873 -0.232422218 0.208089098 0.932723701 -0.0782131553 0.478162944 0.0175521467 0.100581974 -0.345348746 -0.644175589 -0.117844425 -0.473069727 0.10061653 0.711398065 -0.345788896 -0.332263082 0.460607737 -0.308917314 0.0259015169 -1.36040425 -0.068066135 -1.14409208 -0.104713753 0.197543129 -0.85695523 0.297058433 -0.710174978 -0.594856679 -0.224235788 -0.208312124 0.180114985 -0.990646839 0.387278736 0.334757715 -0.068531245 0.146145701 0.555223465 -0.566330552 -0.14817217 0.147219673 -0.243888825 -1.26420844 -1.08773267 -0.302907556 -1.81089973 0.141038552 0.402999341 0.151486143 0.318759888 0.211066261 -0.424077809 -0.200348929 -1.09144711 -0.624166489 0.74374634 0.187137529 0.108128808 -0.543877423 -0.127131417 1.52030468 0.128054127 0.418684661 2.90921783 0.100836173 -0.313976139 0.156006083 0.381321311 -0.387724221 -0.0389082283 -0.206501618 -0.57882309 0.106567055 0.0627336726 0.351781607 0.0658930317 -0.334862977 0.198853537 0.299269378 -0.85891515 0.520594358 -0.145513356 -0.627839684 0.760694981 0.0284660477 0.0119061265 -0.190482393 -0.452343524 0.408652484 -0.162014589 -0.840671837 0.322682172 0.471026272 -0.34202224 0.133061543 -0.197323874 0.376935035 -0.435113519 -0.220222577 -0.355129123 -0.705400825 0.0486925989 0.494435877 -1.15072048 0.123918004 -0.543098271 -0.10071449 0.324629724 -0.324528217 0.352334946 0.625504732 -0.370269388 -0.071009405 0.18353112 -0.291050017 -0.613094985 0.464659721 -0.397192031 -0.0658889189 -0.0865824521 0.268453658 0.30733639 0.117825903 0.107886307 0.810926199 -0.18320775 -0.283369869 2.21928978 -0.0293972548 -3.92696977 0.00813253038 -0.40825054 -0.0398237891 -0.237360612 0.0712302625 -0.243178263 -0.0563562959 -0.465048403 -0.168428481 -0.0897129551 -0.0679051429 0.48090449 0.371742308 -0.00080055627 1.00332868 0.0588533245 0.172855049 -0.0584638715 0.524645984 -0.509095252 -0.685297787 0.0136210807 -0.197211951 -0.729217172 -0.0394723825 -0.29131791 0.337266952 0.0205696281 -0.88611871 0.0871560499 0.783582151 0.0466999635 -0.244198427 -0.151058942 0.0703612044 -0.332158208 0.488108188 -1.20294881 -0.525293827 0.288717866 0.324352086 -0.182303175 0.416633189 0.0884897634 0.142762676 -0.0334185772 -0.386903077 -0.264282197 -2.59283781 -0.118579224 -0.618653834 1.09705138 0.494331002 -0.636614859 -1.09507525 -0.112573795 0.26688835 0.272829145 0.0324034169 -0.0660844892 -0.255915433 0.201594964 -0.587768197 -1.10641062 -0.435512513 -0.3687222 -1.74143302 -0.279467463 0.583536506 -0.0104161352 -0.783198714 -0.456750244 0.753061414 0.315554351 0.134202972 -0.137585282 -0.295345992 -0.410925865 -0.416674852 -0.185573742 0.523765564 0.173897564 0.221663252 -1.12468266 -1.31182277 -0.615143001 0.208823696 -0.167548373 0.481713444 -0.724247992 0.57864815 -1.15316403 -0.00310880714 0.207609206 0.638531923 -0.227982759 0.0601411536 -0.280299544 0.0938801765 0.0535245873 0.56333822 0.134558961 0.108179919 -0.0323862582 -0.429437667 -0.375272572 0.197576001 -0.12494649 0.0691673309 0.16283904 -0.603856027 -0.785462558 -0.00572672859 -1.00575209 -0.114808381 2.07410431 -0.121255785 -0.190462738 0.0466423221 -0.149874955 -0.294985622 -0.0533505157 -2.19722986 -0.467711747 0.359552711 0.587198317 -0.256624609 -5.24668312 -0.20433186 0.0253534336 0.213623703 -0.0457580052 -0.441421568 0.255256087 0.316322118 -0.0940416381 -0.0833169818 0.206120938 -0.403778434 -0.647471368 0.0723455101 -0.00570656359 0.357183039 -0.222303674 -0.251543701 -0.00333077786 0.571626246 0.0594946146 -0.234115481 0.76959157 -0.44397527 0.000390008761 -0.249773771 -0.00766361086 0.362920731 -0.427556068 0.104225874 -0.14887093 -0.613705754 -0.232454702 0.47882852 -0.865016878 0.0516397767 0.051561337 -0.0129813347 -0.137686834 -0.075023964 -4.54885387 -1.20957339 -0.0980079919 -0.0321006887 0.334808618 0.0811174288 0.104605004 -0.286433697 -0.37281397 0.19224225 0.0435237214 0.0520524494 0.842600524 -0.101616509 -0.113393262 -5.46391678 -0.30458197 0.040313717 -0.0197947808 -1.7319454 0.226629451 0.24746339 0.697084785 -0.946977079 0.061225798 -0.676153898 -0.0448763408 0.204539418 -0.534478366 -0.250138283 -0.58272469 0.000703008147 -0.182085425 0.338036567 0.112690493 -0.497095495 -1.68494976 -0.301655173 -0.0558076948 -0.557718337 -0.888913035 -0.0961705372 -0.316235483 0.226826161 -0.531046391 0.0410424396 0.00495420443 0.0276198797 -0.31024912 0.448650748 -1.07715416 0.634212017 -2.35337281 -0.832831085 0.216556057 0.197556451 0.515659034 -2.79366088 0.268536776 0.168879643 0.216050684 -0.289991587 0.277956694 0.249188811 -3.2481668 -0.366544008 -0.189720184 -0.270278484 -0.301065624 0.307463735 0.33140412 -1.70202255 -1.38076746 -0.693063855 -0.604119241 0.177977622 -0.450068504 0.581700742 0.0880307853 -0.0253454987 -0.0946451575 0.576512575 -0.622380674 -0.0525359809 0.231101602 0.782301307 0.185655057 -0.131259829 0.91186142 0.312678039 0.203428373 0.363199264 -0.0340664275 0.0348209403 -0.277473629 0.220439866 0.517425299 -0.0592542142 -0.32123962 0.111927949 -0.313394755 -0.248244897 0.480716944 0.324430585 0.0571756996 0.586080134 1.14298129 0.0611122325 -0.310141116 -0.165465444 -0.334858388 0.000639296079 -0.0762767494 0.188505575 0.163088992 0.0893233716 -0.0390445143 0.367838591 -0.848324835 0.982854247 -0.694890082 0.330000281 -0.7731691 0.130077526 0.297557652 0.103794374 0.454025 -0.154610842 0.472331047 -1.12478042 0.110031791 0.63053292 0.79797107 0.749651492 -0.499427408 -0.0118581858 0.672424734 0.351554126 0.204697043 0.144043848 0.104321703 0.693061292 -0.19307974 -1.44868839 0.336661994 -0.227464899 0.0798034966 -1.6451112 0.0284629688 0.460753053 -0.857396841 -0.120907322 -1.22768033 -0.0421065949 -0.0609053858 1.86806118 -0.361453116 0.0560115911 0.698867083 0.154332295 0.56110096 -0.0410933644 1.16457343 -0.337825775 0.108152993 -0.278726578 -0.534914792 -1.77176166 0.0811339766 0.365035951 -0.493628293 0.419446588 -0.0507505164 0.617673934 0.695608079 0.308754921 -0.388873696 0.130893663 0.106410883 0.329909235 -0.456480771 0.152049974 -0.116352089 -0.303169817 -0.212546661 -0.325660408 0.630209804 0.30764389 0.261757523 -0.425921619 0.03264267 0.184387594 -2.44109678 0.030453736 -0.850603938 -0.135951012 -0.12507537 -0.0121016987 -0.33870253 -1.25134254 0.0131964143 0.0475889184 -1.08334017 0.21863465 0.0716908798 -0.144167215 -0.2966052 0.169798896 -0.145939082 -0.544396758 -1.38696301 -1.6760422 -0.0964677632 -0.0918617398 0.320093393 0.207131669 -0.539665103 0.182046711 -0.554938555 0.673677862 -0.305282444 -0.462104321 -2.29845381 -0.613401115 -0.393138438 -0.196074545 -0.168663591 0.00354600279 -0.113026433 0.392410696 0.550232112 0.160202324 0.107856728 0.842319071 0.441469818 -0.757367194 -0.435962617 -0.0685072988 -0.0770605803 0.0772665814 -0.278070658 -0.991509616 0.0541430265 -0.397365242 -0.307566643 -0.0724562928 -0.345640033 0.352876723 -1.92406762 0.312328845 -0.396864831 -0.256941885 -0.0290957522 -0.226248249 -0.272311181 -0.634824634 0.906112194 0.287424207 -0.0633077621 0.11342366 -0.108383909 0.940533936 -0.425527394 -0.191138893 0.0436437912 0.0641317144 0.368504494 -0.208024919 0.527495861 0.374388963 0.31590575 -0.810831189 -0.22064513 -0.0338856988 -0.235643849 0.373332739 0.0927734524 0.455230772 -0.72437799 -0.359321266 0.124973111 -0.358347863 1.01693964 0.702922165 -0.180051222 0.0683528408 -0.130584151 0.672173202 0.267518967 -0.230727509 -0.83624208 0.195317909 0.410795331 -0.642533362 0.664902747 0.119544409 -0.0899732709 -0.40437308 -1.20169091 0.706548035 0.628652632 -0.25335148 0.0108214263 0.24374494 -0.256530136 0.365281969 -0.0635888875 0.0684122071 -0.495665401 0.59744513 0.067095086 -0.192170918 -0.328258246 -0.282600224 -0.0137931556 0.0576472841 -0.265644997 -2.11742783 -0.246525347 1.71567631 0.205296591 0.184569329 -0.48695904 0.856963456 0.152178243 -0.529169142 -0.571210384 0.506091654 -0.00161351135 0.906286955 0.288160443 0.125767753 0.213952705 0.55477035 -0.110606581 0.310771406 0.214226499 -0.0597948432 -0.390735686 -0.097896859 0.164570242 0.361873657 0.140735462 -0.313759506 1.39116371 -0.410619736 0.253204226 0.69383949 -0.0469724387 0.14169696 -0.117829174 0.572701156 0.566134095 -1.77905118 -0.222883299 -0.0083020376 -0.4632608 0.270551622 0.345233649 0.73640734 -0.0372496136 0.259511024 0.475871742 0.34967649 0.346534431 0.145620957 0.0136254393 -0.369339317 -0.19412896 -0.00500810938 -0.103086635 0.509756088 -0.133798316 -0.0501016788 5.01427821e-05 1.23733711 -0.464271784 0.758588135 -0.545395851 0.0610179305 0.0476878211 -0.524806023 -0.105766237 0.184708059 0.344737738 0.0570560098 0.376471817 0.822259903 0.723553777 0.183781922 -0.326600075 0.891430855 -0.12924026 -0.0553487949 0.709333777
tensor_linearrelustack0bias 64
-1.00389206 -1.59934688 -1.32386589 -1.09670722 1.39352334 -1.0728749 -0.674408853 0.389949948 1.51055014 0.303211451 -0.964318871 1.93468571 0.00224171369 1.31218898 -0.913130462 0.342587143 -2.20161057 -0.411708444 -1.17044711 0.398622304 0.356082171 0.0883430541 -0.720418155 -1.63353252 0.275381863 -1.37495625 -1.11878884 -1.13326681 1.18847823 0.513387084 -1.04233384 -1.70435107 1.35690117 -0.0786212757 -1.92891252 -0.218382999 -0.555410385 -1.39672136 -0.0445997417 -0.316065431 -0.945128381 -1.12872005 0.986983001 -0.2779333 -1.63749695 -0.580319047 1.50306284 -0.472077578 -0.478485435 -1.61170888 -1.49217463 -0.296521991 0.222413242 1.58139741 1.01412392 0.686676025 -0.447070748 -1.0073899 1.35482144 -1.39416838 -1.17447269 -0.319702268 0.631545067 1.12598395
tensor_linearrelustack6bias 1
-1.44863462
tensor_linearrelustack0weight 1280
0.0644805208 -0.155247077 -0.453368515 0.111991733 0.041102834 0.019228125 0.0557231903 0.094716765 -0.612827003 -0.383072883 0.0558316521 0.2994335 0.0293245427 -0.198809475 -0.231272772 0.0122949146 -0.510830581 0.234503821 0.17975162 0.873007536 0.0337507613 -0.106575333 0.02971448 0.101520635 -0.0204275995 0.122458413 -0.00364766875 0.0287510175 -0.173086122 0.645022869 -0.0864419788 -0.0396630801 -0.844244421 -0.0387168787 -0.144621745 0.105581991 -1.92472184 0.853507459 0.272936672 -0.152602956 0.139096543 0.0248325504 -0.105266914 0.49216643 -0.00543924887 0.188780293 -1.29538405 0.0449714959 0.101573519 0.235428035 -0.261825383 -0.0733332708 -0.214367136 -1.09635139 0.137190327 -0.148737252 0.0861320496 0.661815107 0.447473139 -0.460114181 -0.575299621 0.174817219 -1.54612553 -0.273912311 -0.129224107 -0.28946647 0.0650324225 -0.0547877923 -0.0257952493 -0.123019233 0.121809959 -1.09993804 0.414588958 -0.125481486 -0.125055954 0.46129483 1.07985938 0.0471498854 0.125373244 0.344738543 -0.120746523 0.0859140754 0.00053116784 0.08642786 0.0245555211 0.00914669875 -0.0223860238 -0.0329537913 -0.7934919 -0.353441775 -0.129903257 1.46699572 0.883291602 -0.121282481 -0.0631387159 -0.0197673719 0.0656442046 -0.303384185 0.0914558396 -0.756006002 0.154740691 -0.330181569 0.245856911 0.0194426663 0.0316241346 0.0652599186 -0.0143046677 0.074940227 -0.277088284 -0.0320589952 -0.0114351064 0.725791514 0.293359846 -0.188204765 -0.285180032 -0.0484457277 -2.28045654 -0.0456068702 0.258481681 0.297305018 0.059258908 0.149174154 -0.515015423 0.566578448 -0.350720197 0.368349135 0.467560023 -0.150708675 0.223151445 1.03262222 0.135769084 -1.16217852 -0.601484478 0.100480385 0.858313739 -0.398725331 0.272149682 -0.0189192966 0.413985759 -0.191752255 0.173510134 -0.158896402 -0.289845824 -0.0165779814 -0.0124943135 0.161125034 0.210488528 0.208746657 0.513076484 0.250305593 0.166265652 -0.724271655 -0.0550833009 -0.293759584 0.0500120148 -0.376189977 0.504327953 0.52848196 -1.70715439 -0.457294852 0.0596691445 0.167950124 0.118556865 -0.0727623031 0.0620921329 0.0539736114 -0.0549167395 0.0874888897 -0.0341483131 -0.0145140793 0.113466613 0.248317361 -0.0783545524 0.0922882184 0.141217768 0.0371797122 0.924805105 -0.0267902557 -0.145893827 -2.02523589 0.247543842 0.249355048 -0.0392022692 0.013334698 -0.0213709865 -0.0474923179 0.0292198863 0.0636213794 1.88410079 -0.295242399 -0.198176593 -1.12365746 -0.148035765 0.208220676 0.10399799 -0.322609782 0.115713239 -0.123353042 -0.188784763 -0.354025811 -1.14636469 -0.0642041788 -0.312602729 -0.41441077 -0.0940057486 1.00568151 0.0356316827 0.112219721 0.0567265339 0.166312501 -0.09976919 0.304946065 -0.728562117 0.165978119 0.0696616769 -0.0435055792 0.414594233 0.314219862 -0.124192119 0.295093894 0.143913671 0.12534456 -0.0432493016 0.0962814763 0.0293242726 0.0168488901 0.0133660473 0.0319995098 0.0739722922 0.204260007 0.188731894 0.140805528 0.12837936 0.158039659 0.0667684525 -0.0884733573 0.272971988 -0.123268887 0.203782797 -3.51934624 0.0991472974 0.104280181 0.02328155 -0.0807137042 -0.096991688 0.014101061 -0.026485065 0.0261266083 -1.30995011 -0.206049189 -0.185569674 1.39337373 0.018544307 -0.184463829 0.169056311 -0.0459322706 -0.513400733 0.303640038 0.219194248 0.684640825 -0.077535294 0.282240689 0.00864247046 0.215811789 -0.126854345 -0.0227571093 0.090301387 -0.020352263 0.0638243631 -0.00430793548 -0.00158588798 0.0129389735 0.0151343625 0.990481377 0.067696996 0.00112694164 -0.0787138045 0.438416034 -0.0983003974 -2.87584996 0.103426971 -0.164936215 0.0156132439 0.0187788513 -0.108610757 -0.0923791602 -0.0895086005 -0.0105274795 -1.64350665 0.0322024189 0.0997622907 0.432575643 -0.193554536 0.153040394 -0.668225527 -0.180861086 0.211178288 -0.0881751627 0.185486808 0.701364279 -0.567231655 0.317551076 0.0848851427 0.0732484981 -0.0999284834 0.407413572 -0.11384815 0.151537865 -1.73741555 -0.383446991 -0.241125792 1.69781768 -0.221398354 0.202833831 0.0995067209 0.189637199 0.24691987 -0.0114962738 0.0554130636 -0.0888714045 0.0577361956 -0.0410603397 0.000122653582 0.237023339 0.0322193354 -1.43141448 0.0274558198 -0.0488351174 -0.367171764 -0.362204045 0.0289680716 0.15379025 -0.549411893 -0.0354605205 -0.0472334437 -0.0132624293 0.356619298 0.098388657 0.011482358 -0.114495084 -0.298214287 -0.55579716 -0.0810621083 0.0888871476 0.110266604 -0.572494984 0.0555237941 -0.072487697 0.291413605 -0.907323778 -0.362632155 0.628584981 0.6478284 0.647591889 -0.0167558379 0.0795627683 -0.343135446 -0.143616036 -0.410147607 0.526461482 0.105461791 -0.138175979 -0.175029218 -0.446221828 0.318379015 -0.00242057 0.0812352151 0.0038884324 -0.0322781689 -0.0206098892 0.0821161419 -0.0308823958 -0.55540359 -0.527184069 0.429979771 -0.0161509831 0.108478777 -1.29763472 0.330165058 0.221118316 0.451041907 -0.180538833 0.282254755 0.244469702 -0.0740329102 0.300613493 0.0143663762 0.0613867491 0.885357738 0.440012544 0.43950817 -1.36352193 -0.122964442 -0.358521283 0.130146652 0.066855453 0.349695712 0.199055865 -0.982467055 -0.951647878 -0.0519682132 0.0454220213 0.343373924 -0.389378458 0.0391324162 -0.331450433 0.032508608 0.154033437 -0.675592661 -0.824410141 0.012447265 0.716184914 -1.54346275 0.223574445 0.550656736 -0.122108139 0.284575492 0.336271793 -0.206559494 -0.672693789 -0.902247429 0.335855573 -0.53987956 -0.195609108 0.0975711048 -0.14394778 0.194804624 0.088011317 -0.809496641 -0.100851566 0.568926096 0.651159465 -0.914714515 -0.494833171 -0.174920067 0.064116247 0.658463895 0.792480052 0.157739073 -0.0772299618 0.21406737 0.0177355502 0.0941987932 0.0400988907 0.00547699304 0.200208381 0.0530414097 0.0735105798 1.08172286 0.797734678 0.276260495 -2.23095775 -0.434296072 -0.0750892609 -0.0985525027 -0.109628543 0.00656257849 0.148753583 -0.043893937 -0.0943327546 0.250296444 0.459306926 -0.547267556 0.132713825 -0.0613730662 0.0838469714 -0.0011241195 0.0220922586 -0.138413996 -1.11438549 -0.80856359 0.44196555 0.0104316259 0.559980631 0.309545487 -0.622229934 0.437489778 -0.609314799 -0.388318986 0.419075191 0.136727691 0.142304972 0.45095104 0.253636658 -0.0413975418 -0.170642599 -0.16318281 -0.0244315211 0.407011092 0.0265443679 0.292494208 -0.215558469 0.583628237 0.332956851 -0.117468864 -0.0263705943 0.401226431 0.451360136 -1.12957883 -0.262365818 -0.262320757 -0.18981196 -0.21771799 -0.186508328 0.00762008503 -0.228695497 -0.0581775792 0.0138075026 -0.0568726845 0.349236697 -0.0143714258 -0.279974341 -1.6368922 0.0784791186 0.0316256024 -0.0118802935 0.538630843 0.313812017 0.0335743539 0.866288662 -0.49782753 0.101467058 -0.247062102 -0.339141935 0.128796175 -0.140729293 -0.164165378 -0.0801167935 -0.692785919 -0.247906134 0.190100312 -0.618319333 -0.395132124 -0.15786463 0.339934081 0.0230713226 0.747317672 0.517638385 -0.556705952 0.732750595 0.0813213214 1.06931865 -0.347210169 -0.273250133 -0.369883031 -0.0585811026 0.0365649424 -0.114995331 -0.500248969 -0.499708891 -0.235268086 -1.22200942 0.473555058 -0.113724947 0.290304095 0.714164376 0.209228665 0.164645746 0.295969099 0.0833244622 0.0186547861 0.32770285 0.0534335636 -0.00794517435 0.203830242 -0.0423046127 -0.0792973489 -0.076916635 -0.220513329 -0.427714795 -0.0949961543 1.39126539 -0.212579191 1.05229461 -0.753446639 0.108905584 0.540329814 -0.0722156763 -0.2287305 -0.970483124 -0.0975615308 0.113899462 -0.226611882 -0.386801004 -0.224501982 0.65326798 0.125277802 0.10927435 -0.607977808 -0.772607148 0.0895925239 1.28853023 -0.254638225 -0.591722548 -0.353409857 -0.1235153 0.281903654 0.830384493 0.293112338 -0.000769174076 -0.669235349 0.638052523 -0.613585114 -0.141719937 0.242183685 -0.204166606 0.0347720459 0.0331021622 -1.00782001 -0.360605478 0.00772816269 -0.93036288 0.31685555 0.323738992 0.203601122 0.612881005 0.768744111 -0.247382388 -0.430728287 -0.0307018477 -0.083118625 -0.381386042 0.307921886 0.387263447 0.0192233697 0.156633839 0.0435518585 0.0522633269 -0.183686718 0.344982028 0.0213124771 -0.280553758 -1.02664673 -0.000222078976 0.190877333 -0.00468162075 -0.346640646 -0.476849556 -0.282055795 0.630909741 -0.107937969 0.229953632 -0.0702206716 -0.000560911954 0.113289952 -0.0737447292 0.0181414615 0.0634067655 -0.00866058841 0.014026599 0.0290884729 -0.0278448034 0.0858869329 -0.101219289 0.939521372 -0.0417512953 0.514285445 0.055666592 -0.783504784 -1.80105734 0.913048506 0.31923154 -0.430772543 -0.381437391 -0.334882647 0.0866065249 0.0407308713 -0.113663755 -1.68189549 0.525858879 -0.0688573569 0.741956949 0.215038106 -0.315209627 0.636874616 -0.263204128 -0.368482411 -0.447661519 -0.349462897 -0.206941962 0.215470031 -0.297857761 -1.13158357 0.046601072 0.090052858 0.0609093159 0.408345222 0.180520982 0.131442517 0.659022212 0.185962036 -0.417442769 0.0837511122 -0.213946164 0.0504266992 0.272868693 -0.520853043 0.414158702 -0.0350962877 -0.0237292908 0.174268797 -0.199490517 0.0393830463 0.133635104 -0.00691873394 0.0633168593 -0.0815983862 -0.0925894827 0.56151998 0.244098127 -0.0391497128 -0.538100302 -0.0495554879 -0.0699647963 0.26713264 -0.0124000339 0.541538715 -2.35275006 0.366967827 0.0362791196 0.110424854 0.0414146855 0.275728762 0.288090229 0.208757341 0.0369426981 -0.146707252 -0.162309647 0.390750527 0.837984085 0.46363911 -1.03244722 -0.208353415 0.327506363 -0.32428211 -0.0318250284 0.211222947 -0.0147395963 0.0358929075 0.354088098 0.543771923 -0.188183963 0.961176753 -0.195624158 0.170567155 0.123628803 -0.0220353547 0.22632505 0.937297046 0.156663194 0.346244216 -0.412546188 -0.221766353 0.209747508 -0.287834257 0.623094559 0.130740762 -0.280173987 -0.448753059 0.182945803 0.81306386 -0.104274109 0.666128814 0.203856573 -0.0310665965 0.37313512 -0.183395639 0.268246531 0.987671733 0.553577244 0.259949654 -0.789377451 -0.840293348 -0.470419049 0.0777306259 -0.0459943637 -0.241351172 -0.852183402 0.160957024 -0.696300447 -0.316633642 -0.149009675 0.12435095 0.105597913 -0.10552083 -0.188130543 0.0535005555 -0.0195017084 -0.457476079 0.363679767 0.324935168 0.945345879 -0.26508522 -1.47914362 -0.897308946 0.03192183 0.113336124 0.98120296 0.878443241 0.336254954 -0.0385487713 -0.15450418 -0.430790067 -0.407140374 -0.230171457 -0.103024937 0.146053687 0.113798901 -0.654448032 0.0824443027 -0.228205368 0.30207184 -0.381944448 -0.788730085 -0.460578829 0.18547821 1.12957704 0.372292787 -1.19682717 -0.325227469 0.24248445 -0.310881257 0.3060368 0.261979371 0.119197138 0.106433101 0.0511092581 -0.0883024558 -0.537665784 -0.465374976 0.177592412 1.27606487 -0.558021128 -0.265281171 0.094512932 0.0573311783 -0.877261043 -0.272021532 -0.0853643641 0.850457847 -0.352670521 -0.0322632752 -0.304981083 -0.207538441 0.0368330181 -0.278303683 0.0112209851 -0.162677512 -0.516308904 -0.505632699 -0.014760565 1.60589826 0.331374824 -0.810695529 0.0804611817 0.0818337351 0.276041806 0.53139317 0.333930343 -0.182848603 -0.14065586 -0.553589225 -0.182801858 -0.0926865339 0.160356358 0.065187566 0.0922765508 0.179473475 0.239158913 0.599924088 0.619748175 -1.76011562 0.117842756 0.325067401 -0.0663884431 0.321418136 0.450514942 0.0862579048 -0.0903744772 -0.780437469 0.0766157955 -0.403044105 -0.0706939399 -0.0311029442 0.120637342 0.0161256548 0.0819381848 0.00408154167 0.390791148 0.258214176 0.432361633 -0.181001037 -1.24161267 -0.586651742 -0.93047148 0.0813259333 0.39571479 0.0784575269 -0.0613203011 0.69207412 0.186411694 -0.158900276 -0.0770984292 0.199293897 -0.141821384 0.00841106847 -0.0862403959 -0.32867977 -0.403041154 -0.103719212 0.108028829 0.797101259 0.0539717637 -0.502993286 -0.00666004233 0.174915195 0.429328978 0.690971732 -1.95505619 -0.203137919 0.428566515 0.263531566 -0.183696836 -0.16452527 -0.202924564 0.0197162982 0.020081738 -0.0362964757 0.499070644 -0.202743858 -0.147183791 0.708322763 0.0530684404 -0.236424863 0.167706341 -0.141475126 -0.685622513 0.234317929 0.155769944 -1.37114859 -0.169445574 -0.260540664 0.0809866115 0.0598172024 0.203978613 -0.0967333391 0.0966253877 -0.092803821 -0.388305694 -0.678536177 0.12304233 -1.03481209 -0.156858772 -0.11561095 0.0657347888 -0.029130064 -0.527882218 0.628207326 0.164685264 -2.00013256 0.0529831126 -0.386972845 -0.430297583 -0.207827836 -0.0513215847 -0.21812351 0.172645405 0.317205608 0.347632825 0.557036161 -1.15389216 -0.00552460412 0.236422375 -0.437259346 -0.127339527 -0.0536285006 0.488186121 -0.900494635 0.592879951 0.101931915 0.0938417315 0.0367826894 0.0726773739 0.117560312 0.139127716 0.100552723 0.0115823932 -1.72312582 -0.0585859679 0.106237181 -0.247064546 -0.0931921974 -0.111678585 0.18483673 -0.389473021 0.0136422403 0.495016456 -0.219274849 -0.117499329 -0.30807808 0.12366911 -0.118147351 -0.0574183986 -0.053333275 -0.0317039378 -0.084851563 0.0154982647 -0.0223736074 0.560801506 0.237736613 0.29631573 -1.56447792 -0.373735636 -0.737131059 -0.543435216 0.00553058926 -0.0654687658 0.356271863 0.254619539 0.559319675 -0.160841405 -0.190388799 -0.161692783 0.137754485 0.295143813 0.0196400248 0.160075963 0.14044264 0.295295775 0.128811255 0.715561509 -0.73961091 0.181585297 -1.10748994 0.180673674 -0.178710997 1.30126345 -0.292002439 -0.425730735 -0.110792257 0.786742091 0.193901166 0.0511998013 0.0825973004 0.0582655892 0.0608465932 0.124336764 0.0169604886 1.44016838 -0.239726812 -0.140298948 0.0946067274 -1.39039373 0.223362222 -0.302080393 -0.117902577 -1.16087139 0.231450632 -0.209545985 -0.576444089 -0.0273139849 0.252573818 -0.0226594359 0.0276126787 -0.00604129303 0.049896583 0.00670534698 -0.0420482457 -0.070334889 -0.0636321679 -0.0225174967 0.0753833726 1.46086347 -0.0149869863 0.0866216198 -0.0215768237 -0.136451215 0.00762794353 0.00397468591 -1.37307 0.0653595924 0.275660515 0.00692479964 0.146550536 -0.0837393627 0.119817436 0.0836491808 0.00042067928 -0.180250779 0.171876505 0.0659005195 0.107009269 0.627650678 -0.141265631 -0.0937594771 0.0721885338 0.864638388 -1.26606667 0.137586623 -1.57726204 -0.694077134 0.205059379 -0.185079694 0.156087995 0.173761666 -0.294239283 -0.013955432 -0.275463462 0.99657625 -0.291202605 -0.0666278526 -0.00251543173 0.495739341 -0.175165489 0.722394705 0.234747589 0.54498595 -0.0867381245 -0.116621301 -1.24426854 -0.0328491963 0.0796122029 -0.0251994245 -0.0434648283 -0.133988455 0.0167935081 -0.0412060879 -0.284778863 -0.47552672 0.0292739253 -0.081374377 -0.0152583513 -0.071654357 -0.0299399775 -2.1705389 0.00525745843 1.52321029 -0.0322037973 0.52371335 -0.0346419811 -1.20863152 -0.0207495149 -0.151718184 0.0544277169 0.0261350535 -0.0603731163 0.0700584948 -0.0734281093 -0.212696806 0.0616693012 0.128237024 0.271959364 0.267541885 -0.125112712 0.122589938 -1.4126637 -0.0106565896 -0.408099234 -0.189697951 -0.436648786 0.207150564 0.455966264 0.0572200157 0.112996936 0.0515722148 0.0542405136 0.0181700066 0.0269418173 -0.874926448 -0.114193946 0.09051653 0.689411998 -0.318737417 -0.0455861911 0.903671384 0.0350185409 0.328242719 -0.00454720389 -0.163701087 -1.25827157 -0.328635275 0.24954237 -0.577170193 -0.836714864 -0.390606731 -0.403353781 -0.375524759 -0.411703467 -1.04086566 -0.377139598 -0.238198996 0.808878243 0.502534211 0.422879964 0.971302092 -0.468152821 -0.37984404 0.36513254 -0.0326952711 0.427845925 -0.00432853075 0.100947484 -0.923773348 -1.11870539 -0.272174507 -0.057067167 0.00360274105 -0.0160959419 -0.46399346 -1.09247565 -0.249003515 -1.03159451 0.733068109 0.121491425 0.219296619 -0.00826865062 -0.107598454 0.828607738 0.122478351 -0.00815800577 -0.0826577917 0.175878018 -0.13230589 -0.151722476 -0.101825908 0.179248691 0.0262451041 0.102329887 -1.13989007 -0.69756031 -0.143392429 1.27707171 -1.51259136 -0.0926273093 -0.437290817 -0.0690533146 1.09763408 0.605053246 0.142104074 0.154937848 -0.0340042301 0.0933786854 -0.058686614 0.0516931154 -0.0960583761 0.0416622199 0.0678178594 0.0155628556 -0.267656028 -0.000199326183 0.0126590906 0.728045821 0.33175078 -2.21512747 -0.0502646416 -0.00488401204 0.0939475447 0.930636406 0.921888471 -0.428022236 0.0380027294 -0.0258989055 0.170249358 0.0060883183 0.0189051367 0.0225645322 0.0329368524 -0.00765161077 -0.322860658 -0.110601388 -0.0741177946 1.62244177 -1.15241051 -0.512257874 0.737253487 -0.0380918235 -0.0517988764 0.600691438 0.00206116866 -0.706703484
