tensor_linearrelustack9weight 16
-0.205377966 0.481444687 1.06498754 0.994239569 -0.267654508 -0.250086069 -0.543075442 0.285761535 -0.529833555 -0.636168242 0.280998349 0.373017401 0.742745996 -0.246230066 -0.209979102 -0.227134854
tensor_linearrelustack6weight 256
-0.572775722 0.453213006 0.322241962 0.401717931 0.280630201 -0.87474227 -0.284431338 0.354710221 -0.321614236 -0.256715328 0.246400923 0.533311725 0.0716165379 0.552671313 -0.380863279 0.207067311 0.109841749 -0.490028441 -0.137866601 -0.0434437394 -0.403308749 0.465787858 0.0890013352 -0.157883868 0.790023267 -0.634061217 -0.154203221 -0.283095658 -0.0986187756 -0.304574132 0.32764709 -0.277144194 -0.320842832 0.130317166 0.0971234217 0.0375675075 0.0830408037 -0.306974411 0.702234089 0.0124422964 -0.722929537 0.618580759 0.115343936 0.234766603 0.0158235263 0.055689197 0.529866755 0.0681728572 1.04460561 -0.143858388 -0.117963433 -0.117106766 -0.0624099821 -0.442550063 -0.537776768 -0.0430777147 -0.142793864 -0.0487325899 -0.119364083 -0.209653601 -0.0401599221 -0.14114666 -0.0804729536 -0.0814374164 -0.230242535 0.546832561 0.481628865 0.0121530155 0.292883605 -0.62157917 -0.230090708 0.249780729 -0.925357044 -0.470426053 0.158232927 0.291756868 0.161226928 0.121127218 -0.593544662 -0.012732205 -0.083188206 0.319840878 0.0221795347 0.567501307 0.460193157 -0.1843528 -0.197067738 0.750588536 -0.151941314 -0.12820372 -0.431794256 0.494924128 0.343757719 0.434909731 -0.252718329 0.195271149 -0.0461884588 -0.0427802764 0.454827607 0.141266212 -0.306268483 -0.222382411 -0.0598223843 0.219468325 -0.124856263 -0.120687351 0.342386395 0.232465848 -0.549170673 0.203640819 -0.09342058 0.713715374 0.18531476 -0.461952388 -0.355219752 -0.524318576 -0.541599035 0.826120019 0.302604109 -0.425509602 0.665775061 0.44277975 -0.182990894 -1.25984907 -0.268814951 -0.619618952 0.260095775 -0.242284134 -2.62097406 -0.00863310136 -0.34566161 -0.261717141 -0.0684538856 -0.252584755 -0.362947881 -0.298550904 -0.140657261 -0.196298733 -0.289699852 0.474109143 0.632770002 -0.0607586205 -0.151931003 -0.316207111 -7.80244493 0.253103256 0.156747222 0.066077061 0.0294451769 -3.26723742 -0.404840857 0.241541177 -4.45995522 -0.372172832 0.0484291837 0.159337744 -0.0154102873 0.146708429 -0.833997309 0.0135984039 0.276489675 -0.392139286 -0.345500439 -0.313554049 -0.298918456 0.753989637 0.128436059 -0.327238113 0.678027272 -0.0371803828 -0.174537137 -0.697387159 -0.161795452 -0.338001579 0.382348239 -0.27150926 0.0985728577 -0.856949329 -0.39785713 -0.43852216 -0.809617043 0.635002315 0.359053105 -0.486706644 0.468319029 0.495214015 -0.212929249 -1.47635472 -0.246281072 -0.674849391 0.323936492 -0.305533081 -0.0166070089 -0.48774305 -0.380837858 -1.16546547 -1.20358455 0.0989035591 0.0854780972 -0.678524554 0.250532389 0.0368365832 -0.887772381 -0.990038574 -0.627967596 -1.33351386 0.0737149715 -1.05068827 -0.258518904 0.318609834 0.606957912 0.41356355 0.234058559 -0.509345889 -0.164190814 0.34672451 -0.377256066 -0.275517464 0.321662724 0.464534283 -0.18964915 0.315638483 -0.384071827 0.371329874 -0.769566655 0.518794596 0.212790191 0.302928537 0.315179557 -0.845719457 -0.253365099 0.128733903 -0.546527028 -0.32726422 0.209290266 0.559265316 0.206779182 0.47174862 -0.41835326 0.0250480287 -0.0878261775 0.465291351 0.00175256806 0.159047082 0.437026799 -0.455904424 -0.166440144 0.352101654 -0.136948496 -0.174514428 -0.0372787863 0.589213014 0.465507179 0.463022709 -0.146966696 -0.196424797
tensor_linearrelustack3bias 16
0.718088508 0.3304919 0.358136952 0.312851012 0.08656279 0.257306725 1.02453744 -0.262076408 -0.0260791741 0.0201885439 0.108561009 0.357376486 0.465271503 0.172554702 0.249098539 0.145730123
tensor_linearrelustack3weight 2048
-0.121758066 0.04777015 -0.195140511 0.0643941909 0.317105591 -1.75184619 0.109536543 -0.953487873 0.0216280315 0.0918700993 -0.189074934 -1.60772717 -0.182361394 -0.670610309 -0.479286283 -0.597821593 0.166252032 -0.120075732 0.0913107917 0.0810351595 0.25457859 -0.0466850959 -0.295884252 0.197202653 0.130452916 -0.100924663 -0.0496989824 -0.0616741627 -0.411489725 -0.420636117 0.148763731 -0.172224373 0.179582343 -0.0120839924 -0.0811103731 -0.209536731 0.403310239 -0.332183361 0.0201454628 -0.165039971 0.207111731 -1.40260196 -0.130148977 0.0737666339 -0.0560784005 0.0275814999 0.0477465503 -0.896648526 -0.42069447 0.127705663 -0.667361319 -0.00657193176 0.227366209 0.860517144 -0.113644071 -0.447577685 -0.346504748 -0.0372308828 -0.00816655252 0.559282959 0.359867007 -0.206499889 0.231330812 -0.0631936267 -0.339817107 0.431060404 0.24446179 -0.0416993834 0.186802506 -0.388860255 -0.0895131826 -2.16755605 0.127337918 -0.199842408 0.232561126 0.119486541 -0.404491961 0.152007431 -0.0154794194 0.589304686 -3.347229 -0.0240599997 -1.38218844 -0.475278199 0.245688722 -0.0287780687 -0.423771083 -0.263103008 -0.70741123 0.109531574 0.151342914 -0.0976289362 -0.0990483016 -0.130362809 -0.214602858 -0.0204868764 -1.51491547 0.103018239 -0.719041169 -0.564726949 -0.256701946 0.0942168683 0.369358033 -0.0399838537 0.108227782 -0.709078968 -0.0237317458 -0.0306793004 -0.0244777147 0.128309026 -0.317412734 0.657210767 -0.0488663577 -0.00694866478 -0.879686236 0.0462725796 -0.200862706 -0.316763043 -0.068282932 -0.011719727 0.191348463 0.107081473 0.350196242 -0.0832628235 -0.381196946 0.0706414282 0.35894978 -0.0783138648 -0.130211651 -0.42644453 0.106750362 -0.118317135 0.206913203 0.233353704 -0.971786499 0.530654013 0.30361554 -0.57679224 0.289583474 -0.301179886 -0.902679265 0.143475279 -0.103164598 -0.0802262276 0.127957389 -0.175092593 -0.171540633 0.239183411 -0.95460856 0.00962577667 0.103971042 -0.906838059 -0.0859760046 0.237254262 -0.253096968 -0.602298856 -0.600489974 -0.154718846 0.504059494 -1.41356874 -0.160050094 -0.0632187352 0.207132503 0.039422933 0.0215678476 -0.130802006 0.000636474055 0.322898597 -2.52712083 0.532763362 -0.351145476 -0.281617194 -0.144106701 -0.158385023 0.194160029 0.579753637 0.195526317 0.0138579207 -0.285452485 0.46000284 -0.275555521 -0.386667043 -0.242109373 0.0646100044 -0.0341084562 -0.323698044 0.0155325308 0.200553328 0.0461606458 -0.108099289 -0.436524242 -0.0785194039 -0.0131942471 0.0678491369 -0.0937292054 -0.21670492 -0.0203886721 -0.0532915406 0.532869279 -1.69402933 0.000863571477 -0.1304207 -0.108123258 0.0302017834 -0.0762887746 -1.70134521 -0.0281655211 0.274172783 -0.266006172 -0.355217099 -0.0537444539 0.590319514 0.295538068 0.134620637 0.0453626141 -0.0208024215 0.288348645 0.635221779 0.72277528 -0.150424913 0.0166328512 0.217155442 0.237426445 0.809514344 -0.530891001 -0.192344084 0.298757285 -0.105491154 -0.0996384993 -0.386122972 -0.348191738 -0.37435165 0.0877208337 0.132399395 -0.127748117 -0.490740627 0.222530335 -0.359974414 -0.3092812 1.20640159 -0.21221444 -0.00686926488 1.18775821 -0.0708420649 -0.050030157 0.265782088 0.200112551 -0.109585442 0.240544051 -0.0487344153 -1.01240158 -0.543769598 0.328150719 -0.461392343 -0.225506127 -0.134901837 -0.119031481 0.00580678042 0.12344645 0.387629002 -0.350722194 0.0180794559 -0.0663341135 -0.30321005 1.48193467 0.101222441 0.319589883 0.0108293938 -0.523638248 -0.042108655 0.0941093639 0.150976732 -0.288248122 0.24913007 0.0397526994 0.0622259527 -0.15463379 -0.142081693 0.362632006 -0.272019386 -0.0913478136 1.26593637 -0.318450302 -0.338594288 0.803313553 -0.107037552 0.31439355 0.499816805 -0.0863858983 -0.0831445754 0.183751136 0.184301123 0.451702625 0.000735624053 0.551387429 0.375290722 0.0731256232 -0.199208423 0.0759255663 -0.125650465 -0.0557721555 -0.0999526829 -0.323764503 -0.595028698 -0.803400099 -0.290170461 0.60236609 0.122996435 0.0673258975 -1.02570009 0.213082224 0.424030006 0.127538502 0.131238908 -0.0546211191 0.00550054898 -0.516970098 0.159999624 -0.31011197 0.187892437 -0.230530784 0.830339789 0.0086629102 0.236583158 -0.120951742 -0.121576771 0.324357808 -0.200198159 -0.511326909 0.137068853 0.118467309 -0.239706129 0.503186226 -0.17261973 0.085416086 -0.811823368 0.626652777 0.0195983686 -0.0214557946 -0.490185052 -0.171707049 -0.122938409 0.0878073424 -0.156485558 0.169590607 0.0425387546 0.335607499 -0.330571234 0.133239344 0.431238085 -0.494817913 -0.141172454 -0.453356206 0.112121314 -0.139806017 -0.219550028 -0.737612963 0.0644415915 0.233602688 -0.491882771 -0.329704076 0.357004195 -0.385799855 -0.116374478 -0.43999806 -0.19773607 0.0868450627 -0.297973245 -0.0135238906 0.105439134 0.401601434 -0.228235081 0.0470368266 -0.550244272 -0.364913255 -0.189464897 -0.546965659 -0.29818809 -0.341383755 -0.181699008 0.0520542003 0.114673369 0.330200642 -0.365851521 -0.152355909 0.0268674735 0.0512184054 0.0669988766 -0.58731544 0.107186168 -0.0901288465 0.267891735 0.145741612 -0.299407929 -0.0542955287 -0.0448046587 -0.359179378 -0.156367093 0.0553637221 0.647880971 -0.146516144 -0.0776633471 -1.16096866 0.166899949 0.343545109 0.148561046 -0.00719352439 -0.152486101 -0.301641852 -1.36348879 0.529537857 -0.322948277 -0.335586637 0.143564522 0.145294905 0.369673818 -0.156910852 -0.0390181839 -0.122941196 0.187695906 -0.487463027 -0.0644119456 -0.089482598 -0.0756134763 -0.332354099 0.373986125 -0.037742205 0.269629508 0.130656973 0.00713004591 0.0700672194 -0.133685485 0.28987065 -0.0418081135 -0.0735763609 -0.099516876 -0.355147928 3.14271855 0.777807891 0.622846782 -0.0443316959 -0.210388139 0.0219327286 -1.34759867 -1.15937138 0.0695546642 -1.04005635 0.281584501 -0.0396134853 -0.237241969 -0.212245315 -0.0827579275 -0.209013224 -0.0671780929 -0.0461746715 0.0720895752 -1.70977581 -0.117258154 -0.307446748 0.0961681083 -0.698704064 -0.0182379186 -0.22937654 0.175556809 -0.371330082 0.161700711 -0.0676318184 -0.196432427 -0.130793408 -0.0639853254 -0.426757723 0.396088958 -0.403271645 0.0113766389 0.107583053 -0.168080151 -0.0786483139 0.77754581 0.153219238 -0.336278021 -0.408305109 0.0711239204 -0.237198815 0.04661984 -0.00711550377 0.392315626 0.131333515 0.0712558851 -0.181735292 1.18550825 0.0236585848 0.364803433 0.166629016 0.175212786 -0.0310192667 1.26717782 0.0319330432 -0.138759449 0.16485095 -0.0611014515 -0.0350864306 -0.370667517 -0.156227216 0.0262817163 0.256996781 0.0791664347 -0.265656769 -0.329810053 0.325523376 -0.34746322 0.171516255 -0.785937607 -0.672208548 -0.389952123 0.538062215 -0.274152845 -0.276284635 0.247226372 0.00311682723 -0.100861333 -0.306239188 -0.0468500741 -0.130717054 -0.332560986 0.441751331 0.0765409097 0.0780668706 -0.0626245812 -0.083673358 -0.269499928 0.226188332 -0.0104598077 0.171807021 -0.154849887 -0.183636591 0.0471914075 -0.411708802 -0.213302553 0.286475718 -1.45947587 -0.479179233 -0.149501324 0.059184134 -0.504674971 0.0485221706 -0.45287779 -0.323779881 0.408332914 0.914108813 -0.265024453 -0.537699938 0.219364688 0.0500428714 1.14958012 -0.443886727 0.274278522 -1.0265044 -0.80365485 -0.0518769212 0.024047032 -0.291413218 -0.460932314 -0.0627895072 0.0809832886 0.0773675665 -0.437178552 0.186041221 1.1017673 0.169524401 -0.468886077 0.022785278 -0.252850801 -0.219389945 0.0096552344 0.28194651 0.103749722 -0.180632278 0.196146354 -0.224526018 0.211128339 0.445146263 0.111509956 -0.520747662 0.295239598 -0.244596913 0.144723147 -0.0709501207 -0.202591434 0.197058901 0.133474573 0.129036382 0.238978371 0.786650717 -0.18188034 -0.105639786 -0.111111619 -0.395244211 0.462839812 0.0707517341 0.239046901 0.0153545896 -0.17093794 0.220369428 0.0637465194 0.00362010673 -0.688414752 0.387711138 -0.132404134 -0.353371888 -0.220968872 -0.206752285 0.148804501 0.136693269 0.49608165 -0.501388788 -0.811968505 -0.0920339078 0.5737499 0.661633611 -0.472348452 1.21441519 -0.356703252 -0.073999919 1.19576752 -0.432453096 0.246077403 0.367389828 -0.162354097 -0.0441727974 0.30675444 0.359704345 -0.102110133 -0.37611714 -0.0622450151 -0.013228762 0.124950297 0.0658334419 -0.0356605537 -0.210458249 -0.0277750324 -0.41781491 0.133480474 -1.42885292 -0.0030770218 0.392145663 -2.27242088 0.228562027 -1.03741455 -0.0194493029 0.634697616 -0.064928934 -1.55406404 -0.569639504 0.189725354 -0.0397095829 -0.800484896 0.307554692 -0.0369962528 -0.391369373 -0.377002448 -3.80611801 0.110917859 -0.191316783 0.0657904074 0.202054128 -0.19962272 0.0561962202 0.107957207 0.126418069 -0.0594970472 0.00659030071 -0.213618144 -0.659488142 -0.025300419 -0.0728143975 -0.290825754 0.271146804 -0.318822443 -0.239437178 -0.347771227 -0.0574512929 0.288706809 0.106523775 0.0716357082 -0.136776492 -0.0965826437 -0.000924765889 0.238601521 -0.363102973 -0.108343303 -0.791122973 0.248751014 0.0461275764 -0.015369093 0.289112121 0.366725028 -0.0902589858 -0.121355176 -0.0370373763 -5.08727932 0.517435789 -0.100570872 0.431997627 -0.0421020426 0.127231881 0.296453506 -0.0320307203 -0.0160969514 -0.00888673123 -0.283074349 -0.0445919111 0.336489618 0.60662806 -0.0592230745 0.0242032334 -0.0939028412 0.0518559255 0.0167430863 -0.218926534 -0.215891659 0.227087855 -0.201949522 0.0834629387 0.628586829 0.172069892 0.0402327254 -0.973950922 -0.545363545 -0.233867049 -0.158142671 -1.13635671 -0.0973071456 -0.248753309 -0.0656133443 -0.0119965654 0.10932485 -0.354194194 -0.189218313 -0.00437385403 -1.32564318 0.0244186036 0.293958813 -0.0296310242 -0.374003708 0.138577953 -0.105056182 -0.038214352 0.0733367875 0.116133094 -0.0527102463 0.308150798 0.890515625 -0.0617591627 -2.17813921 0.388883531 0.159253001 -0.273111075 -0.473948747 0.173989743 -0.0187115856 0.0167222638 0.0500128232 -0.10168723 -0.111656204 0.0639851093 0.0712956861 0.153132826 -0.079942517 0.196174502 0.0981048197 0.120841809 -0.000172468339 0.0124915596 -1.66255188 0.0554728135 -0.556262672 0.0119109182 -0.00188735779 -0.128302172 0.0131306751 -0.530901849 -0.552891195 -0.200544119 -0.634797275 0.140998945 -0.235409364 0.117198408 0.00944032986 0.0645580143 -0.0525511578 -0.0197946616 -0.111153483 -0.0683192089 0.000373967487 -0.108171709 -0.139595434 -0.712013364 -0.513459504 0.0837506652 -0.0228576362 0.234943673 0.0704464614 0.0630947575 0.0225184578 0.0286016352 -0.313941687 0.0797944069 -0.0440959223 0.197850689 -1.37703967 -0.0502234511 -0.0650671124 -0.0156021742 0.0397268794 0.0053285812 -0.20139192 -0.590139985 0.0371214114 -0.35199517 0.252286494 0.539186895 -0.459861249 -0.302788556 -0.333486497 -0.112513401 0.260219008 -0.13264361 0.220160007 0.319531709 -0.0982169732 -0.0713235736 -0.144056886 -0.294879258 0.555900991 0.34562996 -0.0640910119 0.203610584 -0.234000385 -0.0930970088 -2.12210989 0.335736513 -0.0321293101 0.284696788 0.242598996 -0.224092886 0.164304286 0.153364271 0.350222349 -2.83958745 -0.109891392 -1.23695338 -0.188729808 0.407025754 -0.0305468328 -0.18169795 -0.145594642 -0.858593047 -0.0192177426 -0.0417268015 -0.288450181 -0.160207093 0.0153254131 -0.00331199006 0.107779779 -2.98604631 0.0693566576 -0.89947468 -0.281243235 -0.116401389 -0.319608718 0.236557171 -0.128482744 0.194690913 -0.815879822 0.157951415 -0.0541698597 0.206670344 0.0208229255 -0.118942209 0.562325776 -0.00859528314 0.0636669323 -0.799885213 0.0107421139 -0.108006254 -0.336705625 -0.00588148786 0.131536424 0.223471612 0.104275256 0.422151476 -0.144687995 -0.36893487 0.281208068 0.0434605964 -0.256398439 -0.780109704 -0.517340958 -0.554984212 0.622134924 -0.316550136 0.155788675 0.277518541 -0.285536081 -0.0237340238 0.251695096 -0.112261407 -0.228990898 -0.62400502 -0.265342444 0.100840032 -0.161587238 0.0780816972 -0.0802881941 0.0950861126 0.107060581 -0.100093059 0.236214072 0.19345583 -0.46489647 -0.583108187 -0.432202965 -0.363693297 -0.0371629409 0.76841414 0.313565105 0.727801144 -0.32891044 -0.0641027316 0.157198623 0.00953789987 -0.90352428 0.299700618 0.127691731 0.469179809 -0.177646428 0.26931861 -0.173992559 -0.789612532 0.032801196 -0.0250117127 -0.0120396288 0.181198955 -0.132160112 -0.00681233872 0.124959528 0.207383424 -0.126725286 -0.249659091 -0.211904675 0.383053303 -0.28386721 0.133852437 -0.858673513 -0.415363193 0.963423014 -0.128929123 -0.122679122 0.147774369 0.0944674164 -0.0964887813 -0.0342938453 -0.0498747118 -0.0931326896 -1.01253247 -0.203293622 0.0489973761 -0.4432742 0.495044559 -0.207569346 0.223743528 0.280538857 0.230514005 0.111910954 0.134233892 -0.657272935 -0.319837421 0.399858594 0.0123965321 -0.645947814 -0.794695795 -0.908879757 0.0462951399 -0.069652684 0.166741133 -1.15382791 -0.0039170254 0.250514299 -0.217261031 0.0314859711 -0.0981595665 -0.0877023786 0.268536389 -0.137885571 0.0997165889 -0.135889411 -0.0808619484 0.329326421 0.326019704 0.0352446213 -0.383761674 -0.363722771 0.0159384795 -0.118834585 0.423975527 -0.673657298 0.0472155213 -1.03715551 -0.141899079 0.0531833395 0.239217341 -0.907910764 -0.164894238 1.63728559 -0.203971028 0.0585286543 -0.122546315 0.0544875376 0.353896052 0.318069398 0.233798385 -0.714136064 0.117840864 0.507575035 -0.0112553155 0.0348677263 -0.24323152 -0.361090034 0.516281068 0.94954741 -0.0297684688 0.276959866 0.075269796 -0.291513532 -0.515008092 0.272113264 -1.20601237 -0.617981911 -0.510248303 0.310600936 -0.149744898 -0.0580220558 -0.0030668471 -0.115715362 0.080241099 0.296121836 -0.639564931 -0.304602295 0.0479281805 -1.1991924 -1.45348871 0.114283115 -0.293046296 0.500914931 0.0104946066 0.0215710867 0.0310644209 -0.0109046949 -0.22439073 -0.408427089 -1.57178092 0.217844546 0.160485521 -0.00123806647 0.160723895 -0.23701857 0.0696081817 0.306960464 0.211582929 0.216575757 -0.129762918 -1.22350216 0.309441388 -0.148389459 -0.440385371 -3.4052279 0.106495291 0.404859155 0.0670803264 -1.62464988 -0.121812999 -0.0213741995 0.0902854428 0.911509037 -0.324679494 -0.17637302 0.0124243936 -0.125550166 -0.0663669854 0.477727324 -0.377871513 -0.00487627648 -0.00601147488 -0.0788939223 -0.613670468 -0.143911093 0.00371004664 -0.148089916 -0.307993859 0.385732681 0.0551024266 -0.258108109 0.130068824 0.265382588 -0.781437993 0.780467272 -0.222033456 -0.368682891 0.329763353 0.0648365989 0.0836361349 -0.311016411 0.0973358825 0.0152363945 -2.08744526 0.325640529 -0.514291048 0.235992208 -0.0728986934 -0.962884963 0.414509505 -0.204398975 0.266425878 -0.228762224 -0.432062745 -0.0413761064 0.118538871 0.125691921 0.180332854 0.332597047 -0.46989271 -0.00576604577 -3.07079053 0.0711791068 0.41373083 0.0450211465 0.0481578261 0.0699108094 -0.617903113 -0.154630721 0.0237870719 -0.963733017 0.0390515327 -0.118197426 0.22341834 0.051527895 0.112641111 0.186637431 -0.514337778 0.0106745074 0.490708292 0.442534745 0.108130552 -0.118151717 -0.350425422 -0.383677274 0.588262022 0.336133838 -0.119764134 0.115549363 -0.0860410929 -0.107918985 -0.855668962 0.108951285 0.255768955 0.178758115 -0.0426965617 0.166683301 -0.347940892 0.363224685 0.180914238 -0.340392113 -0.177235633 0.235112965 -0.652820766 -0.329410255 0.375173807 -0.355935931 -1.84111285 -0.220417082 0.410226613 0.476985782 -0.0457933433 -0.140639022 0.226547927 0.0950742513 -0.113807507 0.0142420363 -0.633675694 1.05118382 0.092656523 0.0403643139 0.0807914808 -0.269224644 0.111067913 0.193330541 0.0365239978 0.0480546542 0.092798762 -0.29639414 0.961301684 0.218448251 -0.0506415255 -1.3140676 -0.237276495 -0.525262773 -0.383403301 0.610287666 -0.16751872 -0.00340757542 0.236570254 -0.126079828 -0.189431414 -0.265225559 0.0658346415 -0.389275938 0.179603711 -0.736866057 -0.0741793662 -0.0433202013 -0.203511789 0.18061693 -0.741215348 -0.21072273 -0.275714517 -0.307697952 -0.083158128 0.114759937 -0.398380905 -0.214152217 0.11164929 -0.0806571245 -0.86481905 0.10232769 -0.00801935699 -0.00334525295 0.926470459 0.00663427217 0.164564908 0.0783518478 0.0815374032 -0.182725176 -1.0681237 0.113324501 0.0582236685 -0.0454047062 -0.347383201 -0.974948049 -0.503359497 -0.500569463 0.0919001028 0.192913458 0.384260476 -0.110879429 0.0858782977 -0.00786664337 -0.163712621 0.0992512852 -1.25866735 -0.384740531 -2.48430252 0.160237655 0.00198101066 -1.20756018 0.279814094 -0.0271823891 -0.263780743 0.109676391 0.0993003175 -0.0698084757 -1.41542625 0.381008536 0.368889809 0.159230098 0.446981341 -0.3676337 -0.271068841 -0.0380937532 0.808143795 0.114493117 -0.420300245 -0.144841731 0.249140888 -0.0617961437 -0.646884739 -0.111800402 0.00406638207 0.318899125 -0.271601796 -0.580675304 -0.242493391 -0.465566874 -0.708832622 -0.0697423518 0.157542437 -0.101494662 0.477846354 -0.076073274 -0.0124727292 0.118547522 0.988710284 -0.0473235622 0.400452316 -0.220166311 0.0612919293 -0.447341263 0.633100748 0.327999234 -1.32152486 0.15838407 0.370342255 -0.349672854 -0.129981771 -0.01230592 0.145689175 -0.144914597 0.924722552 -0.108593315 -0.235065863 -0.00810448639 -0.090546973 0.313338786 -0.42115888 -0.0286494251 -0.171570927 -0.079274334 -0.248263791 0.706806779 0.150113001 -0.316586614 0.392939299 0.321056217 -0.348564863 0.837939799 0.24936533 0.672663867 0.263957083 -0.307663411 -0.183830276 1.2978617 -0.0479444638 0.235531285 -0.0772391036 -0.182999864 0.192995265 -0.105466515 -0.257724971 0.0493405424 -0.0342471972 0.385802537 0.0456785299 0.564069331 -0.317876756 0.193095997 -0.130122736 0.0781694651 -0.121540651 -0.00644540414 0.0608648844 0.417633355 0.107683681 -0.44707346 0.336683601 -0.326489627 -0.550390363 0.359277755 0.036674697 0.175549567 -0.182888299 -0.384502947 0.0932991505 0.103436843 0.0261480603 -0.132053867 0.223932087 0.134482577 -1.01512194 0.902174354 0.0310217422 0.183869407 -0.142166153 0.465362698 0.51831615 -0.0624629147 -0.261034161 0.420996159 0.541559041 0.383242249 0.324439317 -0.0432408489 0.0120288273 1.17148912 -0.307949841 0.0513659231 0.726185799 -0.409821153 -0.0688810274 0.102672912 0.349529833 -0.151838124 0.220139369 -0.135210305 0.271844059 -0.130541235 0.36830616 -0.0016289202 -0.0353130959 0.115148954 -0.263724923 -0.263701141 0.367475301 -0.208721265 -0.0042139166 -0.342510104 0.00164191169 -0.21949175 0.352506161 -0.203527495 -0.757380128 -0.159033418 0.254383683 -0.00636805268 -0.242074981 -0.0598370321 0.121133812 -0.186270475 -0.201933026 -1.14436591 0.71196717 0.0342476591 0.0483313538 0.0484768599 -0.156723246 0.335781455 -0.0260074511 -1.97812092 -0.351879209 0.00678742863 0.68336755 -0.173053056 -0.0944347978 -0.77357918 0.0506538898 0.0254757665 -0.287050903 0.124192484 0.302203208 -0.437722653 -0.127222061 -0.140291393 -1.07875943 -0.00178122835 -1.03054368 -1.13596582 -0.0285247378 0.188312501 -0.0100032305 -1.00688815 -0.291957796 -0.174980909 -0.31204164 0.199023768 -0.229040101 0.159576312 0.150390506 -1.00826573 -0.463087261 1.27453697 0.117588416 -0.012001181 -0.307270139 0.555740416 -0.0229897555 -0.246469811 -0.523222744 -0.0450473242 0.148367941 -0.0892486125 -0.180687293 0.822637856 -0.312935203 0.177505448 0.0147086158 -0.034979146 0.224973232 -0.135013655 -0.0666034594 -0.0929736346 1.49800074 -0.0226735752 0.00330955768 0.107813701 -0.127027094 0.205659404 0.161924109 -0.0450267121 -0.127158523 -0.149950802 0.281653732 -0.146708846 -0.0451639406 -0.204432413 -0.0472905189 -0.151801169 0.042387668 0.466342777 0.00647970336 0.0498453528 0.0602458082 0.150162145 -0.159139916 -0.432863474 -0.212100223 0.0363168083 0.683640897 -0.0292767454 0.73168391 -0.400196999 -0.427462488 2.17575598 -0.361563742 0.210347056 0.460386723 -0.0842673928 -0.167156979 0.202949256 -0.0921660289 -0.0974913687 0.0687593296 -0.0491141677 -0.0886030197 -2.79496503 0.2266891 -0.330312699 -0.283238769 -0.292112112 -0.503931463 -0.014310535 0.11428728 0.367787898 -1.76510262 -0.171785116 -0.141475797 0.577166975 0.184889644 -0.416287184 0.025062304 -0.247743428 -0.968371689 -0.0886878893 0.152360946 0.826224208 0.0197029281 -0.208235994 -0.175363436 0.434328884 0.258150846 0.0951897353 0.0896435678 -0.0691167712 -0.201103926 -0.437839329 -0.0345464982 0.451724052 -0.399861246 0.167231008 -0.00883756764 -0.297615469 -0.129866585 -0.0039789211 0.0657978207 0.568305969 0.0389401764 -0.00475906814 0.333595812 0.205501825 -0.104347952 0.332881004 -0.448028922 0.30008629 0.00933842175 -0.00837518182 -0.24284634 0.355963737 -0.637376428 -0.0747409463 -0.0393402316 0.368221521 -0.155244827 2.24509311 0.432455391 0.643428028 0.417779177 -0.426918447 0.0458316654 1.32823133 -0.149574444 0.372076809 -0.433713585 0.078645736 0.284085512 0.426052868 -0.369260848 0.221986577 -0.0957159922 0.237726539 -0.129468367 0.603949189 -0.328140318 -0.547403991 -0.34370923 -0.036915753 -0.00492648128 -0.318195909 -0.185165092 -0.00105498626 0.268739283 -0.0868788064 -0.101000883 0.415420175 -0.763478637 0.166946664 0.152758583 -0.0148649476 -0.0997062251 0.104304187 0.360550433 0.0882196128 0.0535519943 0.559343994 0.158262655 0.347541511 -0.850794613 0.0628765896 0.396687329 0.295732498 -0.502744317 0.217512116 0.661100507 0.0774285868 -0.0445981361 0.38706407 0.289109707 0.482153296 0.166283444 -0.2701087 0.0697818026 0.523356259 -0.118442714 -0.00966617279 0.597089529 -0.413697243 0.238663688 -0.160553277 0.291227371 -0.0638797432 -0.0437698588 -0.0449330211 -0.157232851 -0.0971558169 0.18414852 -0.0891821384 0.0187405422 0.0275613163 0.194965437 -0.085681051 -0.38020882 -0.0469660051 0.0140283387 0.121093296 -0.103584215 -0.0597718731 0.0912186652 0.0765952468 -0.124521241 0.167639121 -0.856011331 -0.217976213 0.00535119418 -0.184901223 0.105070196 -0.368212253 -0.028306054 -0.082047753 1.32435966 -0.83160001 0.262862056 0.0802447423 -0.0940503553 0.449739456 0.691705227 -0.0980802923 0.148785144 -0.724525273 0.0282795448 -0.0749038383 0.170109317 -0.0321177281 -0.014899387 -0.0910195485 0.0118672475 -0.671416223 0.14295119 0.0770103782 -0.227852046 0.548480868 -0.153308064 0.0515465811 0.027295351 0.0747275054 -1.08722889 0.156973049 -0.539187253 -0.0626430586 0.39696759 0.158309072 0.110873483 1.1727165 -0.062212266 0.011626495 -0.372701854 0.0611032993 0.000777486479 0.230052575 0.222279102 0.239241689 0.362492621 -0.117060393 0.10233891 0.428654224 0.0662737861 0.942071974 -0.482731223 0.0609907359 0.041764766 0.775862753 0.424065292 0.102333523 0.14324148 -0.55642271 0.298989207 -0.0470634326 0.00427970663 -2.34314013 0.19118394 -1.36097872 0.0685526356 0.234126464 -0.231853813 -0.168443859 0.13585034 -0.0187109672 0.156193227 0.315956444 0.0777096376 -0.179401293 -0.0222622305 -0.197166309 -0.215258375 -0.24709025 -1.33862352 0.357259512 -0.0304080229 0.229995608 -0.445176274 -0.232995272 0.00739788311 -0.133392334 -0.116856754 -0.0320550837 -0.0127905263 0.182282284 -1.0160414 0.314785093 -0.411567062 -0.449904472 -0.172913462 -0.0690042228 -0.157885775 -1.37678933 0.175022304 -0.456172526 0.129995257 -0.08545091 -0.309645534 -0.525177479 -0.410941839 -0.612508714 0.152969047 -0.0846249387 0.0501921773 -0.52386266 0.199326456 0.024998039 -0.0759848505 -0.00822756998 -0.0862365291 -0.138755113 -0.00782101415 -0.675089002 -0.129429489 0.216201007 -0.175270543 -0.717525244 0.0916805491 0.126791015 -0.00243558036 0.275564224 -0.997349441 0.0488173701 -0.0552193262 0.0832722783 -1.35506654 0.173457593 -0.0649963617 -0.143862039 -0.183208585 -0.570087194 0.0449323431 0.261237562 -0.206862494 0.403512746 0.0611580573 0.103275232 -0.401718348 0.196321309 -0.280219227 -0.775870502 -0.210978314 0.561089873 0.0705258921 -0.151999325 -0.156033278 -0.0126811331 0.0175274294 0.105614521 0.124782093 0.0512690321 -0.0591251329 -1.13364804 -0.459366143 -0.154573366 0.0101694474 -4.27830172 -0.059307836 0.710453272 0.241349384 -2.18751907 -0.099535428 0.0448101163 0.051114101 0.196999177 -0.136190921 0.26530987 0.143087491 -0.0634713247 -0.0938490257 0.119784802 -0.187009931 0.0721819177 0.0612091571 -0.0718929991 -0.025952369 0.622743309 -0.276338935 0.370890468 -0.491702825 0.0238133408 -0.120887861 0.0684279799 0.167537853 0.0621391051 -1.09551561 0.459966242 -0.0589679442 -0.355142534 0.66414398 -0.071508728 -0.131078973 -0.0657866895 -0.248483807 -0.0721763372 -1.02237761 0.333685428 -0.238201141 -0.216261849 0.0726505667 -0.149151519 -0.250050753 -0.0187356323 -0.104199208 -0.092109777 -0.103234932 0.301296413 0.112715095 0.149456784 -0.153993934 0.831992567 0.198552877 -0.372977853 -0.381908804 0.113805711 0.303488404 0.0748536438 0.0221267566 -0.0384667069 0.0357410908 -0.0114821298 -0.011942789 -0.178675666 0.241153002 -0.557938337 0.128041565 -0.12294405 -0.379998595 -0.0896619037 -0.238233075 -0.121889353 0.0751555339 0.664530516 -0.507280171 -0.124830179 0.219494909 0.0777625144 -0.909612417 0.26263237 -0.223951146 0.483044922 0.0621863119 -0.599040806 0.185892344 -0.043154899 -0.485890508 -0.0629993156 -0.282661557 0.40814352 -0.215879291 -0.268477798 -0.309492916 -0.102607034 0.563754559 0.255814701 -0.535578728 -0.271328926 -0.0827771798 -0.646801233 -0.468264401 0.385359138 -0.174543589 0.133803174 -0.354765713 -0.360058486 -0.0516920835 -0.0623408556 0.123370528 0.059221752 -0.541720569 -0.292400599 -0.262813091 0.0527023375 -0.181586906 0.612965107 -0.207296371 0.660530031 -0.0777971372 -0.0313206501 0.139408976 0.965751469 -0.782647014 -0.0322120115 -0.740453184 -0.0501763262 0.00758643821 1.26983786 -0.139192119 0.0444699675 0.241948113 -0.324794054 0.131361529 1.35622156 -0.346350759 0.161445305 -0.13720873 0.290018111 0.239118099 0.280912429 -0.356876433 -0.0483407825 0.193958983 0.0506824255 -0.296264023 0.448280156 -0.44482094 -0.438125283 -0.462224811 -0.0104500521 0.188472286 -0.714047492 -0.0497842059 0.292880744 0.13652806 -0.164214373 -0.383607417 1.28637135 -0.0794044733 0.339346737 0.162762597 -0.0535416678 0.138143152 0.302795798 0.539206445 -0.143939525 -0.0691874847 0.138506129 0.0658947453 0.311616898 -0.626967251 -0.712656021 0.70783484 0.0222445428 -0.574081898 -0.177932605 -0.0200698264 0.115372859 0.172828719 -0.00707834167 0.494130552 0.35929054 -0.224757403 -0.459036946 -0.205820933 -0.300598443 0.191584572 0.01981516 0.650574505 0.0348450691 0.345416903 0.435010642 0.952359676 -0.104785264 -0.124282196 0.151674822 -0.344116211 0.107868344 -0.523963273 0.12833254 -0.119911708 -0.0307612605
tensor_linearrelustack9bias 1
-0.554905474
tensor_linearrelustack0bias 128
-1.17935991 -0.477296442 -0.508972049 0.527513862 -0.280908108 -1.50932741 0.215307772 -0.192201748 0.234160438 -0.197279304 0.0337689184 -1.33908129 0.364934713 -0.948533177 0.453064471 -0.629017413 -0.734333754 -0.7117998 -0.317727298 0.349341542 0.667202711 -0.0856336877 0.350432932 0.0714789703 -0.490279913 -0.635143161 -0.0617210045 -0.32072717 -0.991973877 -1.16007435 -0.802532554 -0.0970648527 -0.106312536 0.524234474 -0.574050367 -0.961949885 -0.344426423 -0.806413174 -0.177010506 -0.655599177 0.304618984 0.848392367 -1.05413938 0.287826747 -0.381754637 0.291569561 -0.922188103 0.795251966 -0.335842431 -0.557146549 -0.443843096 0.969099224 -0.249203742 -1.18847251 0.866555333 0.364812613 -0.265654534 -0.545429349 0.0572311506 0.704457343 -0.836842239 -0.551968753 -0.975322247 0.0299490131 -0.091260545 -0.858856797 -0.727699816 -0.377434075 -0.459650606 -0.234908879 0.187763095 0.8080194 -0.609523237 -0.337194473 -0.228381589 -0.0882262588 -0.938081622 -0.314173877 -0.0726890787 -1.30875373 0.909396231 -0.126307398 -0.819085896 -1.05018485 -0.354104936 -0.671805859 -0.438976735 0.14751853 -0.919530332 -0.385793805 0.262019753 0.249733254 0.180846006 -0.0785624087 -0.778905571 0.972915411 -1.24778008 -0.698799312 -0.615140796 -0.478816211 0.515688837 -0.655880272 0.606393993 -0.703728855 -0.921849847 -0.998855233 0.880266368 -0.399552286 0.980958223 -0.841750443 -0.745043814 0.576348782 -0.227658331 -0.762072682 0.0332569964 -1.39587033 -0.216867864 -1.11960566 0.953986645 0.146590799 0.0802614316 -0.0178656001 0.748888075 0.242155746 -0.252846032 -0.855928898 0.0385725386 0.61155349
tensor_linearrelustack6bias 16
0.17310071 0.332431823 -0.792903125 0.314977229 0.177026376 -0.069414705 0.175024956 0.219288409 -0.155012488 0.278142899 0.560859323 0.046765279 0.419675291 0.238511607 0.0522730909 -0.0730868429
tensor_linearrelustack0weight 2560
-0.134216204 -0.023599755 0.0929591283 -0.0886697695 -0.202327654 -0.195138007 -0.459361017 -0.432720393 -0.366096944 -0.343043834 0.133225843 0.721653342 0.184888616 0.154327899 -0.0966346487 0.0583711788 -0.115442164 0.1646851 0.0574233942 0.24319303 0.0783015117 -0.00671564415 0.266728729 0.396704286 -0.00726233609 -0.10767252 -0.0181334112 -0.0776726231 0.405893803 0.733295977 0.0620501488 -0.59518832 -0.00684975088 0.0603491664 0.238431111 0.0722898245 -0.215960741 -0.113058761 0.079371199 0.0805579945 -0.0343558863 -0.0767661035 -0.083733663 -0.0861967057 -0.0343962945 -0.0673054829 -0.0121909641 -0.0560017824 0.0535318963 0.178378433 0.13638559 -0.226122454 -0.00987124722 -1.20100617 -0.103225857 -0.00419979962 0.162342772 0.750116825 0.382922441 0.24115482 -0.207617685 -0.0631255433 0.191594705 0.103761055 0.0831602365 0.0271152128 -0.00608565053 0.0395157188 -0.261100918 -0.0925207511 0.0436319634 1.10957968 -0.244429678 -0.102435663 -0.531424701 0.0242817923 0.379076779 0.111668035 0.0448826663 -0.202221215 0.0703533143 -0.0259800926 0.0511642918 0.0472929254 0.0390053354 0.0633795187 -0.00279469951 0.0203188974 0.600393593 0.359206975 0.155257523 -1.27603507 -0.10545104 -0.0366548784 -0.0104602035 -0.0204252116 0.00262377597 0.0233204477 -0.0296667535 -0.351560086 -0.011058324 0.00571454223 0.0741585419 -0.0167728513 0.064694576 -0.971275985 -0.0533632748 0.0758583695 0.0375176221 -0.226168945 0.0363892391 -0.0681110173 -0.526394069 0.102059744 -0.223926753 0.0119122202 0.385746866 0.108256742 -0.11689502 -0.10331025 0.118626364 -0.0169735029 -0.059533298 0.00527863298 -0.0065722554 -0.0067098462 0.123223044 0.0931121707 0.017664941 0.07733953 0.235356867 -0.0479024239 0.0554569811 -0.378697067 -0.20377785 -0.0202676933 0.36141786 0.469472677 -1.10701072 -0.283164114 -0.0480939336 0.00216493988 -0.0107590277 -0.00591662154 -0.0708870813 0.0238755178 -0.0226232857 -0.07245785 -0.059446495 0.0141242547 -0.0338619761 0.0723087564 0.0201626886 0.0312298294 -1.59691441 -0.0306308046 1.02877581 -0.0370600857 0.367606312 -0.0313083194 0.213130429 0.300162226 0.38254407 -0.547004163 -0.0377307236 0.00980251655 -0.0139635727 -0.0542226322 0.0291464832 0.405703485 -0.111864522 -0.48214981 0.462196946 0.210169718 0.0988724306 -0.10605745 0.00181173359 -0.333078772 -0.174094602 -1.04688895 0.26628533 -0.0704533234 0.0401970521 0.112719357 -0.00752230361 0.263543874 0.0439684913 -0.0533488691 0.244648799 0.605729282 0.232793033 -0.947984815 -0.404450506 -0.423105299 0.052294232 0.00967235211 0.191908464 0.504718363 -0.530240297 -0.629814684 -0.655281007 0.154499158 -0.182237938 -0.00333708408 -0.0720446408 0.502542734 -0.228086874 -0.241193593 0.324937671 0.104710475 -0.0560636111 0.166555643 -0.0751793608 0.233485103 -0.0287407525 0.0340316072 0.732358992 0.231569409 -0.202837482 -0.589893878 0.0111565674 -0.0182482023 0.116144575 -0.031342674 -0.0109152645 0.078871876 -0.00841583125 -0.997040927 0.157632291 -0.0090817092 -0.0885532424 -0.303187639 0.00401260471 0.000203227522 -0.507612109 -0.0475811735 0.264748394 -0.0218040608 0.148046076 -0.0436651744 -0.139775008 0.440247804 -0.259371996 0.0619322099 -0.292832822 0.210018933 0.0354135893 0.00836956967 -0.40863964 0.0282879863 -0.0560566634 0.426590621 0.394632339 0.152381033 0.33613649 -0.163091913 0.571427882 -0.11094097 0.119422644 -1.65416014 0.240388796 -0.0710956305 0.165872559 -0.118350253 -0.0627864674 0.0689877719 -0.0317600444 0.0720772818 0.0541602559 -0.0563820451 -0.131967559 -0.227794364 -0.0660059974 0.0444037095 -0.112656496 -0.224377006 -0.646772325 0.111088745 0.0798826218 0.49325639 -0.220131099 0.183637336 -0.328956813 -0.155853912 -0.0855194405 -0.0423838608 0.0235813558 0.0230161212 -1.1022619 -0.321337104 -0.0609777346 0.657980859 0.113058858 0.0756024495 0.0507131256 0.0250799339 0.552039087 0.0252374578 -0.0475867987 -0.207235053 -0.0494642258 0.0345464721 -0.0430329405 -0.0657220408 -1.46265493e-05 -0.457136214 0.0291389693 -0.00143339578 -0.491018385 -0.373451412 -0.00528817112 0.262182772 -1.32380438 0.00123702351 0.0552467369 -0.0308567695 0.665353775 0.431050301 0.0199731868 -0.0722314715 -0.0957008228 0.0271218363 0.030776063 0.0679830313 0.0734005645 -0.451696992 -0.136353448 -0.0282625016 0.115572602 0.475805819 -0.0311600212 -0.660431564 -0.369777501 0.313129693 0.0296208169 0.0121709043 0.297584474 0.0136739099 -0.207120344 0.376416355 0.0250172652 0.208225027 -0.0145929083 -0.310916603 0.0720839277 -0.0459823199 -0.131210685 0.00885914359 -0.499603033 0.57908684 -0.102414027 -0.268277079 -0.0745660439 0.183897197 0.179018378 -0.0720854253 0.204201534 -0.182770491 -0.0467637405 0.266853124 0.0166611224 -0.0667680949 -0.0105082104 -0.0691733509 -0.101127125 0.0247116629 0.00685728947 -0.051455684 0.145221874 0.450559705 -0.542514026 -0.0972201005 -0.507841349 -0.210128412 0.43871507 0.0549950674 0.0419470407 -0.822744727 0.371920228 -0.0254572053 -0.0568648763 0.172835723 0.0814749449 0.170065597 0.113462508 0.0761826709 0.174403325 -0.0179600455 0.0160277262 -0.0901668295 -0.0250211041 0.413621098 -0.216960669 0.726415217 -0.333534807 -0.00856376253 0.236751527 -0.25000599 0.00636297558 -0.730877936 -0.0288074408 0.125589132 0.0509756431 0.0739250705 0.0103682671 0.0245883241 0.077455543 0.0354638658 0.0247937776 0.066967763 0.0858641565 -0.00571502047 -0.00556664495 0.428539246 -0.0793668255 -0.00827405788 0.0634532422 0.362711012 -0.304293096 -1.83686876 0.372821629 -0.0904354602 0.18025586 0.124631308 -0.138950631 0.448771447 0.0260921232 0.0601175092 0.250986397 0.89137435 -0.113521419 -0.25808844 -0.413592517 -0.132699847 -0.0325538553 0.301878721 -0.334198445 -0.0452364311 0.173493072 -0.261033982 0.468644857 0.0867771953 -0.339870393 -0.332197011 -0.133939475 0.0415832065 0.0541651882 0.0324302949 -0.159013107 0.114383414 -0.129406899 0.219013631 0.611283958 0.13040489 -0.505548537 0.119014211 -0.0961730331 -0.276474029 0.263636589 -0.865767777 0.102704667 0.167968765 0.00522061205 0.133648604 0.0248499587 0.022408966 0.227404445 0.121570453 0.285419047 0.243678465 0.0943427756 -0.4615165 0.662616789 -0.175946489 -0.0899136662 -0.158820689 0.0385679528 0.167900771 0.229771107 -0.665343821 -0.0255990364 -0.103380159 0.0255023576 -0.0623088963 0.179558992 -0.0377387591 0.0357980877 0.0742930621 0.724723577 0.0886854678 0.392049134 -1.23956656 0.0108700767 -0.0910735875 0.0817321986 -0.0264748838 0.123412333 0.114309937 0.0832079053 0.0140697127 -0.0598306991 0.108108051 -0.556846738 -0.583859026 -0.152218938 0.208809957 0.031272959 0.0659613609 -0.436324179 -0.237339124 -0.142396167 -0.931140006 0.409908801 -0.16967316 -0.138738126 -0.0519053191 0.426031828 0.24833335 0.208195582 -0.385662913 -0.497819245 -0.187439546 -0.179647088 0.0491672568 0.0395829044 -0.133429512 0.0684395954 -0.0989965722 1.23894942 -0.247631282 0.0427633971 -0.771495938 0.512322247 -0.0302905962 -0.076336883 0.0536787733 0.263295382 -0.106292807 0.0280945264 -0.638541102 0.241486907 0.162077904 0.0365738757 0.177467957 0.101632833 0.0388858095 -0.117132872 0.259396285 0.162926748 -0.0974401236 0.227713227 0.257621318 0.238143846 -1.38470614 0.286481082 -0.0354680605 0.0755955353 0.0220473167 -0.350510985 -0.800441206 0.261340439 0.150216594 -0.00200697058 0.0187662579 -0.0332577266 -0.0876114443 -0.000446474674 0.00231773895 -1.19348145 -0.631124675 0.203175738 -0.295571595 0.296852916 0.0547511391 0.00575348828 -0.0273000933 -0.0444688462 -0.104944997 -0.16777809 -0.138980001 -0.552157402 -0.356556147 0.0578851923 -0.0393237323 0.0220409837 0.302641302 -0.0462081246 0.0399406515 -0.00855055917 0.10660734 -0.0475599393 0.450561583 0.069403775 -0.0510121696 -0.0153227812 -0.00875896402 -0.739252687 0.271273643 0.148595259 0.23889786 -0.214940444 0.708090603 -0.196429029 -0.326711565 -0.109409802 0.0137764141 -0.0316562951 0.00649464829 -0.309949577 -0.610663891 -0.337442905 -0.37052384 0.291195571 0.115783788 0.107114099 0.477167666 0.217367679 0.20140256 0.0578226037 -0.00543282134 0.296370506 0.108079962 -0.0303893723 -0.0576315261 0.0406926386 -0.0710009485 0.0184605606 0.219857156 -0.30941987 0.56270355 0.318556339 -0.846030354 -0.137517542 -0.38454318 0.279693127 -0.134040013 0.535234928 -0.500458837 -0.256860107 -0.659918368 0.111243077 0.0469961502 -0.0195242297 0.0803797841 0.146320775 0.033717256 -0.0281113759 -0.011894919 0.30020541 -1.50369799 0.0384932198 0.118219383 -0.0166878588 0.405756414 0.00436176686 -0.0515333749 0.114144318 -0.0986071602 -0.366653413 -0.139556721 0.0393164977 0.093659021 0.00452896487 0.0179597549 -0.0120421248 0.00101977924 0.0130452253 0.0695727244 0.0672110468 0.00123194756 0.0254162699 -0.101120152 0.278111845 -0.0306934752 0.0472326502 -0.0103530772 0.608636498 -0.555734873 -0.034695439 -0.16679813 -0.18235305 -0.0790990964 0.0227176808 -0.065517351 0.121533237 -0.124564916 -0.0193197113 0.00559787638 -0.306067407 0.000582975568 0.166697308 0.261179 -0.521365225 -0.168231845 0.0137479156 0.0423501283 0.0785343498 0.211575642 -0.262868077 0.533629358 -0.119204059 -0.202262372 -0.0440612547 -0.0931606963 -0.02992508 -0.0921470597 -0.0224760156 -0.0480576269 0.236579999 0.149784878 -0.0519720688 -0.174305052 -1.02873087 -0.0363782868 0.120061807 0.0861661881 0.115420118 0.0647770092 0.0856995359 0.554318488 -0.0618387945 -0.203171045 0.0437378995 0.140287533 0.080155693 0.0733439401 -0.022526985 0.0251446385 -1.06112468 -0.0541667305 -0.0565620773 1.31422603 -0.239820525 -0.00693091843 0.0476208925 0.0794314519 -0.11506667 -0.111177266 -0.0572802909 -0.0861258507 -0.0448454879 0.0371242389 -0.084520027 0.116320461 -0.00522877788 0.213152841 0.0577409193 0.0256413911 0.336295724 0.776279509 0.059223108 -0.560021698 -0.902943432 0.0769615397 0.0582522936 0.0656910911 -0.573475718 0.473648578 -0.00553313643 -0.290540397 -0.226119399 0.184780017 -0.329681337 -0.467439353 -0.686998606 0.274040371 0.0627661496 0.177466646 0.127043664 -0.0828181133 0.0617284738 0.0110726412 -0.656404138 0.268969148 -0.102963194 0.255399376 0.550289512 0.2168798 0.175750121 -0.402801871 -0.704078138 0.00302538695 -0.059283115 -0.407909095 -0.0148510784 0.126818895 0.0668175742 0.568785071 0.382698715 -0.0301253088 0.0478936993 0.188713297 -0.185358599 -0.176639438 -0.0313437097 0.116206869 0.25299871 0.315401822 0.243206382 -0.144036531 0.280876428 0.0137991831 0.161829963 0.150152802 -0.0153553989 0.119159482 -0.0230303966 0.0487425216 0.202248469 -0.00324985571 0.228867024 -0.0931472182 0.247290671 -0.147300646 -0.460081607 0.0347485505 0.524715781 0.133309454 -1.04657412 -0.562716663 -0.0515451431 0.247189164 0.101767659 0.0033858039 -0.00142457557 -0.0187230185 -0.0382222645 0.0103036864 0.222984999 -0.0242009964 0.00103893864 -0.0195072647 0.0236090235 0.0952520892 -0.0394445211 0.0089549711 0.634783387 -0.0627255738 0.00776554039 -1.186131 0.10823153 0.041316662 -0.42929697 0.124474756 -0.0582803115 0.023464812 0.0783121809 -0.0842948109 -0.103042535 -0.405432701 -0.638034225 0.559373975 0.153775305 -0.0800538138 0.301503688 -0.0762467012 -0.0161260944 -0.155739412 0.016272964 0.309704244 0.0620387867 0.188448116 -0.177788407 -0.179285675 0.0411244258 0.055808451 -0.0133081609 0.0580060743 0.301510602 0.290101707 0.263401568 0.301478326 -0.928853512 -0.20773463 -0.484746337 -0.0207193922 -0.120191038 -0.264676064 -0.0613168143 -0.563966036 -0.341376334 -0.0119034192 -0.0143204788 0.187340945 0.0512703694 0.0107332198 -0.00269088848 0.0333185084 0.520210028 0.0982878283 -0.147440761 0.0868065357 0.0384285301 0.0118504586 0.0212818105 -0.0260634031 0.779349208 -0.871121645 -0.194867343 0.0770674646 0.123228908 -0.0413806438 0.00264994358 0.0180039238 -0.0279362295 0.112524897 0.0216270909 0.12586619 0.592473984 0.130445838 0.0710246116 -0.127156675 -0.339899927 -0.545427859 0.185233682 -0.056238424 0.648188949 -0.0971309766 0.0386786759 -0.242243856 0.156053677 -0.0425028764 -0.0995546579 -0.0523071736 0.00885861646 -0.0681869388 -0.026417274 0.0246843081 -0.0777700767 0.0854576007 0.193257362 -0.193555802 0.0508633517 0.103985988 -0.119694412 0.74963975 0.165319338 -0.00835757237 -0.0075494335 0.151121944 -0.0892619342 0.174522191 -0.0511791594 0.125450924 -0.00707750907 0.0821016058 0.0224203169 -0.0497522466 -0.0214897208 0.150144905 -0.012869182 0.0212123096 0.510128438 -0.0882844031 0.0972673595 -0.0268120579 0.368531197 -0.544109523 0.037474703 -0.96965915 -0.315475523 0.0209795237 0.00670264894 -0.0153934658 0.048137553 -0.00202652486 -0.00316838594 -0.0096846167 0.967255592 -0.119906291 -0.0576219521 -1.12129378 0.0174053423 0.197232589 0.0698242486 0.0530234389 0.188254833 -0.35233134 -0.231687799 -0.470309258 0.0110255182 0.18055293 0.0916700065 -0.264888108 -0.271407753 0.121100627 0.00256390707 0.203227624 -0.602139473 -0.0551242456 -0.120263144 0.393169224 0.0066474881 0.0297308993 -0.0813804194 -0.120260783 0.774976134 -0.0574025549 -0.0426718779 0.112198405 -0.0459574834 0.124972783 -0.817839861 -0.0539259873 -0.123397477 -0.282774329 -0.11120636 -0.0481339283 0.612872303 -0.46163547 -0.09693975 -0.178745821 0.432561666 0.00415220484 -0.406410158 -0.132497087 -0.265940577 0.165930346 0.304937065 -0.575578451 0.0092358999 0.082845144 0.00953167863 0.00791500602 -0.00424948707 0.00918850861 0.0105155297 -0.012328797 -0.0424489453 -0.0324132703 -0.00212490349 0.0186508428 1.02359271 -0.0159209073 0.00293037179 -0.0134769985 -0.141535252 -0.0791288465 -0.0024353764 -0.952104986 0.252781659 0.0231868587 0.00888143666 0.0209810082 0.00374148972 0.33886829 0.0351566672 0.148041487 0.673025787 0.35548684 0.272976011 -1.16897166 -0.31390655 0.103538722 -0.186875373 0.00137232791 0.269113749 0.031527698 -0.347440451 -0.168250501 0.0482757241 -0.0708671808 0.0240861718 0.0320459791 -0.0242870394 0.034845151 0.0150768105 0.0730708838 0.246591657 0.269939721 0.0848096386 -0.628760517 -0.399521649 -0.192509994 -0.531368256 0.0110531282 0.11612197 -0.00182287977 0.140420362 0.423874766 -0.12063463 0.184719265 0.0754233673 0.0205873661 0.0647045299 -0.0178757478 0.0010170727 0.0335895643 -0.0642257929 -0.0693348646 0.00605472084 0.076408349 -0.0182578526 0.020365404 0.733210742 -0.0303261187 0.0170624703 -0.0124036018 -0.0135767544 -0.82620573 0.0649180189 0.0275348388 0.117888048 -0.0893506035 -0.0459343269 0.0013444128 0.0251016114 -0.00363951852 -0.149965703 -0.0790101811 -0.0222463347 0.147645012 0.505452394 -0.085472472 -0.109555468 0.0450143069 0.531125367 -0.759613931 0.11667154 -1.11891758 -1.02183604 0.150229558 -0.201635495 -0.0696810782 0.0857663527 0.0830476359 0.0919233412 0.02364037 -0.0693629608 -0.127696469 0.00184783689 0.363856167 0.470825344 -0.146604478 0.122253515 -0.451142132 -0.143287078 -0.200699493 -0.124546267 -0.636475921 -0.267086715 0.0423903093 -0.418438405 -0.398223788 -0.524279475 -0.232397661 -0.27130875 -0.359840006 -0.439367265 -0.301917255 -0.269009322 0.286069483 0.242750362 0.442234337 0.589214385 -0.114772931 -0.135994092 -0.113631867 0.124164 0.00855170377 0.12127874 0.0846576989 0.049824737 -0.0332686268 -0.048923865 0.171146065 0.326526433 0.153129309 0.553290129 0.373238355 0.234962344 -0.0138140675 -0.367958546 0.26222977 -0.3167862 0.0237388816 -0.336757064 -0.0629575104 0.0201621056 -0.0758984163 0.0406098887 0.032828372 -0.0075765443 0.0288068801 0.0120903933 -0.0289667416 -0.00781886093 -0.0315857641 -0.0772157609 0.0981769562 0.0272925198 0.00238616974 0.0762449726 0.613743544 -0.108743593 -0.0184883364 0.0565699451 -0.560559571 0.23527883 -2.28865075 0.0588770024 -0.0658415705 -0.0851000547 0.0313200951 -0.00673351763 0.310432762 0.0373932049 -0.00302887941 0.308014631 0.217382178 0.06421078 -0.250156045 -0.682263792 -0.169818118 0.0822110996 0.0556540266 0.36574614 -1.04886043 0.163290724 0.182247445 -0.284798145 0.0155680869 -0.0442882255 -0.0190962646 -0.0220254026 -0.0071611423 -0.0366648994 -0.0379966684 -0.037690375 -0.125199556 0.0166384112 -0.0157426856 0.00638306653 0.0674914122 0.173206136 -1.04490936 -0.102455981 -0.0716130808 -0.0492093302 -0.192350507 0.0351452231 -0.0399052203 0.0315105394 0.0207075775 -0.0457968786 0.0648446307 -0.787303686 0.0199668985 0.198767468 -0.204940021 -0.192905471 -0.130367413 -0.212231681 -0.113919057 -0.0371743776 -0.0930332765 0.00525515759 0.0839117691 0.00122275227 0.0190100186 -0.149981156 -0.207838625 0.017130401 -0.0287693422 0.09149459 0.365053177 0.0654934719 0.0907108337 -0.593179286 -0.11277353 -0.0489864387 1.26221025 -0.156084225 0.0202203169 -0.11017555 0.000854475831 0.075964503 -0.0599296354 -0.0563515387 -0.184111297 0.00787834916 -0.0715912953 0.163781166 0.0947675556 -0.0695201531 0.150225744 0.0438449979 0.0441087 -0.879912853 0.0952940583 0.0045134984 0.726269543 -0.570534527 -0.141262084 -0.353496641 -0.0476269685 -0.0131559959 0.168886304 0.256875783 0.257872701 -0.00191705045 0.104681119 -0.240070328 -0.132802218 -0.137142986 0.0225397274 0.0443174988 0.032497935 0.607166886 0.124775097 -0.00244599069 -1.47069585 0.0275078006 -0.00744025828 -0.0179458763 -0.0998374373 0.104580693 0.0386098176 0.0815929249 0.300929695 0.254013777 0.21516335 -0.587208211 -0.49930355 -0.0882368311 0.0436865948 0.268090129 0.288606435 -0.497299373 -0.043775782 -0.189950675 0.329480052 0.298101872 -0.0596984066 -0.372178644 -0.181000635 0.29414314 -0.0593979806 -0.1145197 0.0957630649 0.142869473 0.72165978 -0.124007605 -0.0668793544 -0.0633421615 -0.0186158288 -0.020429166 -0.00361004588 -0.183532342 -0.0110693164 0.0373917893 -0.427682728 0.325091362 -0.0300255585 -0.0783799365 0.797030628 -0.00124818098 -0.00809235591 0.123987176 0.197495013 0.215940505 -0.0962183848 0.549721301 0.0975227803 0.129858494 0.0551946536 -0.0423590317 0.096643649 0.965275645 0.107873842 0.0456391387 -0.620977461 -0.153177008 0.347035527 -0.204659626 -0.00378530915 -0.531975925 -0.0980434939 -0.109867163 0.226885706 -0.463282555 0.0255431738 -0.0752747357 0.281370938 0.199780688 -0.0831330791 -0.178363696 0.00836352352 -0.85385114 -0.22416535 -0.117643028 0.670701563 0.0856088474 0.0942701176 0.226316467 0.069002606 -0.331773579 -0.213227406 -0.155685678 0.122682855 -0.0850851238 0.0416093506 -0.315749347 0.240804821 -0.00634617172 0.0425583459 0.149117008 0.0933618695 0.523160338 0.0207481161 0.0314823873 0.469994843 0.00648046331 -0.999290943 0.254977345 0.0407056734 0.353130668 0.12354403 0.144650415 -0.470745742 -0.0321774408 0.14923504 0.000669637055 0.0422118306 0.0827568993 -0.00492522493 0.0489643253 0.0871352032 0.0187738128 0.0252145547 0.0911268145 0.0284664091 0.0186549947 -0.158351183 0.499068171 0.00991080608 0.386281222 0.108334281 -0.568611801 -1.26241279 0.107758805 -0.100297041 0.0602103472 -0.09661524 0.0745572597 -0.123537816 -0.00748586049 0.0443555824 -0.145763084 -0.101957567 0.131786138 0.115577728 0.11811091 -0.453090757 -0.0965374261 0.0798381418 0.322695166 -1.4184556 0.410542846 -0.298884749 -0.340614766 -0.201580748 -0.0119696287 0.0499086045 -0.0379337557 -0.354993463 -0.118426502 -0.124801256 0.443058699 0.229066834 -0.251746863 -0.80966258 -0.0738154352 0.447304636 0.153013244 0.251784116 0.248384967 -0.511686325 -0.132526234 0.0462767705 0.287849963 0.045281332 0.11124301 0.170677811 -0.161540106 0.302212119 -0.246801123 -0.475925267 -0.073828049 0.326708704 0.0560170151 -0.255883694 -0.0272674263 -0.363477439 0.0449215807 -0.217759565 0.311790168 0.204349592 -0.854184389 -0.613800347 0.142203867 -0.28991279 0.519255996 -0.212197691 0.039027568 0.0363651738 -0.167269051 0.132532254 0.458545744 0.0824878216 0.104524054 -0.706247151 0.0780967548 0.413088232 -0.126043543 0.228571445 0.248015061 -0.143224537 -0.206093699 -0.493765533 -0.188517928 -0.0304466262 0.130887255 -0.0192727055 0.0247295052 0.11593128 -0.0347328521 -0.0407151096 -0.227968067 0.0134657705 -0.0551433302 -0.205953345 -0.693592966 0.237339392 0.0202511363 0.0444234833 0.0811272264 0.170860723 -0.0904509574 0.44796291 0.0519177355 0.0424168855 -0.156086951 0.00926624704 0.151360214 -0.504478276 0.0694564357 0.131837383 -0.297721893 0.165304229 0.127653599 0.0566863269 0.842479825 -0.124549687 -0.184581652 -0.00825764611 0.364959508 -0.127335832 -1.03508842 -0.316825598 0.0499076508 -0.0644005463 -0.153152019 -0.0258251429 0.0373032279 0.0621052496 -0.00707764272 0.0265318491 0.697742939 -0.0179807153 -0.601129413 -0.651716232 -0.131713703 0.212723404 0.147511482 -0.0591313355 0.0497267507 -0.198490903 0.0190463159 -0.0418937802 0.131375656 0.0994484201 0.26396659 0.0257142279 -0.0915337205 0.00354669895 0.0274254791 -0.0572358258 0.435444891 0.105142966 -0.0324711502 -0.28604129 -0.357182801 -0.0565376766 0.0333823711 0.536201179 -0.26976195 0.140668184 0.0822747201 0.261078507 0.0150360968 -0.0168709066 0.0060068788 -0.0362452827 0.0138676343 0.0319042094 0.00393703999 0.0414376445 -0.113228463 -0.007174219 0.0345739089 0.118665591 -0.0260364152 0.0336576886 0.129575759 -0.00867126696 0.655518293 0.0105043706 -0.169964597 -1.38311756 0.0163213667 -0.0580339469 -0.00891775079 5.41683148e-05 -0.0632696822 0.12844418 -0.0127826547 0.0915134475 -0.0695170388 0.492569625 0.0628848374 -0.124526136 -0.555985689 0.221833378 -0.520792902 0.00336156203 -0.676361442 0.463423043 0.177114874 -1.10240757 -0.160131171 0.0699722469 -0.928485811 -0.157050863 -0.0993894562 -0.0109737441 0.0793758407 -0.0416059904 0.051179897 -0.0492359288 0.0358301997 -0.899493814 0.0395276211 -0.117414661 0.0522024967 0.10070616 0.432790339 0.14937906 0.0835484266 0.297453403 0.118543565 -0.151978344 0.0634185225 0.150317952 0.0937425345 0.0512872636 0.12617293 0.0708972886 -0.0308309216 0.205872938 0.253026485 0.181806147 -0.604900479 -0.649967015 -0.470029145 0.0608274415 -0.223816693 -0.13020663 -0.12392325 0.117805347 0.0376914106 0.0355976187 0.0513185486 0.0533954911 0.00334782898 0.0129747819 -0.00330876582 -0.00729707303 0.700782597 0.413142622 0.153631598 -1.34427261 -0.0621785074 -0.0165309291 -0.021202134 -0.0126293274 -0.00118695386 0.0169387143 0.0337165967 -0.100679062 0.0249771029 0.0348986015 0.28009218 0.0810970739 -0.0760186687 0.0250478443 -0.0394145437 0.0365546979 0.179265752 0.208699897 0.21744895 0.169239402 -0.325377285 0.0513082258 -1.09269416 0.0976291671 -0.311051369 -0.33817628 0.0177537091 0.211241156 0.268659234 0.0334860794 -0.221368328 -0.066053465 0.127655447 -0.14926298 -0.0364030935 -0.0393465012 -0.418319374 -0.150009781 0.198910892 0.150734276 -0.681317985 0.197565556 -0.631901383 -0.0749977231 0.729919851 -0.101175763 -0.322398514 0.241504505 -0.0579708666 0.154932812 0.0426067859 -0.184506282 -0.167579532 0.156610712 -0.0600086711 0.0543021709 -0.942376792 -0.361709058 -0.0428708494 0.879006028 -0.119132407 -0.112913884 -0.20835489 -0.0426306501 0.122901402 0.239066511 0.20958665 0.193159074 -0.0180634242 -0.0282056946 -0.0717117637 0.000298329076 -0.029491961 -0.243946955 0.0183578301 0.0138861854 -0.658090472 -0.299699128 0.00904210471 -0.680637836 0.613515198 0.0196781326 0.0453145392 -0.0256355889 -0.324352235 -0.112842783 0.0114402371 0.273521602 0.0185459424 0.0141351763 0.113611355 0.0610761493 0.0328146331 0.00219943305 0.0370605402 0.0108843176 0.270603836 0.156288341 0.196162581 -0.0551543608 -0.35914439 -0.638031542 -0.79446125 0.0365948342 0.75517261 0.600449502 0.540336907 0.174339324 0.0648432374 0.249079078 -0.157913566 0.199201062 -0.0437165163 0.0580250062 0.00869550928 -0.0583762787 -0.152390033 0.039993722 -0.047674913 0.0870521218 0.0601582825 -0.109979361 0.321376264 0.0290707778 -0.318881184 0.716749609 -0.100768328 -1.37684643 -0.0281737279 -0.0502301566 0.136577293 0.0107293185 -0.000989654451 0.263002723 0.0738808066 -0.0291020572 0.255029649 0.363626659 -0.017696863 0.0925243348 -0.285256118 -0.316352308 0.113195889 -0.0797452182 0.180038437 -1.0794853 0.205121338 -0.353699476 0.0146341547 -0.105426662 0.143815145 0.103639178 -0.0957818255 0.420817316 0.132716984 0.0416209288 0.00672920607 -0.54903841 0.0410346203 0.885256231 -0.26696074 -0.487750381 -0.238851234 0.00869082846 -0.0070608994 0.233839482 0.292927474 -0.0249413718 -0.0268900134 0.0435182825 -0.0517763384 0.0789638236 0.0472598672 0.115953967 -0.0901971161 0.00510835974 -0.0773648098 0.0495416187 0.0194766615 0.164379686 -0.217873752 -1.3131603 0.00184242823 -0.00812077336 0.231066197 0.805034399 0.48743552 -0.0933996961 -0.168690965 -0.262475461 0.260356903 0.0810963362 0.167680383 0.0586668923 -0.0132034998 0.0485639349 -0.334295601 -0.239064232 0.108013399 0.294444978 0.183025107 0.00929448381 0.02486079 0.0229754429 -0.452134252 -0.148091838 -0.42826435 0.387292117 -0.065579921 0.111877076 -0.0564050637 -0.055602096 -0.0264261588 -0.0176942497 -0.0169494767 -0.0160291884 -0.422549009 -0.173149288 -0.0801464468 0.689534068 0.6985811 -0.0779942647 -0.066393204 0.00930323265 0.0266342685 0.0651217476 0.0930044129 -0.514903724 0.0776096955 -0.113501266 -0.125581667 0.00122000335 0.0258494485 0.0211614426 -0.00636018394 0.0291770436 0.0716346204 0.141333729 0.0133778127 -0.156185582 -0.228521079 0.0170263648 -0.243263483 0.09577135 -1.04911649 0.17577219 0.206473231 0.0739524141 0.0315866061 0.194397256 -0.246220216 0.399749607 0.272894353 -0.583935142 0.470329374 -0.357037276 0.159162015 0.614727318 0.1686095 -0.119635873 -0.170431644 -0.0137280952 0.00728554232 0.14038378 0.349720031 -0.0665286407 0.057210777 -0.658239901 -0.310570627 0.203930989 -0.740783811 0.00805582386 -0.137554929 0.142747715 0.116386205 -0.0327360332 -0.575618207 0.107867524 0.0418775603 -0.00479920721 0.010905724 -0.324910283 -0.249823138 0.318451375 0.765437961 -0.200447559 0.14779897 0.073588796 0.103599422 -0.200900048 0.0334765315 0.0316646323 -0.0486647822 0.0730522722 0.0333980806 0.0166622829 -0.141175359 -0.0272118784 0.0249867048 0.642598212 -0.338111281 -0.79439348 -0.262027949 -0.0698512569 -0.603688657 0.273127139 0.388324976 0.271495521 0.0231972132 -0.173458606 0.0026758234 -0.0015943097 0.272524983 -0.133518219 -0.00782011729 0.00753596332 -0.325015396 -0.0756938979 0.512365162 -0.465178996 0.715105891 0.159698755 -0.120080821 0.0389989875 -0.00404190645 -0.0939878449 -0.290594906 -0.93596518 -1.67429735e-05 0.0572983325 0.0828431323 0.0650069863 0.170551941 -0.0512595065 -0.117302038 -0.282815099 0.187958479 -0.121703573 0.388288766 -0.322905391 0.264723688 0.019312378 -0.983551025 0.0383948572 0.553375363 -0.0804929808 0.245939642 0.284023523 -0.0771606416 0.143639237 -0.144967496 -0.19125466 -0.35240826 -0.00380450138 -0.0594942607 -0.150916234 -0.341621399 -0.376825243 -0.228206769 0.539411843 0.361509383 -0.532993853 -0.0733903795 0.123154663 -0.131235614 0.248519987 0.619759202 -0.486879706 0.427682877 0.0920348614 0.535233259 -0.0401456282 0.0829368383 0.128009871 0.178990588 0.115414776 -0.123081148 -0.11231833 -0.186794192 0.84070152 0.0394695699 -0.190906212 -0.41510725 0.159546793 0.290970802 -0.540680289 -0.0251895748 0.019822225 -0.0546695106 0.0127371447 0.0193750244 -0.0964884385 -0.080982089 -0.126672089 -0.0348525196 -0.140773982 0.0637810156 -0.20814842 -0.0566279218 -0.197049379 0.144418523 0.10057541 0.316733718 -0.15128997 -0.074969396 0.0178189054 -0.0686277896 0.568722188 0.0608189888 -0.146646425 -0.171240166 -0.0827682093 -0.324762374 -0.0108689014 0.0521363989 0.0974235833 -0.143488914 0.0721077397 -0.12846756 0.0831271559 0.0982443169 -0.591570973 -0.81011796 0.0552121289 0.838848591 0.391713321 -0.752676308 -0.197535813 0.421780944 0.248869538 -0.0599361099 -0.0228230562 0.017166838 0.0372719578 -0.00120582315 0.0325472131 -0.0983245298 -0.365820497 0.150796682 0.658713162 -0.222455651 0.0521495789 0.0621595792 -0.0529857501 -0.0339221805 0.0639229044 -0.151288122 -0.930396795 0.173965573 0.0478208102 0.0390111022 -0.0191499107 0.268731475 0.503159523 -0.369009733 -0.268942833 0.279862136 0.244623452 -0.0755374059 0.18752341 0.253209472 -0.813512444 0.19125089 0.00344786956 -0.177388728 0.44700557 0.289304316 -0.616424143 -0.00523507036 0.0684226006 0.0619240217 0.014922929 0.0181538165 -0.00349241123 -0.034813311 -0.00157618942 0.836030602 0.303166151 0.00223871903 -0.00396621507 -0.170127124 0.120845355 -0.0760357082 -0.0658839718 0.0322949588 -0.0109942518 -0.0312384143 -1.29038465 -0.267004997 -0.186334461 0.0230399538 -0.212163895 0.254002392 -0.661277592 -0.099604018 -0.0174295325 -0.167263508 -0.123313241 -0.178353652 0.635490835 0.50516665 0.066739209 0.022707155 0.0458091199 -0.147841558 0.255057991 -0.110271491 0.23839891 0.272521973 0.147700161 -0.22010459 0.221810475 -0.0176840965 0.258093446 0.199607432 -0.132718161 -0.416516691 0.401523948 -0.0624643601 0.02983821 -0.241381004 -0.159109756 0.341702908 -0.0130817005 -0.300884068 0.564008713 -0.344905049 -0.0129668927 -0.087268956 0.00579246599 0.0327479728 -0.0896750689 -0.0723156482 0.00339522259 -0.00103623536 0.000728711893 0.226685077 0.0532507226 0.0220465548 0.102649674 0.160811007 -0.83319962 0.345348746 0.00948996935 -0.549495995 0.635445595 0.510073602 -1.73449016 -0.200783417 -0.478043735 -0.330722094 -0.286816835 -0.103651047 -0.21791321 -0.0884485543 -0.0370290391 -0.101271078 -0.105359592 -0.114358433 0.135969013 0.744761646 0.296678871 0.0674572811 0.0708443746 0.190301612 -0.0923739299 0.0609408095 0.0821005479 0.043693535 -0.0663006678 0.0359672233 -0.00398488902 -0.00304737967 -0.00982294697 0.00873928145 -0.0540243573 0.0227376409 0.082965292 0.162225708 -0.223352075 0.0552903339 -1.01455748 0.0814532116 0.0224395841 -0.0417001471 0.1161559 0.119568862 0.718629777 0.089739576 0.0985085815 0.267121375 0.0133850276 -0.0505408198 0.0478495881 -0.0308778938 -0.040752843 0.0470464341 -0.0183315054 -0.0508312061 0.23151736 -1.3090328 -0.0736366734 0.311667502 0.0291580912 0.706930161 0.46098578 -0.00959361717 -0.702002347 0.0219109841 0.339261651 -0.155365333 -0.0753695965 -0.123779498 0.0416206159 -0.104156569 -0.031759385 0.0665040016 -0.22719644 0.193754196 -0.52091676 -0.0182471834 0.197482407 0.0511518642 -0.615174413 -0.0883078128 0.0471928455 0.0554145873 0.326540828 -0.0145738833 -0.0756464675 0.199021399 -0.405967087 -0.226456612 0.104979448 0.0797891617 -0.0518869944 -0.0699865744 -0.036367815 0.0288442113 0.29962343 -0.386273742 -0.603911281 -0.152335644 0.016970709 0.0982338712 0.150467142 -0.29118827 -0.131666645 -0.0235158466 -0.165411696 -0.199404761 -0.19262293 -0.0783720464 -0.0339026265 -0.0287511349 -0.00101215241 0.0940987542 -0.0821271315 -0.0291604437 -0.421711743 -0.663637757 0.0703374147 -0.0338951349 0.000167483609 0.13520439 0.0331363305 0.0688030571 0.540733695 -0.025768267 0.0358118527 -0.0138228713 0.00854319613 0.00761065632 0.00231947424 0.0391229577 0.0162693225 -0.275067836 -0.106661133 -0.0744916126 0.988877177 -0.0474728942 -0.223126605 0.13170208 -0.0310898516 0.160267919 0.07946188 0.0244831443 -0.57993269 0.0272568781 0.0822300464 0.22586526 0.238999978 -0.199718907 -0.0726995021 -0.0841394439 -0.115257666 0.433230639 0.0923755318 -0.0426547453 -0.236595154 0.0512208603 0.196183041 0.184067681 0.00333228381 0.0798098147 0.353859842 -0.250240386 -0.140849337 -0.077174969 -0.0801374838 0.20615162 0.11943388 0.038710203 -0.0422191955 0.0612055026 -0.0335419066 0.979870319 0.164416328 0.147062942 -0.967825413 -0.0813319907 0.0580037907 0.0618264936 -0.0581347086 0.182796717 -0.173716977 -0.100847878 -0.325809389 -0.0893679559 0.384590268 0.0491130762 -0.067214407 -0.0246046688 0.0726905689 0.0413521901 0.0285749324 0.294415414 0.0257741846 -0.132727548 -0.463453561 -0.0426435284 0.0515083373 0.15213111 -0.709784448 -0.139299616 0.0881318375 -0.144474402 -0.195552692 -0.018039383 -0.0321765207 0.0567179099 -0.113803953 0.0339058265 -0.14216736 0.0097583225 0.0495670103 0.391007692 -0.206319734 0.119220667 -0.327383608 0.613511801 -0.170847684 -0.243240714 -0.00181630463 0.196906596 0.169837713 -0.378016025 -0.820670605 -0.237032399 0.213566333 0.221180052 -0.125983655 -0.0725007281 0.160847828 0.0300456434 0.0792200416 0.352480322 -0.140583321 -0.0338039249 0.270375878 0.379910737 0.12962018 0.471094787 0.0759045631 0.131560594 0.159864515 0.0818812326 -1.14168513 -0.531344116 0.21993807 -0.269683897 -0.250139564 -0.0638078749 -0.405627549 -0.108628519 -0.34690538 0.654490948 -0.0189437103 -0.00186198112 -0.835081518 0.232380539 0.081936188 0.36501056 0.320098072 0.407550931 0.124655612 -0.0166648515 -0.488335997 0.0118782232 0.128720418 -0.153233528 -0.456605583 0.179732457 -0.373595417 -0.166918412 0.202579185 0.293369502 -0.097085543 -0.00150638225 -0.595475912 0.126792371 0.239644453 0.038696669 -0.264836073 0.10775838 -0.0399928614 0.178062931 0.0722583607 0.506979525 0.0255788267 0.121660411 0.0472511277 -0.0688859373 0.0819741711 0.00605281582 0.0712275133 1.23122883 0.11284136 -0.114555433 -0.32795921 -0.362745166 0.0660435334 -0.479970843 -0.00638757506 -0.573696792 -0.214388564 0.246943176 -0.194183648 0.121973708 -0.106345594 0.047628168 0.133203924 0.0131382653 0.0993827879 0.00616360502 -0.0275767576 0.224358425 0.424101055 -0.0980477929 -0.157893851 -0.381228745 -0.118085764 0.273594022 -0.00679471949 0.375435501 -0.791036487 0.0805796236 -0.779990256
