tensor_linearrelustack9weight 16
-0.119287588 -0.125709608 -0.193500936 -0.158143148 0.243486226 0.342567801 -0.17229569 0.197072849 -0.138102904 -0.17681098 0.191611409 0.222834945 -0.135469139 -0.304174602 -0.202463448 0.187806845
tensor_linearrelustack6weight 256
0.521204293 0.623592615 -0.364893496 0.0735885128 0.202580348 -0.372045845 0.426939577 -0.841454327 0.116834499 -0.105756253 -0.689324319 0.447765529 0.308279991 0.269243598 -0.38653776 0.418286413 0.176562995 -0.376135796 -0.907608867 -0.217930153 0.548566103 -0.141548559 0.497468233 -0.820263922 0.787884474 0.38956517 -0.96292907 0.321049362 0.226606995 0.684169173 0.0137348985 -0.396844566 -0.596813381 0.287581146 -1.04868627 -0.415880144 0.17817454 -0.812169135 0.213741705 -0.804745734 0.678340495 -0.513033211 -1.35386837 1.08644307 -0.546395481 0.0261631198 -1.20982182 0.161802366 1.44891453 0.748890162 -0.442909241 -0.193689451 0.552863181 -0.717958212 -0.659423709 -0.268521667 0.109563947 0.351936907 0.164973214 -0.351962864 -0.512948096 0.0244542658 -0.486822903 -0.46412617 -0.1422095 -0.230509385 -0.109824635 -0.635120988 -0.181712419 0.287777483 -0.594706357 0.169977441 -0.472693503 -1.05797958 -1.05748332 -0.196465284 -0.594707847 -0.483457863 0.986599565 -0.534535825 -0.395655364 -0.420164675 -0.517932773 1.11580849 -0.344711185 -0.496570259 -1.07987273 0.118583553 -0.54040283 -0.889360964 0.296690732 -0.032345511 -0.281355381 -0.0865608603 -0.512958467 -0.0776296109 -0.210328609 0.893039405 -0.28580901 -0.064254567 -0.0686317459 -0.0491018817 -0.586176693 0.199933022 -0.236443669 0.0635392964 0.180650443 0.265524924 0.459716022 -0.511594117 -0.199626222 1.04859185 -0.189884737 -0.0860927999 0.144272268 0.131682903 -0.271333605 0.227409557 0.0119062718 0.566086352 -0.472199827 -0.70118463 0.00549739413 -0.360946119 -0.0248841401 -0.279255092 -0.0228960887 -0.153642491 -0.763783753 0.627118409 -0.688503981 -0.644707441 0.496698737 -0.783397794 -0.302763879 -0.222639263 0.379874557 -0.0694452226 -0.65863061 0.315378696 0.448733866 -0.0167796277 -0.648759782 0.555210173 0.815371692 0.105623558 -0.610393107 -0.762974918 -0.475355774 -2.21127748 0.15983586 0.800375223 0.687516034 -0.215145871 -0.989799142 0.047745429 0.249227971 -0.682575285 -0.739836872 -0.877810299 -0.175592065 -0.104071185 0.0913031474 0.19029586 -0.0841090158 0.0197517928 -0.465576857 -0.0167777445 -0.238949031 -0.762391031 0.369270235 -0.22426945 -0.0832166523 -0.190483823 0.17870228 -0.103323072 -0.28964752 -0.217538521 -0.153790519 0.0185795184 0.061618872 -0.0693562403 -0.0614034124 0.37496388 -0.14479962 -0.961996436 0.698958039 -0.156232417 -0.283022463 -0.201827452 0.431956738 -0.0725237131 -0.348308712 0.810624003 -0.247328207 -0.056899976 0.287825435 -0.35915637 0.427248478 -0.253638983 -0.0909842402 0.135289684 -0.117561907 -0.948220193 1.37622094 0.143936247 -0.300018072 0.342226505 0.0743283331 -0.200809628 -0.262539983 0.0438729338 -0.559160769 -0.0630580708 0.996589839 -1.2120167 -0.606111288 0.0243484061 -0.180950537 0.901861846 -0.876310885 -0.565529287 0.0918253511 0.937584698 0.175604984 0.0835919976 0.0477633663 -0.0760361403 1.32277119 -0.086029157 0.640940309 -0.994231284 -0.0788202286 -0.035026513 -0.076286532 -0.570878148 0.748471975 1.01830733 0.0167632662 -1.01818192 -1.18435133 -0.398632616 0.291663915 0.160035536 -0.27993989 0.505346835 -0.580999613 1.24742317 -0.00997579936 0.0766132027 0.852574289 -0.704732656 -1.11377501 -0.217873499 0.155687839 -0.438208848
tensor_linearrelustack3bias 16
-1.0147413 0.790674031 -2.13498998 0.00891312212 0.474332362 0.768190563 0.0969465002 -0.606415093 0.298759431 -1.41481924 -0.243943125 1.00714827 0.362082779 1.07024455 1.06879091 0.973340809
tensor_linearrelustack3weight 1024
0.106517941 0.389066935 -0.0436577313 -0.0510222651 0.289324999 0.843969226 0.105257466 -0.739724874 0.604543447 0.757374823 -1.07389581 0.0728140622 -0.103099823 0.801764548 0.0717326999 -0.594200313 0.294409245 0.258043379 -0.216102272 -0.609130383 0.252186745 -0.203260973 0.149271682 1.84522164 0.309303969 0.558422565 0.153637409 0.388397187 -0.610355079 -0.019186385 0.600970328 0.199188456 -0.286845833 0.0801101923 -1.45951819 -1.7722311 0.502277017 -0.0653122067 5.76968527 0.127898306 -0.0707270503 1.58261466 -0.433719039 0.119135171 -0.0864683613 0.300108671 -0.437849641 -0.226438537 -0.462250859 0.705568612 0.360893309 -0.376685947 0.277835041 -0.792153835 0.327248603 -0.111782625 0.0993528292 -0.690204084 -0.129010141 0.172692969 0.0862314031 1.11804783 0.426291466 -0.177482396 0.537484944 -0.217149705 -0.109558418 -0.349817038 0.186922446 0.203701258 -2.77332091 -0.305315375 0.3338162 -0.442343563 -0.138438076 0.218807608 -0.456918985 -0.260960788 0.106309503 -0.433395743 0.178753048 -1.69668698 1.90768945 -0.0711326599 -0.171512231 0.484721094 0.205632955 -0.139043763 -0.137028083 0.312382311 0.0297703091 -0.0157435611 0.475933015 -0.718445897 -0.387056828 -0.158059642 0.721376061 -1.15461707 -0.817297935 -3.53461933 -0.438969046 0.141482443 3.35941601 -0.665364265 -0.23744531 0.00597818755 -0.0254396424 0.990931571 -0.383552372 -1.17266476 -0.0883321688 0.131022274 -0.027538022 -0.322471678 0.941658974 -0.285449356 -0.191397101 0.385213852 0.501901984 0.665193558 0.975195527 -0.280061036 -0.414909005 0.745568037 -1.3397032 -0.384735137 -0.0289403759 -0.369349122 0.664119244 0.315124422 0.0374490991 0.441008419 -0.334075481 0.381856203 -1.78670514 -0.0382386483 -0.0237449631 0.33656618 -0.296183825 0.0149486251 0.0881730989 0.00258575892 -0.369210005 0.11784713 0.691944182 0.211053371 0.25103116 -0.201606512 0.100874312 1.05911434 0.605430126 -0.601096869 0.63993907 0.185175583 -0.121174023 0.122910947 0.413962156 0.233403563 0.252541542 -0.0883633494 -0.0131408414 -0.213253185 0.311549872 -0.322277516 0.864915669 0.51118809 5.08156586 -0.522754729 -0.889927983 0.102012381 0.210631296 1.11930192 0.295969039 0.182554573 0.0446352176 -0.186056107 -0.159979269 0.525941432 -0.198534667 0.190025896 0.105224065 0.716695666 0.591798484 0.381578535 0.211865455 0.356095463 0.0763065815 -0.342087328 0.227405965 0.0421885923 0.231249854 -0.607901871 0.372639507 0.120332226 0.0921105817 -0.767214656 0.165304467 -0.587827504 -0.445672333 -0.2345085 0.0362185054 0.102900624 -0.351980358 -1.90219128 0.509536028 -0.978862047 -1.06374156 0.17560719 1.0115211 -0.557240307 0.162656978 -0.107439861 -0.266488373 -1.01973534 0.989237666 -1.51786292 0.542761743 -0.168491215 0.270258516 0.102215558 -0.0535168983 0.0243901834 -1.54230487 0.264032334 -1.73409593 -0.0864982083 1.85840786 -0.524179757 -1.54686344 -0.497508705 -12.2534828 -0.152232274 0.466055721 -0.526593924 -0.0044908342 -0.435254544 0.444523007 0.229126617 -0.0593956448 -1.27673376 0.354279011 -0.440733045 -0.278763831 0.0264174808 0.355900556 -0.0852440074 0.0395557284 0.63400954 0.387330592 0.146628618 0.0981589854 -0.119856738 0.633948743 0.697398424 0.451838762 -0.411304474 0.78162998 -0.830901086 -0.145618543 0.866062462 -0.301697612 -0.340789527 0.742522717 -0.405832648 -0.731101573 -0.55763495 0.112333275 -1.63803196 -0.475423276 -2.41835403 0.253270447 -0.614439964 0.125741065 -1.81780958 -0.136265367 -1.12764812 -0.192626923 -0.951803684 -0.0987855196 0.714408517 -0.345576048 -1.28027678 0.0297343526 -0.114019647 0.110774666 -0.704428017 -0.251304537 -0.626449406 -0.338229895 0.791874945 -0.84471029 -0.273264259 -2.76388073 0.193607599 -4.94440651 0.337253153 0.385629714 0.343964636 0.289115161 -2.56633854 -0.820345819 0.224115938 -0.0101603353 -0.592636526 -0.555874765 -0.521669388 0.494638443 0.262726575 -1.02301383 -2.31830573 -1.04605079 -0.349130422 -0.41013369 0.20732899 0.402769446 -0.0942138508 1.10978675 0.125732243 -0.177167878 -0.17642431 -0.496632546 -0.367955536 -0.133262202 0.0295355972 0.33045578 -0.6632936 0.138333648 -0.350040436 -0.89896065 0.113659643 0.162419274 -1.33714712 0.312350571 -1.08688271 -0.791169465 0.667593837 0.206118315 -1.05672848 -0.427419871 -0.030315835 0.164500684 0.240992114 -0.358044982 -0.237224504 -2.67685628 -0.313404918 0.606535017 -0.399828106 -0.921792984 0.412465364 -1.56377375 0.226260275 -0.108177468 0.0543610528 -0.692325652 0.607647479 -1.37757301 0.269178569 -6.82478428 0.0707361028 1.25489485 -0.0473850667 -0.0314087421 -0.159497336 0.218428582 0.251249462 0.214508906 -0.277202129 0.186626673 -0.884855986 0.130838513 -0.0701957121 0.294817388 0.497702748 -0.729054391 0.677993894 -0.76930356 -0.119337164 -0.0823633745 -0.345851272 0.40912357 -0.283087492 -0.199318826 0.829873919 0.00106510043 0.113663509 1.09757411 1.14891112 -0.282388479 0.0461905263 -1.13601577 -0.184284881 -1.67331994 -0.749334216 -1.093454 -0.0546833947 -0.352754176 -0.914335787 1.32162118 0.516064465 -0.210597232 -1.51517379 0.1708664 -0.0665275604 -0.291123718 -2.9426291 0.20693478 -1.60181475 -0.101500683 0.181261152 -0.869823933 0.0859444141 1.64202189 -0.796128094 0.287361652 -1.53155053 0.670064867 -0.337099165 -1.1066159 -0.77062279 -0.00241587078 -0.427196354 -2.02849483 0.64833343 0.0685480088 -0.331402838 0.0865672007 0.0751999095 0.0387913659 -0.00750983832 0.0448633134 -0.237104744 -1.75913346 0.0523093566 0.732292295 0.21897094 -0.2306436 -0.0382380001 1.80940533 -0.405730963 0.449024737 -0.0401114449 -0.216626599 0.711593688 -0.188347772 -0.0479636788 0.528158665 -0.60358125 0.578781784 -0.068052344 0.528478265 -1.24915266 0.242816523 0.664757848 -0.281707436 -0.124088168 -0.742506266 0.200250521 0.519109011 -0.988164186 -1.6678673 0.294960141 0.26729244 1.1988579 1.13773453 -3.5111444 -0.575106204 0.227614373 0.301429182 -0.265059322 -2.08889151 -0.174119487 -1.15349376 -0.261821568 0.323593974 -0.453946471 -1.40123534 -0.22544831 -2.28026366 0.538658917 0.135658592 0.354276389 -0.992117703 4.47566032 -2.20464683 -0.149509504 -0.644632041 0.95997721 0.196277887 0.181347951 -0.021988919 -0.214820459 -0.718531489 0.291425765 0.0840783194 -0.203421742 -0.644045889 -0.892023861 0.202477142 0.0308962502 0.630098462 1.2306869 -0.816759229 -1.54927289 -0.162564188 -0.144067109 -0.382919967 0.349150091 0.222931728 0.28856501 -0.568561792 -1.77875686 0.9601475 -0.786422372 -0.168152615 -2.87438822 -0.060750559 -0.598468244 0.56880033 0.128350556 -0.257973492 -0.595703244 -1.05372691 0.215694398 -0.527500212 1.23252225 0.572724104 0.128375009 0.723149061 -0.69779551 0.747311473 0.119967744 -0.0509316325 -0.638289213 0.0198871978 -0.0740547776 2.78995299 0.0632011965 -0.3782942 0.517956197 1.13310575 -0.419292182 -0.102552369 0.0265840217 -0.925793648 0.42333588 -1.51518536 -0.638789356 -0.548032105 -0.0261507425 5.11317253 -0.112261526 -0.209835961 -0.248939946 -0.00361675024 0.527032077 -0.884673834 0.684888542 0.191058978 -0.149624944 -1.10027063 0.260862529 0.099395752 0.163142025 -0.00313069718 -0.794207811 0.533256769 -0.2586281 -1.16531527 0.273805976 0.249343887 0.522081256 0.126674056 -0.3435525 0.853469074 -0.0699753687 -0.107802197 -3.44306731 1.2620194 -0.0143602034 -0.14840059 0.8271299 -1.12280238 0.0213588346 0.776898742 -0.0188489053 0.157267064 0.157424167 0.154201999 -0.0714197233 0.372234762 -0.130904973 0.155064911 -0.726702511 0.213857487 0.381193012 -0.223719016 -0.416846275 0.156203613 -0.749530792 2.01194406 0.124407366 0.115400486 0.141000196 1.18701112 -0.00267178332 -0.329906315 -0.119112462 -0.151638135 -0.317375213 0.934435308 -0.345773339 0.557138801 0.0493169241 6.78880739 -0.218200669 -0.0571258143 -0.779543519 0.0111301551 0.686893761 0.252656788 -0.0701062009 -0.356244892 0.14228268 0.144084692 0.299103558 -0.0435782 0.0143323475 -0.000758744369 -0.629562616 1.16055858 0.277862489 0.63312155 -0.098594375 0.290592372 -0.208576754 -0.564966381 0.108966075 0.420315236 -0.40042156 -3.3924036 -0.0225353446 -0.354610592 -3.13687205 -0.0189993288 -0.752669871 1.32832634 -0.728651643 -0.439395696 0.770546496 -0.126247272 0.913500488 -0.400417358 0.311717778 -0.609393477 -0.523646712 -1.80811536 0.365602791 -0.381506592 -0.000715943344 -0.0169185251 -1.13911963 0.231913552 2.07366443 -1.23430705 -0.407937229 -2.31072235 -0.0487414114 -1.42414522 0.168720067 1.12828124 -0.399638355 -0.570358574 -0.363610536 -0.977448702 -2.77067924 1.14098585 0.463326365 2.61254716 -4.32076931 -2.78864527 -0.410480976 0.0503017791 -0.324114472 -1.0220325 0.0713249967 0.42734009 0.0209422205 0.681159019 0.254521638 0.279106706 0.0346182398 0.174654663 -0.694329619 -0.439941704 -1.42319572 -0.675347328 0.365026355 0.0452838726 -1.03454351 0.215723664 -0.327958226 -1.07384384 0.611206055 -0.640884221 0.171957463 -0.0891860127 0.840615094 0.248331919 0.535212874 -0.654435635 0.11892949 0.203377366 -0.0664105788 0.714607 0.366022289 0.226993471 1.23067701 -0.156633094 0.128183246 0.310617507 -0.328415453 -0.101126328 -0.349126637 -1.48476338 1.72453201 0.125211343 -0.896844506 0.20806025 0.168323144 0.183186024 -1.01993704 0.336744249 0.0449910201 0.417828947 -0.533902109 -0.0559911653 -0.776273966 -0.613327682 -0.713537335 0.634112477 0.14114666 6.22022438 -0.866177738 -0.283011764 0.248905078 -1.00504637 0.685513914 0.820608675 -1.27122903 0.432104677 0.229624525 0.56280601 -0.167204604 0.489367634 -0.476044148 0.135312825 1.39031017 -0.0227378495 0.120009832 -1.05936146 -0.19841595 -0.573016286 0.344765186 0.408988416 -0.108704746 -0.62838763 -0.296764821 -1.02683592 0.390407979 0.218877614 0.565311074 0.679577053 0.886012256 -0.935216606 -0.14405708 0.112409234 0.649200678 0.782431602 -0.0726031438 0.46628356 0.654903412 -0.431102276 0.117312931 0.137525737 -0.143900275 -0.333487302 -0.286559314 -0.984829187 0.0349354632 0.114014804 -0.164743319 -0.477784365 0.0879133493 0.633603215 -1.7668606 0.263584495 0.422561944 0.40521726 -0.0150802508 -0.191835508 -1.17078292 -0.986655831 -2.8449018 0.442546964 -0.265653014 5.55423403 -0.94718504 -0.105315223 -0.168728143 -2.91772461 0.797407746 0.823233366 -1.26533592 0.564915776 0.950044215 0.233821571 -0.236409739 0.131662831 -2.03735662 0.343451321 0.587234914 -0.445074916 0.478647321 -0.793964148 -2.33393955 -1.03013122 -0.441643208 0.0627303496 1.3508575 -0.0830078721 -0.483750522 -0.483030528 -0.432434946 -0.0140990876 -0.817277014 -0.601921916 -1.59740996 0.481588244 0.413053781 -1.12086618 -0.258073002 -0.958488882 0.721086025 -0.366362214 -0.0358417593 -0.268924683 -0.397965491 -0.343711346 0.260004371 -0.255960345 -0.831523299 0.939838469 -1.53017187 -0.156116426 -0.591327786 0.802141488 -0.113295741 0.117854953 -0.166213572 -1.70011044 -0.00745232916 0.257284641 0.156774625 0.999741971 -0.567218721 -1.21294177 -0.0439152457 0.156553641 0.38990736 0.479700178 0.0689142346 -0.736098826 1.12772202 0.107703485 -0.483821303 0.0669744983 -0.169749916 0.999855042 0.926410139 0.0876910016 0.347707182 0.0662533119 -0.124655671 -0.491445184 1.02133584 0.593342602 0.165075064 -1.22755289 0.0645697713 0.199228376 -0.663350761 1.07587075 -0.98363775 -0.20928596 0.157570645 0.0875047892 0.517711699 -0.368000507 -0.340552598 0.537785947 -0.700743258 -2.73885965 -0.466699213 0.670873165 0.415941775 -0.46976912 -1.71895146 0.279772848 -1.54456019 0.240942746 -0.0786155984 0.191672727 0.112661712 -0.532444179 -1.11956131 0.0307144932 -0.165184796 0.116163433 -1.22274101 -1.17599344 -0.351432681 0.339228958 0.357170373 -1.65445769 -0.148109064 0.115227044 -0.480938375 -2.35727549 -8.02388458e-05 -7.17968369 -1.19543278 -0.871719837 -0.915808678 -0.138021201 1.20794749 0.12092372 -0.212153539 -0.0055465512 -1.34344471 -0.221169308 0.0328247249 -0.246847287 0.134566396 0.203147054 -0.948569 0.475403756 0.0702012926 0.965644062 -0.76453805 -0.301304996 0.127714202 -1.03009331 0.00158479286 0.368277878 -1.54971206 0.0327092893 1.71718061 -0.148923337 0.615169108 0.588389039 -0.468713611 0.178772151 -0.77315253 -0.541409969 -0.986869991 1.22060704 0.438750744 -1.26672816 -0.401324093 -0.91207546 0.0396295153 -0.310804754 0.648042023 -0.0324938335 -0.202559665 -0.419425875 -0.115607902 0.0758118555 -0.371764451 1.00206769 -2.35249209 -0.106112793 0.186453745 -0.830870807 -0.487125456 0.0668518618 -0.0162623618 -0.91073215 -0.169749156 -0.338614762 0.247154087 0.843428433 0.788219571 -1.6948272 -1.43309748 -0.417090893 0.583316445 6.4348259 0.406683922 -0.0901624411 0.346508324 0.225473836 -1.3686235 -0.483335525 0.774373055 0.30695048 0.2459272 -0.202389151 -0.268534809 -0.114324294 0.0774588063 -0.62456733 -0.318988144 -0.364131391 -0.0759615749 -0.709232628 0.310472578 0.530116856 -0.447860032 0.651961744 -1.12149107 0.116780467 0.0410694219
tensor_linearrelustack9bias 1
0.223891065
tensor_linearrelustack0bias 64
-1.18078697 -1.13299727 -0.438929886 -0.796015859 -0.41927281 -1.14125359 -1.65278935 -0.607547581 0.122395076 1.08748865 1.19007909 0.930697381 0.055813767 0.249875367 -1.08869624 -0.645342112 -0.848675311 -1.62501669 -0.68497926 -0.224474624 -1.08250463 -1.38657928 0.902625203 -1.71820366 0.576773882 -0.0173923001 0.89010489 -0.344701171 -0.841490626 0.302415729 -0.648068964 0.152920172 0.67201364 -0.74399513 -2.06798744 -1.74221385 0.717193544 -0.856880486 -0.302119076 -0.810876966 -1.54663873 -1.12848711 -0.449973136 -1.49079418 -0.799673021 -0.285464853 -0.477922767 -0.594916999 1.07767177 -0.300916791 -0.609720945 -0.108704545 0.796434283 -0.868601501 -0.998265564 0.762291849 -1.48634267 -0.295892596 -0.608487904 -1.50715888 -0.537474275 -0.654250145 -0.350270122 -1.02214313
tensor_linearrelustack6bias 16
-0.510996282 -0.1574727 -0.440298021 1.00278306 0.798018575 0.817457199 -0.820494413 1.73530388 -0.122790761 0.779265523 1.75070834 1.6667248 0.583572686 -0.910920143 0.0874844491 0.435830086
tensor_linearrelustack0weight 896
0.530401587 -0.14244096 -0.615168273 0.0135349287 0.243753374 -0.302314043 -1.39327669 -0.959801555 -0.00789605081 -0.0469496436 0.51489079 -1.23386204 0.0345860869 0.124530397 -0.443847775 0.0410974249 0.485241681 0.63344276 -0.579829574 0.563120425 0.805682063 0.981995463 -0.404822707 0.284858108 0.722513497 0.352326602 0.321966827 -0.0105430456 -0.278301388 -0.109968409 -1.18479419 0.0102834618 -0.034364488 -0.957470775 -0.556851447 -0.439318538 -0.451402187 -0.0473152585 0.965433717 -0.0573132373 0.0935920402 1.04378963 0.508805633 -0.0587882027 0.181356207 0.0931918621 0.0686227307 -0.441144258 0.331354052 -0.300425559 -1.23164201 0.170981318 1.13867664 -2.07072234 0.0103469351 -0.330147713 0.805746675 0.415933192 -0.184294194 -0.0854350626 0.347790986 -0.378250659 0.891014338 0.0489277691 0.194557175 0.509503782 -0.781405926 -0.0293165445 0.122481093 -0.857243299 0.432485729 -0.0014660022 -0.0666588321 -1.15103781 -0.0342411585 -1.8142966 0.459015459 -0.964975059 0.38277629 -0.105250858 0.0484612845 0.202774808 -0.0416336395 -0.120351247 0.0221967809 0.125876516 0.224625364 0.171795532 0.0332775339 0.0494650826 0.29281804 0.340964288 -0.40928638 0.119024359 -1.88555622 -0.595706999 -0.3230066 -0.0728871748 -0.359915286 -0.288964063 0.157968938 0.583802581 -0.0698550195 -0.681112349 0.0190723538 -0.262129873 0.412191689 0.220533237 -0.43597132 -0.777444661 0.188259795 0.300954789 0.197988525 0.0383128002 0.660132408 -0.894806683 -0.210922271 -0.521608055 -0.0942710042 -0.417637497 -0.282138377 0.16879794 1.01083541 0.446170449 0.0660182089 -2.78135538 -0.000789004494 0.0589046106 0.323458374 0.0222462676 -0.0344539396 1.03640175 -0.611924529 0.232493073 0.304000169 -0.141706944 0.296901196 0.091648899 -0.189219758 -1.54464829 -0.0751436353 -0.0506472588 -0.0822348818 0.0900712162 0.0578214936 0.0479213484 0.201998085 0.0168784373 0.149626747 0.0204174686 1.13698697 -0.89587146 -0.00624362472 -2.23592496 0.0785726234 0.339202076 0.0131120887 0.0220336951 -0.0214398038 0.0123469299 0.140466154 -0.363871396 1.94570279 -0.0267518628 -0.275133044 -0.105798781 0.102327622 -1.90696859 1.04538548 -0.257851899 0.608460486 0.208580852 0.412182659 -0.22841914 1.25400352 0.262459248 -0.252545148 0.374002159 -0.0553241409 -0.724693954 -0.0476008244 -0.849620879 0.0764719248 0.0635921955 0.235804006 -0.0500005633 0.022307517 1.35327053 0.120023943 1.12586606 -1.04131484 -0.173945874 -0.597209096 0.290885329 0.0902128145 -2.64409924 -0.778087139 0.00453323452 0.0279271342 0.000964921317 -0.010286049 -0.0855411887 0.072220616 0.00439221598 -0.368684918 -1.36548758 0.604896665 -0.112045564 -0.291335166 -0.225118756 -0.17002964 -0.0168204065 -0.198131531 -0.251645356 0.333284199 0.651326239 0.300401628 0.594021857 -0.126667008 0.0478076451 0.666281939 0.269647449 0.039812278 0.877449989 0.33462441 0.105063036 0.515272796 -0.565034568 -0.297707796 0.0253633391 0.138477817 0.270979881 -0.64566803 -0.0173017401 1.07258761 -1.19652104 -0.00714505464 -0.298413306 0.335802495 0.0607463196 1.22410166 0.0700746477 -0.0350145251 1.12976837 -0.526759863 0.37763074 -0.44813484 0.908482254 -0.599319458 0.157466739 -0.127877116 0.341035336 -1.09330285 0.11381571 -0.536075115 -0.90780133 -0.617726386 -0.969282866 -0.0535261631 -0.756357312 0.342220008 0.0959450528 0.472845078 0.490439057 0.0112390108 0.857631147 0.0123898471 0.129546493 -0.332818329 0.358760834 0.494292974 0.320687443 0.874085784 0.17041263 -0.955118537 -0.106621474 0.744316816 0.601323724 -0.25562045 -0.714866996 -0.0309918132 0.0418859161 0.115841404 0.0578658096 0.29724741 -0.484660447 0.903426826 -0.00811728742 -1.7501806 -0.0694923103 -0.595334888 -0.0384994 -0.117773257 1.03293741 0.35177207 -0.0607920736 0.155879557 -0.0325197801 0.130363449 -0.25886327 0.298503548 0.0508267805 -0.306441158 0.0774228945 -2.14312983 0.506001472 0.0626226589 -1.18898535 -0.164185286 0.149219573 -0.359388858 0.104649015 -0.338877082 0.632180572 -0.904386759 0.339437008 1.06680238 -0.165812224 0.920843899 -0.114433758 -0.176886365 -0.0948802382 0.109216422 -0.163378254 -0.150233075 -0.262387812 0.417391539 -0.00574542116 0.257432044 0.109202556 -1.82319295 0.0147013124 -1.33661866 0.43051222 0.0116867023 0.702001572 -0.231862143 -0.0169962458 -0.0105043631 0.000708723499 -0.0323507376 0.526582301 -0.248354927 0.00831680559 1.17069423 0.0342132598 0.35318011 -0.38609457 0.0121750459 -5.71435165 -1.67827773 -0.143873245 0.111018382 0.105270475 -0.0645969808 0.0165891591 0.00123705005 -0.0322536565 -0.0413824506 -0.132019982 0.871939361 0.123951435 0.138024494 -0.249956295 0.149986312 -0.0473118983 0.0635834038 -0.248994678 0.0619940162 -0.295396805 0.17546472 0.284574777 0.265241712 -0.0440259837 0.114868209 -1.23086762 -0.189546511 -0.367464662 0.0428117029 0.0266296156 0.0580344684 0.00946833473 0.0397071317 -0.197537631 0.583393633 0.383503973 -1.06398511 -0.0804766566 0.674240947 -0.150449693 -0.951717556 1.41742015 -0.447179765 0.0659043789 -1.0431447 -1.54844034 0.473160297 -0.346727073 -0.361291766 -0.148986563 -0.341459602 0.107341111 1.06642377 0.723788619 -0.0215863101 -0.175681069 -0.749829054 0.429599583 0.0532874651 -0.263113886 -0.175392374 -0.0203746483 -0.662517607 0.0274129007 1.00150263 -0.700083971 0.525189817 0.155545175 -0.275103211 -0.567846417 -0.535001516 -0.564436555 0.387674659 0.127666309 -0.24272944 1.47575927 -1.80037785 0.589114845 1.01091158 0.368754983 -0.717851818 -0.303245187 -0.253556877 -0.0122949248 0.206611514 -0.086701937 1.28105772 -0.498186111 0.107060678 0.257820874 -0.160375819 0.281530946 -0.427856952 -0.0737169161 -0.535820186 0.488219976 0.0300974976 -0.248745918 -0.686515272 -0.155936673 -0.530477822 -0.0850128829 -0.207636237 1.0874933 -0.733881474 0.376631498 0.708456099 -0.0032978775 0.853393555 -0.104643285 0.187878668 -2.19987392 0.36545074 0.020776026 0.214410067 0.0196482334 0.0528667234 0.193514138 0.43463105 0.413440555 -2.41394949 0.0590614043 -0.532435894 0.208261132 -0.109451279 0.627503216 0.0755427107 -0.271493942 -0.891557395 -0.647335589 -0.369711965 -0.117560156 -0.575157106 -0.799573839 1.12252951 -0.0131967273 -0.439217925 0.210057154 0.0753526092 0.904098094 0.142951623 0.550439835 -0.417784125 -0.209712148 -0.111872263 -0.257067204 -0.229025006 -0.552026987 1.96818447 -0.423105866 0.169865623 -0.212101415 -1.93096161 0.864951193 0.478265315 -0.0762766078 0.192835152 0.31360963 0.247606114 -0.349430472 0.83759141 -0.175551504 1.72184277 0.0113805169 -0.0511589944 -0.316765875 0.0526241213 -3.03743696 0.293053061 0.359639019 0.369592637 -0.102474563 -0.448481739 -1.12462986 1.01703584 -0.312752187 0.811389387 -0.360595316 -0.1981543 0.478894114 -0.315295815 0.455162138 -0.0686561465 0.377318949 -0.000799785834 0.0046032439 -0.0145652536 -0.0233173817 -0.171057805 0.172849998 2.26332951 -0.0174738877 -0.0515203401 -0.00283441297 -2.51671648 0.0394453108 0.0695437714 0.00608052546 -0.184649333 -0.415826231 0.187210962 0.264419794 -0.293264568 -0.169266656 1.42766857 -0.0440942533 -0.89242965 -1.44912231 -0.460205704 -0.106616639 -0.0808029696 0.173393682 0.0184217449 -0.250409126 -0.965159059 -0.183837965 -0.793625891 -0.54939115 -1.02558661 -0.0459138229 0.887425661 0.478650898 -0.297811627 -0.24744001 0.131008685 -0.209530354 0.0506257489 -0.121988446 0.149227858 -0.306711793 -0.184846312 -0.673381984 -0.616232932 -0.268953919 -0.930113554 0.185478628 0.148804575 1.57427204 0.171667159 -0.0258067064 0.0606232844 0.045807749 0.0066351695 -0.0146229817 0.341696978 -0.098303996 -1.44463277 0.0216948967 -0.0698217899 0.0373194218 -0.175902873 2.03067732 0.692374349 -0.270816803 -0.619250596 -0.122344635 0.104805559 1.02886319 -1.93652523 0.111197263 -0.300569981 0.0732541308 -0.922940433 0.317205191 -0.141515583 -0.145806774 -1.45407891 0.0839274228 -0.232283384 0.115837738 0.0833094046 0.539894223 -0.698129594 0.261458099 -0.692278326 -0.0762493312 1.17275476 -0.73209548 0.0146315023 -0.0611072332 0.216192335 -0.115214281 0.364881873 0.0555440634 0.123436041 0.445517033 0.30024153 0.497910529 -2.33971786 0.0261342209 -0.158225432 0.340016812 0.0361568332 0.994400978 0.321535945 -0.0554038584 0.489131689 0.340185612 -0.46274972 0.0154109439 0.140171796 -0.0653260201 0.348446131 0.354514211 -1.16421485 0.102371402 -0.165810063 0.927618027 0.869370162 0.41835922 -0.485776097 -0.134340823 0.0515866913 -1.65731871 0.970818222 -0.375442624 0.149506539 -0.507348597 -0.23467274 -0.450289309 0.172337994 0.38559261 -0.168429285 0.0454097502 -0.0295413341 0.0988492668 0.133860007 0.00527363922 0.0947068483 0.119133346 1.18930864 -0.262388736 0.384228498 -0.971090436 -0.21800755 -1.11719263 -0.692817986 -0.0313939229 -0.330968618 -0.327600598 -1.15575278 -0.319458514 0.975568891 -0.0786533505 0.0598045811 0.180236578 0.949340999 0.389994979 0.0946133062 0.220564887 0.326867312 1.1251024 -0.114055216 -0.133437917 -0.126105726 -0.496169597 -0.19543691 -0.734557092 0.544217169 0.985447168 0.278548032 -0.0358567685 -0.209588915 0.129532054 0.292136937 0.00647716504 0.0803886801 0.0925837308 0.122232005 0.0537902489 0.665746152 0.0405977853 -1.22447026 -0.0609348416 -0.0138000697 0.00590946432 -0.149842814 1.67543387 0.360691309 0.179149374 0.182326555 0.251164287 0.248963684 0.845518649 0.748117507 0.576368749 -1.19908822 0.0296487194 0.742459774 0.217958942 -0.897662699 -1.05843103 -0.45778966 -0.076805748 0.210812196 -0.12471392 -0.0291574225 0.0548580624 0.0161207449 -0.0505125225 1.37788308 -0.0564154051 -2.07960892 0.14248842 -0.13306424 -0.769145429 -0.52473855 0.292550504 -0.385075152 -0.689571679 0.401112199 -1.12137079 -0.515266716 -1.08733869 -0.932418287 -0.0115963826 1.2385838 0.671338558 0.00517814001 -0.173830643 0.369482666 -0.0602467321 -0.186020061 0.450419843 0.202023625 -0.19501105 0.996607661 0.00273201987 0.0582729913 -0.0667093992 0.953421474 -1.67243826 -0.249219134 -0.143238232 0.178461701 0.0508172475 -0.234681845 0.0575722829 -0.161748931 -1.16291964 -1.47076476 -1.34447324 0.215653777 -0.0847965255 0.549760163 -0.055145096 0.0784856826 -0.567559063 0.217990413 -0.0914103612 0.403095275 -0.118481562 0.0410555713 0.160493761 -0.556125104 0.181009665 0.029746417 -0.11675521 -1.30201495 0.187523857 -0.0197274033 1.60614705 0.119170703 -0.573129773 0.0888116583 0.0984651223 -0.210219592 0.107694373 0.161052942 0.188033834 -1.21432042 0.270039797 -0.179480702 -0.437240899 0.786514282 1.06979358 0.0995054916 0.0661185682 -1.09756374 0.556470573 -0.527323902 0.623971343 -0.669256687 0.401051134 -0.346871883 -0.0754227191 0.586919129 0.186172992 -0.129294515 -0.723958671 0.204260185 0.149341583 0.468858272 0.230519071 0.0211388431 0.352379233 0.261442602 0.397276014 -0.635904133 0.0991076678 -2.09990859 -0.496559054 0.0503778085 0.104684412 -0.0458508432 0.243375033 -0.531838417 0.228943378 -0.0686044171 -0.235928729 0.402879685 -0.0214836448 -0.53466475 0.0201989338 0.417778969 0.687167645 0.24541153 -4.76551723 -0.00917754695 -0.075305149 -0.128910244 -1.23682451 -0.160569131 -0.130064622 -1.24392676 -0.230354398 0.299170882 0.0242550112 -0.736559033 0.546793461 -0.0346924178 0.655066907 -0.0823225081 -0.236194268 0.727588356 0.0747566894 -0.203194216 0.68853116 -0.877690852 0.226903126 0.214312837 -0.185746044 0.140829161 -0.00183285354 0.277209729 0.946007788
