tensor_linearrelustack9weight 16
-0.389426351 -0.682677805 0.325919181 0.633697093 0.22638692 -0.273758858 0.208243668 -0.721584618 -0.256645977 0.195261016 0.219951764 -0.246407196 -0.39929077 0.439190924 0.329202145 0.52588594
tensor_linearrelustack6weight 256
-0.283294916 -0.520177841 0.113602251 -0.716489136 -0.467792094 -0.309495091 -0.495380372 -4.77850485 -0.0306637548 0.354186893 0.209264427 -0.0801616311 0.603197455 -0.58625108 0.0905207619 0.361723036 -0.685886204 -2.62972116 0.768892288 -0.165771231 -0.559772372 -0.38680619 -0.487366885 -0.641554892 -0.400911659 0.158331454 0.176274478 -0.569094718 -0.0254013482 -0.678260565 0.380209684 -0.0262871329 0.600301743 0.331802726 -0.0546784736 0.0944796875 0.39202866 -0.223746449 0.167165071 0.457263917 -0.0608238354 -0.0759784207 -0.137126431 0.173740938 -0.334405303 0.038515985 -0.242358357 -0.220362931 -0.794179618 0.984211326 -0.114997655 0.339536071 0.0627183616 0.127962679 -0.530942619 -0.396921873 -0.0406696387 -0.150402814 -0.122769617 0.824095666 -0.0606215782 -0.135259733 -0.234119803 -0.190398678 0.35952884 0.405010521 -0.480912536 0.0961360633 0.610606611 0.210299462 0.189684466 0.489927709 -0.202142775 -0.528465211 -0.193718851 0.119664498 -0.574672818 0.310953587 -0.201504081 -0.586512089 -0.245137498 -0.266678929 0.402699351 -0.339445561 -0.548329711 -0.306055546 -0.372736961 -0.772815466 -0.102023959 0.385184377 0.317587703 -0.208517358 0.647902191 -0.36051622 0.27093783 0.204062536 0.393766522 0.398856014 -0.342871666 0.311013818 0.763344705 0.304933727 0.428806335 0.704818249 -0.21371153 -0.359230459 -0.281899452 0.119979285 -0.344462186 -0.0172509197 -0.130806774 -0.43650645 -0.588190913 -0.93525213 -0.241214991 -1.36254501 -0.471069366 -0.439902872 -0.368449599 -0.700017631 0.697966099 -0.170345023 -0.375319004 -0.513063073 0.0197108332 -0.330409139 0.224415317 0.089884311 -0.41181621 -0.602873981 0.281502843 -0.436934471 -0.689390063 -0.285298526 -0.459947675 -0.60568893 0.116944954 0.364167392 0.247397035 -0.202892318 0.808627546 -0.373545527 0.44701013 0.3421821 0.0267869029 0.476364374 -0.515583813 0.633970559 0.378058881 0.446144074 0.284667492 0.368980885 -0.128229782 -0.456843376 -0.18700929 0.328469276 -0.770679474 0.29557091 -0.53624022 -0.300836772 0.452214986 0.314932823 -0.212512955 0.267237842 0.397018731 0.234569758 0.50621748 0.646188676 -0.0949627012 -0.129833668 -0.175072461 -0.0070996969 -0.335150152 0.211034968 -0.269227087 -0.497737557 -0.152693257 -0.227350727 0.374529481 -0.218143955 -0.445016086 -0.335903049 -0.307630867 -0.490191996 -0.0174841378 0.389374703 0.233927861 -0.194593146 0.628366292 -0.211531505 0.391386598 0.199792728 -0.263852119 -0.309758931 -0.171423078 -0.284996927 -0.188147023 -0.1989429 -0.0473265685 -0.143145114 0.684517622 0.0269757491 -0.263465643 -0.283602327 -0.0498724282 -0.230181694 0.202728286 0.401764452 0.422623813 1.06075978 -0.1791109 0.769016504 -0.860752821 -0.912022829 -0.134629846 0.421919793 -0.0412907898 -0.0838462859 -0.120435543 -0.0257066563 -0.288178116 0.157753259 -0.323456556 -0.13595432 0.283152014 -0.0723233074 -1.18128049 -0.4825463 0.791998148 0.300269216 0.324913889 0.0448055677 -0.724420488 -0.777913153 -0.990669429 -0.00290577626 -0.767927647 0.296138912 -0.213336155 -0.843402743 -0.346428812 -0.45106113 -0.251466483 0.456151575 -0.725848615 0.730912626 0.599019647 -0.453219056 -0.0330130868 -0.0572257899 -0.170169517 -0.362727672 -0.184641421 0.832138658 -0.260904372 -0.341794729
tensor_linearrelustack3bias 16
0.219455227 0.447479486 0.549711525 0.302710235 -0.0799670741 0.326984107 0.583657861 0.527021945 0.936515093 0.328154415 -0.0659596398 0.756679833 0.205551416 0.596764505 0.0229794607 -0.467167765
tensor_linearrelustack3weight 2048
0.380127519 0.103985794 -0.045024842 -0.200322241 0.173622236 -0.0728140771 -0.166913509 0.0932577923 -1.86684334 -0.130832538 0.0496060438 0.116428152 0.0302292127 -0.0632256195 1.22732532 0.207940057 -0.0692844018 -0.0101647731 -0.0720812157 -0.130114466 -0.5524652 0.085737817 -0.0480855145 0.303782672 -0.208668306 -0.038688764 0.232778668 0.00981630571 -0.457590848 0.195792779 -0.447485179 -0.468919814 0.230353177 -0.476380169 0.091541186 0.0169881079 -0.010365149 0.0580677353 -0.0289947204 -0.0678709075 -0.0127872685 -0.656025708 -0.134420082 0.20372732 0.167015359 -0.677047133 -0.0787296966 -0.463007778 0.11369624 -0.458089501 0.142213896 0.847768784 0.199634597 -0.255654633 0.398784518 -0.48204881 -1.67176342 0.136228412 0.308516502 -0.0434963852 -0.230633736 0.199361429 0.175777629 0.217316359 0.170659319 -0.861287355 -0.357314199 -0.152334288 0.0971374288 0.198098436 -0.893234909 0.0418697409 0.17298162 -0.695515931 -0.0729456469 -0.101658553 0.0616991334 -0.292518824 -0.256254882 0.198483974 0.211191922 1.05424035 0.585378885 0.106160209 -3.17095041 0.174052447 -0.255674869 -1.60566139 0.207962498 0.107104108 0.0458452553 -0.196889311 -0.101193063 0.127508149 -2.2977097 -0.450441808 0.183686122 -0.123609997 -0.207996324 -0.479640603 -0.0138243735 -0.100386739 0.195272073 -0.130818337 0.152101636 -0.324502528 -0.160361603 0.11911092 0.037840113 -0.199307069 0.265308201 0.0850347504 0.0763584226 0.0873307809 -0.0150045501 0.0550719388 0.153165817 0.077458486 -0.100472979 -0.169160739 0.0342118666 0.0457550548 0.0773461685 0.132242203 -0.23365961 0.0407588221 -0.25839451 0.210266575 -0.167825937 0.11462187 -0.125853091 -0.22362414 -0.120403767 -0.0501579009 -0.434779525 -0.0333378576 -1.92006493 -0.108931862 -0.0743228123 0.201800227 -0.0604818687 -0.587860167 0.12191201 0.0523336641 -0.274349838 -0.185219407 0.143755049 0.262445897 0.320406854 -0.0318815894 0.0273158383 0.556856036 0.0122791948 -0.236952662 -0.060221456 0.144912705 -0.122682311 0.0236782655 -0.00912691094 -0.625443935 -0.274832368 -0.949788868 0.104432128 -0.268851072 -0.031137431 -0.174201041 0.0247305352 -0.716055691 0.258662999 -0.551899731 -0.276794791 0.181205332 -0.0773805752 0.434215367 -0.0442704 -0.992219329 0.34483853 -0.333868295 0.00351460394 -0.274323016 -0.157034367 0.777347922 -0.0245392695 -0.523270667 -0.143007994 0.129770994 0.579677939 -0.0183272231 -0.095986627 -0.384612203 0.218695924 -0.369699776 0.157216549 -0.680125356 -0.475526243 0.0145923728 -0.218259349 0.429274499 -1.09768474 -1.22542882 0.186915323 -0.699827313 -0.167934835 0.193145826 0.00604946911 0.292007923 -0.646275342 0.00998952519 -0.112889662 0.210683435 0.020583855 0.0570248067 -3.2677753 0.508763909 -0.359451741 -2.67985368 0.0439300984 -0.683714986 0.688276589 -1.52681077 0.115218759 0.00659484183 -2.50651193 0.262320817 0.503986597 -0.35002932 -0.0605626479 -0.368281424 -0.0349915922 -1.50181067 0.425407976 -0.120225683 0.11717017 -0.111967027 -0.126058549 -0.0670829862 0.111225903 -0.0652929097 0.0566186942 0.274353266 0.788413584 -0.487944126 -0.295575976 -0.283973247 -0.293397218 -0.161618918 -0.268300921 -0.373173863 0.0678115562 -0.149810955 -0.288646668 -0.513743877 -0.0314348824 0.028911287 -0.0587167665 0.332355142 0.149503827 -0.140806958 -0.0887338519 -0.0237106457 0.883371055 -0.0315722674 -0.0642165095 0.051248312 0.957505167 -0.817050695 -0.427507162 -0.319287628 -0.519621074 0.00869947672 -0.0441355705 0.485506326 0.241814986 -0.0367146544 0.350851864 -0.203131124 -0.112481639 0.46909529 0.0202889983 -0.0386930294 -0.06511648 -0.217085496 -0.340580851 0.26121375 -0.171003133 -0.0177220404 0.00162920891 -0.453991801 -0.00348287821 0.763985395 -0.0164031256 -0.246499687 0.0510970913 -0.118476033 0.0229431987 -0.229370922 0.229177058 0.638321936 0.376144409 0.190710023 -0.0263920203 -0.260029286 -0.326977313 0.119634122 -0.495533973 0.190569162 0.127867639 0.0806572139 0.177906781 0.62278229 -0.0289045312 -0.121940576 0.65734762 -0.860883772 0.25480184 -0.0479174033 0.0854271725 0.0631918311 -0.790000498 0.263845176 -0.61614275 0.11500068 -1.39860427 0.0644442067 -1.05081332 -0.0142838787 0.145036504 0.0611024648 0.0381617583 -0.289603472 -0.208386526 -0.0740833208 -0.500950038 0.311898559 0.00276398635 -1.53899479 0.0432148874 -0.237266853 -0.0648401156 0.14190118 -0.0563063063 0.430785626 -0.0230829976 0.22325626 -0.471088141 -0.203188524 0.559568524 0.0745481476 -0.0735991523 -0.761422813 0.154610887 -0.0207675844 0.044967588 0.282992959 -0.148486137 0.253161401 0.0469503738 0.675082386 -0.0486178063 0.0369156972 -0.354683489 -0.0991727784 1.01825976 -0.240228042 -0.731433868 0.0758545846 -0.868180633 2.43880177 0.0621702299 -0.0392007567 0.0719951913 -0.727447391 0.352681339 -0.486491531 -0.5198434 -0.144939944 0.0109421536 0.65979284 -0.294793814 -0.0750938803 -0.413744211 0.0199065339 -0.184498325 -1.78034484 0.0336948074 -0.169724077 0.107020617 0.154411197 0.204871923 -0.565256298 -0.39615351 0.249582455 -1.10766041 0.166942745 0.134613544 0.0775405467 0.261134118 -0.277058363 0.493306071 0.318917513 -1.28742254 0.0533319749 -1.40562165 -0.1473189 0.243222401 0.108625941 0.0887337402 -0.229003936 -1.57969439 -1.14175284 -0.0617877916 -0.0790828839 -0.981265724 0.11423181 -0.297042757 -0.395957172 0.407692313 -0.938192487 -0.167931378 0.333696276 -0.521847606 0.232138142 -0.266172707 0.180495381 -0.168703452 0.277674556 -0.264785588 0.195508346 -0.663782358 -0.920618773 0.151211604 -0.336444169 -0.163183957 -0.182644352 0.0716258734 1.01608992 0.315509528 -0.760283947 -1.22296739 0.438613892 -0.589013875 0.0252289064 0.442873538 -0.0174292866 0.546607435 -1.80521429 0.213815764 0.375747561 -0.043055214 -0.541397154 -0.187264338 -0.11172881 0.260196805 -0.036550004 0.26248461 -0.732368588 -0.0901199132 0.0188311785 0.012169308 0.265230149 -0.0860830545 -0.0269949976 0.0946086049 -0.00575766293 -0.0879381076 -0.0438994318 0.356659591 0.174664184 -0.0480555184 -0.1802468 -0.0276360381 0.162787244 0.237552837 -0.0156164663 -0.212559789 0.00793610886 -0.259505421 0.0413638987 0.198488131 -1.43736398 0.339165837 -2.35408092 0.0382727683 0.25736028 -0.0433240086 -0.37266916 -0.174137279 -0.102978371 0.540173233 -0.170455098 -0.191765532 -0.0786345974 0.0538742505 -0.419184566 0.177382872 -0.0139028225 -0.229956716 -0.190205395 -0.5614537 0.0292104296 -0.138858065 0.247114137 0.856386602 -1.18001902 -0.237178549 0.0289659984 -0.000391611451 -0.867065907 -0.000301453198 -0.0770653486 -0.0539294258 -0.097113438 -1.7826333 -0.104569867 0.0802571625 0.315497458 0.0643379092 0.0510976352 0.0850604698 0.103743501 0.370700955 0.338638932 0.175308749 -0.304883271 0.440586299 -0.260788798 -0.332824349 0.206910297 -0.172190785 0.961458981 0.157037884 0.0617754757 0.135104552 -0.206609905 -0.923814595 0.141766787 -0.494959652 -0.534287035 0.0637904778 0.0929895714 -0.305717617 -0.221070841 0.136199027 -0.147555545 0.243028045 0.338688523 -0.302193344 0.0855591148 -0.339294195 -0.33648482 0.0529572517 -0.0170792937 0.223589063 -2.84273601 -0.309166908 -0.0215590037 -0.298749626 0.297745377 -0.00840086676 -0.0776431337 -0.0868515074 -0.0449067615 -0.0574568883 0.165958554 -0.208990276 0.181462839 0.0459524803 0.524433136 0.0909850076 -4.59071684 0.911422372 -0.325775564 0.0551459007 -0.12189877 0.00291175558 0.335420698 0.0545026995 -0.302580148 -0.310124874 -0.0050057047 -0.149461329 0.0535187908 -0.254609525 -0.567187369 -0.223312736 0.237212285 -0.251661986 0.220053777 -0.417248666 0.0308952946 0.105164014 0.0529284663 -0.336433083 -0.1000484 0.0904080272 -0.107783288 0.229360402 -0.0125621511 -0.0943562388 0.10738162 -0.215073451 0.068771407 -0.335006058 0.0742210746 -0.0660249367 -0.0388760716 0.249808192 0.243269444 0.264346927 -0.031975463 0.234088898 0.505992413 -0.0495351292 -0.273810595 -0.059666045 -0.134326503 0.387154937 -0.0173270758 -0.160931125 -0.290646881 0.26400736 0.00405606255 0.00414007716 -3.72978163 -0.319578946 0.183175445 -0.215578035 -0.124351948 0.147444591 -0.0317181833 0.305204332 -2.58127785 -0.00422264775 0.0771930292 -0.117807455 -0.433353126 0.433458418 -0.00309232343 0.166599408 -0.18832469 -0.0346491672 0.27179721 0.012063032 -0.0129705723 -0.140343472 0.0346118733 -0.191921562 0.071453318 -1.73565876 -0.258223772 -0.0206931643 0.00194503041 0.0778439865 -0.184188738 0.105957843 -0.836900949 -0.205484107 0.095180057 -0.574061155 0.244423762 -0.0975643098 -0.046575658 0.325454324 -0.0384775363 0.032133013 0.167785391 0.215552449 0.0696306378 0.108793631 0.206210762 -0.0459330119 -0.538635671 0.255435318 -1.09272361 0.200032383 0.0776267126 0.0992742628 0.39258194 0.0172884017 -0.301126152 0.209316671 -1.60652745 -0.000344153552 0.0384686403 0.0697483793 -1.33321369 0.0999737978 -0.93587631 0.739976346 -0.658659339 0.102500938 0.949135721 0.0372360125 -0.0196265113 0.0461691134 -0.162103057 -1.39548194 0.0385032445 0.419288814 -0.285411865 0.115878224 -1.11584091 0.382147998 -0.266382962 0.337177724 -1.43638301 -0.461129695 -0.0952815637 0.0521425009 0.329027474 -0.582934916 0.132688209 0.358878762 -0.926128983 -0.0467417724 0.247650087 0.086481154 -0.174455285 0.0649370626 0.135682687 -0.135139957 -0.0668282732 0.0433678515 0.0994111821 -3.88609958 -0.030360397 -0.199097514 -1.95163071 0.175728634 -0.31441316 0.134557888 -0.850547791 0.0340354778 1.0369879 -2.39774108 -0.183992118 0.414141029 -0.691678822 0.0188656952 -0.444404632 0.133969486 -1.3316195 0.00528164115 -0.00137237657 -0.0920135379 -0.38125962 -0.458287209 0.0170225184 0.239849105 -0.053186439 0.218436897 0.545570672 0.76903218 -0.0317956731 0.165313691 0.253731132 -0.225132108 -0.272196025 0.470098674 -0.434013218 0.15704605 -0.270191848 -0.339704394 -0.645535409 -0.167415753 -0.108821042 -0.226333007 0.197996378 -0.166100115 -0.630052745 -0.181984931 -1.3381443 -0.0504442565 -0.123049244 0.22945103 -1.86210644 -0.321614474 0.379424483 -0.0854252353 -0.129832193 -0.244160682 0.107740082 0.237558827 0.0266943276 0.0570284948 -0.0171959456 0.0930578262 0.307899147 0.116374828 -0.312093318 0.0365924388 -0.320935428 -0.0930321291 0.037498977 0.209485114 -0.0325630195 0.0802603811 -0.151596397 0.0947999731 0.0334394611 0.0547217615 0.0990373194 -0.144935474 -1.30717278 -0.0853786319 -0.347474605 -0.0426907726 0.254315585 0.0217568856 -1.88000584 -0.293580115 -0.875571728 0.0398801342 0.182232246 0.288845122 0.0722883269 -0.0326757692 -0.811070502 -0.0968115032 -3.06714725 -0.126920626 0.0902574956 0.115477614 -0.610657632 -0.0841012299 -1.32331073 0.349034965 -0.598515689 -0.763392925 0.0874240622 -0.0599604808 0.0613430627 -0.193659201 -0.137806088 0.00872549787 -0.261219412 -0.21821548 -0.0766253546 -0.30734998 0.819148004 -0.279313505 -0.116720378 -0.345013618 0.197246641 -0.0513840839 -0.154490709 -0.0463605374 0.0848573595 0.217466727 0.1812177 0.0839428529 -0.255339146 0.0867887586 -5.43577623 -0.293722779 0.0426976718 0.0798595473 -0.293481797 -0.491945058 0.0743595436 -0.0793668702 0.0427188836 0.0925064832 -0.0446613915 -2.29318428 0.0269840248 -0.890169382 0.353966564 0.257069916 0.18006216 -0.0132488357 -0.0808582678 -0.19581227 -0.00813432783 0.144141585 0.332215935 -0.0505411401 0.0167169478 -0.264870554 -2.05812192 -0.0558179952 -0.48255533 -0.0421082489 0.187160507 0.0312003847 -0.0859357193 -0.0613821372 0.0103732487 0.058768712 0.15566282 0.169097558 0.23822549 0.229316995 0.00176804035 -0.0387074389 -0.100898169 -0.0919097066 -0.0801887289 -0.139674455 0.0738296285 -0.145722643 -0.056337785 -0.13506712 -0.205718741 -0.054039821 0.0419577658 0.189655662 -0.0501238555 -1.35781813 -0.264699757 -0.101531617 0.144437969 -0.245307818 0.00824185554 -0.607510149 0.331423849 -0.906250656 0.257356226 -0.159270808 0.312585056 0.0702511966 -0.0950621367 0.0980683118 0.0469987877 -0.0764745846 -0.362422884 -1.20661891 -0.0757497251 0.0304957274 -1.37285149 0.118557185 -0.130354092 -0.35659799 0.105799735 0.0217061769 -0.00417350419 0.262494355 0.0495139882 -0.0157858022 -0.478878945 0.0396189988 -3.46327591 0.0991910398 -0.0811529383 -0.148854449 -0.586940944 -0.147550493 -3.63725448 -0.299759209 -1.6274339 0.237685442 0.101363897 -0.225999773 0.115676649 0.472550213 -0.032081563 0.301542193 0.0974349007 0.115450457 0.176012024 -0.127546608 -0.181503564 -0.161077693 -0.0699631125 0.184735164 0.0858200788 -0.0582564622 0.157549039 -0.212290689 0.0154868905 -0.172417074 0.513726234 -0.172138825 0.101880029 -0.0369312763 0.0256251898 -0.172241032 -0.313353062 0.28875494 -0.129164606 0.148201957 0.0862984508 -0.149807006 0.385593057 -0.0558637641 -1.20054972 -1.35253692 -0.0159679223 -0.0809446946 0.00118582009 0.123160236 -1.55574977 -1.43660247 -0.17807968 -0.439057887 0.398553282 0.0266028009 0.167252824 -0.1900502 0.197678 -0.555918097 -0.163824692 0.147544771 -0.214045227 -0.0919319466 -0.25348869 -0.189521223 0.218489096 0.143999189 0.205748394 -0.152242959 0.394935459 -0.674128175 0.763785183 -0.743450522 -3.04585266 -0.0478949994 -0.166005492 0.0519843027 -0.6442132 -0.318849117 -0.0456775539 -0.685254455 -0.164766133 0.194070876 -0.391127586 0.0269563161 0.292490572 0.719485521 0.00344894896 0.0873357132 0.200799838 0.879921079 -0.412853688 -0.21901609 0.405802071 -0.238874853 -0.0728608593 -0.0390461534 0.505267859 -0.079723008 -0.00259154569 0.296104163 -0.664189577 0.41716823 -0.398886383 0.0563684888 0.419046998 0.0820212364 -0.176765367 -0.551987588 0.155171603 0.191109627 0.0820478946 -0.299538821 0.110199563 -0.217535719 0.164123699 -0.0389994234 0.218418628 0.102526084 -0.280634731 -0.0546777323 -0.0724236816 0.192341596 0.878523707 0.0403975807 0.295041025 0.400143832 0.231796771 -0.173958659 0.369891256 -0.132934153 -0.744276464 0.445801377 0.164469376 -0.129446641 0.309665173 -0.26640588 -0.0681687444 0.858784735 -0.0261388961 -0.501500785 -0.234108865 0.407931507 0.344283223 0.0358310156 0.578749001 -0.527741313 -0.213477358 0.373965889 0.405348122 -0.362069607 0.243017718 -0.382769883 -0.189812571 0.191207275 0.180863887 0.279158503 -0.24117671 -0.194049239 0.163641796 0.119972631 -0.14787598 -0.0983696878 -0.163566872 -0.0466684029 -0.0796971917 0.0765939206 -0.879830003 0.112053983 0.402585655 -0.546673536 1.59414828 0.855197608 0.306529075 0.0543271489 -0.410924673 0.198200732 -0.0680678785 0.195350558 0.120196126 -0.402784914 -0.576413631 -0.134917572 0.113677666 -0.175026894 0.0469907559 -0.121907175 0.0729214475 0.679318726 -0.368936241 0.194794893 0.0187909231 -0.572320521 0.417266965 -0.388396442 0.112944521 -0.0960930884 -0.102748752 0.64781183 -0.194027528 -0.842022955 0.536671937 0.0111995107 0.20073384 -0.21409899 0.904103279 -0.37800467 -0.0260265376 0.0049873516 -0.276948869 0.270362347 -0.191544697 -0.0161753912 -0.342565209 -0.388555318 0.159687787 -0.114271805 -0.216254979 0.104794957 -0.133918524 -0.104806267 -0.0865605175 0.495382726 -0.0879261345 0.188074246 0.0605785027 0.186490372 -0.302854627 0.111452952 -0.107304759 0.00430358807 -0.593003392 -2.78035426 -0.0817355737 -0.196069121 -0.437938333 -0.879822791 -0.0900258794 0.607199907 0.0880841315 0.0332255997 0.356824368 -0.157636836 0.615013778 -0.185923085 -0.214540437 -0.0344980285 -0.0867470875 0.166083917 -0.0610288531 -0.698557556 1.17694259 -0.31006974 -0.140082657 -0.0157467332 -0.012035246 -0.472738028 0.256613642 0.0663570315 -0.334865093 0.306377351 -0.160687789 -0.28867805 0.139141232 -0.528797328 0.404331714 -1.44160914 -0.129582286 0.184726968 -0.475188792 0.158875465 0.182502672 -0.161306635 0.659543812 0.433154196 -0.492269576 -0.170698419 -0.310146242 0.109260872 0.334740669 -0.130018622 -0.561790645 -0.227546901 0.171708778 -0.160093531 -0.340159863 -0.0722697303 -0.0551627986 0.0829297453 0.0201857071 0.180586919 0.00586627889 0.160911456 0.00455883704 0.0759584382 -0.50912714 -0.140728176 0.131070644 -0.168744609 0.505208015 -0.432247251 0.391751796 0.165323183 0.00409377413 0.00917694718 0.0423245803 -0.036406666 0.627592504 -0.108085223 -0.217140988 0.196247652 -0.412951738 -0.63477236 0.0216669142 0.00877724774 0.121682331 -0.454918504 -0.0850100368 -0.23524414 -0.0342825167 -0.920879483 2.49199057 -0.405283272 -0.174583912 -0.725353658 -0.162026033 1.03891885 -0.135126218 -0.622051358 -0.202653736 -0.806355357 0.0386063084 -0.338683724 0.585928619 -0.114202321 0.0793181434 0.104858719 -0.0833886936 0.251018256 -0.159306496 0.344356477 0.606265962 0.573967755 -0.0226896796 0.283710063 0.34037137 0.372663796 -0.210208163 -0.0185264777 0.803978682 -0.0133403782 -0.290055692 0.269405991 -0.645125091 0.259798735 0.0354781561 0.361244738 -0.666164339 0.372803241 -0.332291514 -0.0451721437 0.19648695 0.12241441 -0.168522179 -0.0547584631 0.206139565 0.398817688 0.140926734 -0.457352579 -0.117533736 -0.139632076 -0.0860829726 -0.110315137 0.725257337 0.258475453 -0.0272863209 -0.108573653 -0.0253060795 0.210540459 0.508470476 -0.0601922572 0.217645437 0.395386517 0.411826819 0.200345337 0.00821176078 -0.0455292687 -0.724061608 0.489678711 0.715591848 0.00195851387 0.116526879 -0.317258775 -0.0754389018 0.0149610126 0.0703081116 -0.784071982 -0.0547836423 0.32264486 0.708633006 0.268163055 1.17612183 -0.246420473 -0.618145525 0.43813172 0.150891155 -0.112681501 0.246922955 -0.368024468 -0.316890746 0.278634548 0.242262691 0.221139342 -0.512924075 -0.0535296462 0.162072599 0.535084426 0.0468335301 -0.166812465 0.00596175715 0.132847354 -0.153418839 0.247768417 -1.58698189 0.111475848 0.233580634 -0.251993597 1.92402792 0.426104248 0.249132738 -0.0180201214 -0.195544451 0.385088474 -0.0327738076 0.353609443 -0.076562874 -0.393720001 -0.636517644 -0.0438267849 0.353113145 0.123667881 -0.00400398625 0.0633301735 0.297000289 0.180918366 -0.367531508 0.248366356 -0.195825219 -0.163519725 0.777104437 -0.262751311 0.406696498 -0.284095049 -0.0189244319 0.435579509 -0.122432835 -0.424407065 0.581950426 -0.0646745712 0.0212387089 0.0282620545 0.953396261 -0.318861991 0.0486612767 -0.0581229441 0.00257870159 0.182040066 -0.0815625116 -0.10844788 -0.000725698133 -0.465172648 -0.0921947286 -0.0820200369 -0.617300391 -0.811356425 0.172470391 0.436166286 -0.353202194 -0.925012708 0.131388605 -0.692949772 0.0598460399 -0.0429409854 0.0794024765 -0.106884375 -0.15029873 -1.10858178 0.122452356 0.34891811 -0.297104597 -0.0351074524 0.158104673 0.341964334 0.0439869277 -0.075940609 -0.642887354 -0.372666568 -0.0581064932 0.179310963 -0.415051043 0.0402493998 -0.451592028 -0.0638398975 0.16483815 -0.0272399057 0.284352303 -0.0461860858 -0.191525236 -0.0637189895 -0.593716383 0.0955597833 -0.927093506 0.0659345761 -0.290763885 -0.124156296 -0.72834754 0.0690970272 -3.09471941 0.378403813 -0.421869218 0.378863752 -0.421676755 -0.759436071 -0.149784207 0.734330833 -0.319049001 -0.288034171 -0.101668403 0.146100953 -0.513782203 -0.135498837 -0.148227781 -1.08789015 -0.211520687 0.0449462458 -0.313624144 -0.249041975 0.445776284 -0.449284285 -0.596657991 -0.125432432 -0.0783138052 -0.00810763892 -0.310351074 0.0827840194 0.162621751 0.0885035321 0.0074076103 0.414124489 -0.308365762 -0.0890043005 0.660989285 -0.123499066 -0.924236 -0.0705998987 0.557207704 -0.825087309 0.078157492 -0.179786772 0.0997427553 0.0505830012 -0.538274705 -1.59307837 -0.236084148 -0.94130528 0.166310579 0.125079706 -0.0116318762 -0.0371876955 -0.0446365885 0.0706896931 -0.232861131 0.097533457 0.196835786 -0.277068526 0.188157976 0.211418256 0.141028196 -0.396258682 0.128583848 0.0698694512 0.00963837001 -0.00477482192 0.385052413 -1.10474241 -0.563939154 0.133832812 0.0355507396 0.398162425 0.0305850413 -0.13484408 0.0564130992 -0.915850103 0.02438117 0.342573196 -0.144575849 0.0671559647 -0.0666400045 -0.316749483 -0.0407478027 0.0726090074 0.16560781 -0.0456627123 -0.0847769454 0.250640601 0.15772523 -0.374402642 0.216013476 -0.734849274 0.541549146 -0.0255822539 -0.00939332321 0.0431918688 -0.148317471 -0.369003981 -0.16305083 0.158370554 -2.07512093 0.115660086 0.136986494 -0.0389873199 0.714271545 -0.19589825 0.27568242 -0.118251346 -0.23278448 -0.292758435 0.656627893 0.309347063 0.0193953514 -0.149653897 0.109081924 -0.00921253301 0.143556133 -0.160478845 0.0703104064 0.203160152 -0.198089913 0.126189321 0.10505718 -0.0537349284 0.214664713 0.0186512414 0.0491459779 -0.213857085 0.666170835 -0.0364234373 0.316513687 -0.154089183 -0.0477668494 -0.158535302 0.0896978751 -0.478490353 -0.329612702 -0.0658082888 -0.185961574 -0.313199282 0.0025089134 -0.709731042 0.484918177 0.306658596 -4.96847153 -0.133747116 -0.175996482 -0.277639061 -0.0128576243 -0.047671739 0.471263677 -0.0665061474 -0.00992861483 -0.559597611 0.105939455 0.0737826079 0.0569450818 -0.128363684 -0.0843749568 -0.193994179 -0.419142932 -0.0571249016 0.0124965347 -0.137546882 -0.0220982283 -0.00944315549 0.673865914 -0.0110803917 -0.389496505 -0.0429842398 0.116573989 0.207859382 -0.184949383 -0.196312189 -0.394612163 0.77813822 -0.0844894424 -1.42450035 0.34992668 -0.0599050969 0.139559537 -0.0843346566 -1.55948973 0.00948044378 0.0135483369 -0.0554511957 0.176691428 0.0365317948 0.539175868 -0.576710105 0.425584793 -0.264036953 -0.191389203 0.0489275418 0.0979536846 -0.837874293 0.237710208 -0.0780466199 -0.512904286 -0.0461798608 0.1977247 -0.116683006 -1.51116967 0.476427615 0.0162889082 0.142781228 0.084279798 -0.402393997 0.0928525254 -0.803510189 -0.334405214 -0.164829716 0.00115843292 -0.512239575 0.0748810172 0.0628620908 0.0798558742 -0.65927887 0.159139782 -0.664709747 0.518842459 -0.0435041226 -0.0518979318 0.132056341 0.0219031256 -1.74639654 -0.277148396 0.11360687 -0.156252757 -0.15958254 -0.16312325 0.362344325 0.0642755255 -0.445947826 -0.568700969 -1.51575816 0.0471708067 -0.0512759872 -0.247895956 0.315095842 -0.12987268 -0.200816855 0.207900047 -0.00449554296 -0.0551850162 -0.123908371 0.158419192 -0.0350993574 -0.361206502 0.0538327247 -3.48868537 -0.135705501 0.0832897946 -0.349397838 0.0103038494 -0.15769738 -0.765269518 0.222879663 -0.580227137 0.247538477 -0.433957249 -1.25206184 0.201043785 0.101910532 0.349380672 0.0344072506 0.203974888 -0.329992592 -0.70919311 0.138546959 -0.372034222 -0.316471428 -0.303181946 -0.0168414544 -0.0991431177 -0.120723218 0.0332501493 0.12866506 -1.22690678 -0.0729706883 -0.0184669811 -0.00171306904 -0.262996793 -0.46492663 -0.0725531131 0.229301348 -0.173399746 0.381205797 0.12392085 -0.0420677364 0.392103374 -0.114187494 -3.49202704 0.0497462973 -0.673134387 -0.311142743 0.278485715 -0.712620437 0.111472927 0.202409968 -0.284456074 -0.383785427 0.0296482388 -0.384977013 0.780738473 -0.0157922488 -0.197793514 0.0061948169 -0.014842784 0.222414002 0.0371986069 0.10922344 0.430211812 -0.201662362 -0.338166058 -0.0607002974 0.614241183 -0.23109141 0.291383445 -0.132618263 -0.15198651 0.00448994199 0.0584215187 -1.79395783 0.18597649 -0.0641367733 -0.104719169 0.2990762 -0.0535832867 0.135881767 0.189210758 -0.457601339 -0.159355789 0.283762008 -0.0739320591 -0.160012573 -0.18125248 -1.33664358 -1.75429428 0.0706207305 0.243476644 -0.640824676 -0.187376723 0.102291755 0.186626315 0.135581791 -0.101810217 0.729482472 -0.276490122 -0.409807533 -0.0887476057 0.0411337614 0.337716252 -0.206428543 0.422910362 -0.433304906 0.582571864 0.122826084 -0.0182674173 -0.352069944 0.0135982186 -0.936918736 0.254530728 0.142727837 -0.0702001452 0.252772242 0.140421942 0.227631718 0.322862059 0.315868467 0.0070148129 -1.28072 -0.108364806 0.138471678 0.584440887 0.308221281 0.122606725 0.296412915 -0.00116026297 -0.0601612553 -0.0344807133 -0.0065939934 0.262141407 -0.233150706 0.29252857 -0.254584402 0.000994293136 -0.684266567 -0.552628398 0.193241701 0.512721777 -0.301088899 0.270159513 -0.250699133 0.0572176538 0.0962855965 -1.17138886 -0.27370432 0.526355624 0.226463258 -0.190173551 -0.115326948 -0.20901981 -0.12636736 -0.286741734 -0.107335232 -0.164578661 0.173058569 0.0593117289 0.0656030104 -0.0183403995 -0.069616884 0.155996338 -0.77897495 0.209437564 0.457939565 0.511310995 -0.0851108432 -0.69662118 -0.039367564 -0.0674071833 -0.142715394 0.501300871 -0.130854666 -0.0750389099 -1.21390831 0.131693184 -0.0524947047 -0.0081848884 0.086648114 0.00304284575 -0.792720377 -0.287399709 0.11975541 -0.0210007299 -1.29017162 -2.05839372 0.748416603 0.387526482 0.0123327998 -0.00539076561 -0.402375221 -1.29248393 -0.322989762 0.0374065265 0.0330343209 0.328827679 -0.0538419522 0.240958124 0.0707542077 0.00452024909 0.984765291 1.56413054 -0.107038513 -0.285685867 0.0404216126 0.188242078 0.131440938 -0.0731414482 -0.0920816511 0.181285873 -0.112718858 -0.375084817 0.00389127131 0.184324309 -0.829508126 -0.0904041231 0.355502278 -0.0556343235 -0.00328600779 -0.0407999977 -0.0753561184 0.335920572 0.120020136 -0.440001726 0.494696468 0.027597459 -0.355930269 0.160272226 -0.150971279 0.178162575 0.113329679 -0.69671905 -0.123603694 -0.154473796 -0.0459280312 0.102579758 -0.702197671 0.264519632 0.362296522 0.142836004 -0.0718804002 -0.423752576 0.0322562605 -0.525195837 0.157821685 0.0427248925 -0.113330036 0.0609926656 -0.276501685 -0.0428418964 -0.036473345 -0.786463439 -0.18556191 0.163012922 -0.226411089 -0.0880027488 -0.222154483 -0.1770273 0.0512368642 0.17730628 -0.450034887 0.152014583 0.0572253279 -0.166376948 0.0159184653 0.297300696 0.193397 0.797919095 -0.966685534 0.570011377 0.0760072172 0.308617294 0.285546899 -1.99371862 -0.312213719 0.303759158 -0.730411112 0.191496015 0.229895145 -0.0207234658 -0.0625364035 -0.219882399 0.717554271 -0.128384247 -0.221691445 0.427431375 -0.126295522 0.287044764 0.957956493 0.0708911791 -0.414335877 0.115731403 0.247580826 0.12714678 0.118152678 0.318857878 0.408783466 -0.189925998 -0.0362616479 -0.712790728 -0.560329616 -0.0982324183 -0.0162224025 0.00752025191 0.148164734 0.25086537 0.17406784 -0.0582688674 0.383603692 0.628550768 -0.00930158794 -0.58153224 0.505888224 -0.341584563 0.355319858 0.106062882 -0.0768834054 0.373182535 -0.477981091 -0.146245107 -0.49784255 0.0507026687 0.501729548 0.282363564 -0.0746062472 0.0686998665 -2.16168475 0.395447403 0.409211576 0.977833927 -0.473909676 -0.0255732499 -0.434316605 -0.173796937 -0.291630149 -0.0913278535 -0.176194936 0.0958165526
tensor_linearrelustack9bias 1
-0.877466857
tensor_linearrelustack0bias 128
-0.769097507 -0.485276312 0.0136939744 -0.121885948 -1.11471736 -0.773709953 0.230665922 -0.674030006 0.640660048 -1.01841187 0.0115411105 0.0423529521 0.00982022099 -0.531844556 -1.07536995 -0.756953418 -0.579781055 0.0199288167 0.88544935 0.785579205 0.788753092 -0.467250228 -0.667582631 -1.53880847 -0.220324099 -0.394711643 -0.47199598 -0.141466334 -1.04471326 -0.983494103 -0.9399876 0.279377043 0.102811247 0.57285434 -0.18257086 -0.546483696 -0.189869389 -0.232873306 -0.591401815 -0.164610624 0.0813533142 0.567032516 0.38313818 -0.753554285 -0.152709141 0.893003821 -0.313309848 -0.00995173305 0.230776176 -0.768689632 -0.499280691 -1.78604591 -0.307535172 0.199460402 -0.809015512 -0.691333532 -0.202528849 0.839390516 -0.435445815 0.325777978 -0.806261897 0.821174204 -0.0743426681 -1.33223176 -1.36674905 -0.73380965 -0.713564754 -0.734149277 -0.541057587 -0.64539814 0.266790718 -0.598212302 -0.520724118 0.555788875 -0.119395792 -0.413710505 -0.743389666 -0.837476611 -0.959947824 0.573067069 -0.687550724 0.481655747 0.801250994 -0.257507026 0.997021496 -1.26019228 -0.405119777 0.611444712 -0.92662704 -1.34685206 -0.861034691 0.959562898 -0.713309705 0.325325787 0.989852488 0.925560117 -1.22809529 0.842469752 -1.12362039 -1.07069445 -0.189126357 0.128119409 -1.01752484 -0.825917721 0.440272629 -0.353554398 -0.681853533 0.172328979 -0.691567719 -0.702627003 -1.19928014 0.767787278 -0.739909947 -0.127159938 -0.432488859 -0.151834249 -0.562724054 0.352928847 -1.11473572 -0.357230365 -0.341430187 -0.643247306 -0.411335409 0.151313037 -0.0803221539 -0.457788944 -0.538239717 -0.452819139
tensor_linearrelustack6bias 16
0.268293738 0.242347598 -0.192687213 -0.0561139621 0.0461420268 0.543639839 -0.236807376 -0.154133216 0.362841487 -0.111232586 -0.171482429 0.631835341 -0.00385041581 0.287643939 -0.0388015322 -0.169171706
tensor_linearrelustack0weight 2560
0.0391224697 0.00652843434 0.00900682341 0.0349286832 0.0152373984 0.000838127162 0.0354013257 -0.0529038571 0.0376489423 0.149395749 0.260898739 -0.29678601 0.0882280767 -1.34007525 0.136124507 0.0411763899 0.00589012448 0.300523192 0.250035286 0.433772713 0.0094273081 -0.173477754 0.0927372202 0.0430714078 0.0613396466 0.00995409861 -0.388926417 0.103295296 0.483515561 0.143278018 -0.148272887 -0.73629266 0.23343955 -0.734016836 0.22062543 -0.0176921915 -0.124888018 0.276428312 0.13476415 -0.168742836 -0.0886192024 0.0181412715 -0.0704098418 0.0294175819 -0.0296743847 0.0471275523 0.0933057219 -0.00440509431 -1.11195469 -0.0120086297 0.127488822 0.498827189 -0.281528831 -0.237946525 -0.318205237 -0.0892775431 0.296511441 0.242502227 0.128791302 0.266773701 -0.0551189035 -0.0265858136 -0.064667888 0.0229263473 -0.0666925907 0.0929632634 -0.157199979 -0.0538654141 0.0611047074 0.0500075817 -0.0382679366 0.0717727914 -0.316352546 -1.23732233 -0.0256016627 -0.0613752641 0.158288062 0.825735807 0.456178695 -0.000923890562 0.129814625 -0.143276796 0.231398627 -0.0526798181 0.0951135904 0.05439426 0.00742626842 -0.0105802594 0.286521196 -0.00326499785 0.114281483 -0.774681568 -0.228291169 0.133961499 0.0247401726 -0.00875940919 -0.508708 -0.00555337081 -0.240184158 0.491087198 0.0166355781 -0.112137131 -0.0978326127 -0.115964562 -0.0912842453 -0.0350608192 -0.0647059157 0.0778663307 -0.345576406 -0.0873371363 -0.11862345 0.208083898 -0.621831656 0.210030481 -0.25638181 -0.10266193 -0.0617303364 0.143840507 0.150203988 0.673464656 -0.324402452 -0.0147486636 -0.0535459071 0.100037508 0.0528248139 -0.075013496 -0.00773605006 -0.0341589935 -0.807888329 0.0219705235 0.0167727675 1.00296426 -0.264252454 -0.331294984 0.205932274 0.0688176751 0.312775761 0.23407948 -0.0808245838 0.0145338159 0.0270049945 0.0349997282 -0.147088408 -0.131686226 0.211844578 0.132753938 -0.217624411 -0.659471452 -0.075473249 -0.000506670622 -0.14174214 -0.0822858363 -0.175175667 0.215134516 -0.903694093 0.00398478471 0.73123759 -0.0154977702 0.0665496662 -0.0783590153 -0.0381759144 -0.0999137834 0.0265111532 -0.0784451216 0.0435299724 -0.0413982533 -0.0345770791 -0.0279993843 0.756805301 0.085186854 0.0896032378 -0.657638729 0.199351773 -0.119002126 0.25427106 -0.0218167193 -0.0180962458 0.143692911 -0.0645913854 -1.57927644 -0.00878216233 0.0916346312 0.0324438922 -0.293006271 0.31364134 -0.184155688 -0.00172765343 0.0215921253 0.140063629 -0.132112905 0.23682487 -0.559096396 0.196724653 0.0810514763 0.0898234472 -0.160167545 -0.176903293 0.133550331 0.288182676 0.262068272 0.0384550206 0.114087403 -0.025438115 -0.115397662 -0.00559365656 -0.103665531 -0.00559516158 0.256325543 0.665460169 -0.158843353 0.110969722 -0.556229174 0.0412854105 0.472523957 -0.339605004 -0.0282115564 0.420284629 -0.354481876 -0.134760886 -0.0173365511 0.01538081 0.167567268 -0.334854692 -0.120691493 0.494600713 0.146482348 0.131512672 -0.14782922 -0.231374234 0.226606697 -0.121122852 0.588507354 0.294775218 -0.0730626211 -0.202924505 -0.0415693969 -0.124262758 -0.186193138 0.379892528 -1.03251886 -0.797005773 -0.03249567 -0.233067974 0.115504041 0.10020519 0.0055216453 -0.016124893 0.0966644362 0.122643389 0.0162124056 -0.295798808 -0.00902677514 -0.215452611 -0.118753575 -0.0329779238 -0.0618900619 0.149027288 -0.26240468 -0.186025694 -1.59331715 -0.179736659 -0.0579927377 -0.128558412 0.0157924332 0.0849195793 -0.710144937 -0.18963851 -0.127268583 -0.447864532 0.547775626 -0.275863618 0.145385712 -0.181255564 0.170581445 0.29279688 0.0601763055 0.0526303165 -0.153472215 -0.087146312 0.513784945 0.0300758947 -0.118906535 -0.182572499 0.0263859928 -0.0126857664 0.115274549 0.0976328701 0.0269569494 -0.181933731 0.36271584 0.0610576011 -0.105910175 -0.176485538 -0.142555639 0.046232488 0.131107211 -1.42870021 0.424806714 0.104749009 -0.151239559 -0.0142880492 0.0716572329 -0.163880885 -0.0989763662 -0.0966360122 -0.0537652038 0.0167004373 -0.0144018168 0.632057905 0.109500229 -0.00973103847 -1.4480269 -0.0620756783 0.00336009311 -0.0196838286 -0.0541526005 0.0996354744 0.0626250356 0.0389698371 0.292851448 0.00821340457 -0.159917399 0.300641149 0.0970043987 0.142278194 -0.0375099406 0.047741212 0.077798523 0.0933562741 -0.255036116 0.222105309 0.634963036 0.297608167 -0.23963666 -0.973331034 0.0786418617 -0.25403595 -0.00680212397 0.011561363 0.346409291 0.362886846 0.100658067 0.073512733 0.376127213 -0.0612059794 0.212645873 0.0461762138 -0.10417366 0.0246285368 0.710008085 0.0496598482 -0.405216306 -0.182400435 -0.283506453 0.102242693 -0.0196124706 -0.0423187166 0.746010721 -0.893048525 -0.398971111 0.0531351715 0.123683095 0.0341523886 -0.0125937695 0.069270052 -0.0230614096 -0.00577709312 0.0610744692 -0.394141912 -0.244310662 -0.0901004374 0.856843591 -0.0750647709 -0.0505949408 0.63586688 -0.00206254655 -0.148666233 0.0890385285 -0.116603807 -0.557323694 -0.00703370944 -0.194629669 -0.0193355531 -0.0355950333 0.0432739891 -0.0449950621 0.0612200201 0.00224328344 0.292629153 0.192512572 0.00917967409 -0.549503267 0.0351788327 -0.175335795 -0.0122441649 -0.0118126366 0.126864672 0.192492589 -0.0555434637 -0.896789193 -0.0838324428 0.252153754 0.11742492 -0.0193120576 0.00690310262 -0.081450507 -0.0658273846 0.0293242186 0.249946073 -0.0730383843 -0.00148495089 -0.0649236441 0.101664409 0.0699285716 -0.00132547272 0.0311955996 0.620591938 -0.0434167199 0.012034256 -1.16637516 -0.282589346 -0.126607478 -0.143698528 0.105430037 0.128808141 0.00189548894 0.149500281 0.0012463067 0.787392676 0.10058137 0.119600654 -1.12325919 0.244672567 -0.250850439 0.197601199 -0.0482315682 0.104842059 -0.148126453 -0.548374236 -0.107216291 -0.0680541471 0.129209042 -0.16092208 0.204380393 0.31966579 -0.0727807805 0.341489732 -0.0416231714 0.394843012 0.509646177 0.325592339 -0.852393925 -0.202684954 -0.205808237 0.167151481 0.021955356 -0.0607977808 0.521199107 0.360529929 -0.516806424 0.271874517 0.290570199 0.246041149 0.140011564 -0.183075041 0.0161665548 -0.0414776914 -0.0850811154 0.191523045 0.422273576 -0.120618805 -0.290269285 -0.388597667 -0.0345242769 0.175585136 0.645190656 -0.323809326 -0.0153225325 0.175860927 0.225814208 0.126129836 0.109380633 -0.144739702 -0.0985541493 -0.0701006129 0.111183614 0.040993344 0.0872622654 -0.671197057 -0.497266322 -0.00321746734 0.784353316 -0.483572483 -0.0516001657 -0.553228259 -0.0737203285 0.547958612 0.199352205 0.210616589 0.265617818 0.347009152 0.272736758 -0.142969728 -0.348754257 -0.361664832 0.119837873 0.0560519807 -0.00991572719 -1.39596415 -0.113561541 -0.0484952331 0.21302788 0.0227335114 0.236027747 0.162496641 -0.168480754 0.0964694023 -0.138357788 0.0460676327 -0.0881595984 0.0104552172 -0.0139469625 0.0117912283 0.0817780197 0.028620936 0.101291627 -0.136834785 0.0614448413 0.805285811 0.347853363 0.147760466 -1.34174144 -0.228105947 0.334652156 -0.105083086 -0.023614753 0.265497357 -0.105762012 -0.051543694 -0.0487079285 0.0250539314 1.03851783 0.00183332071 -0.186121926 -0.213748559 -0.159179077 -0.0236950368 -0.0607155226 -0.211898208 -0.255662501 -0.151927173 -0.139264137 0.293331057 0.0448129624 0.173683465 0.540709436 -0.167918459 0.12731576 0.072913751 -0.129760057 0.0889011696 -0.270398617 -0.0235863309 -0.0795466378 -0.00353986723 -0.0582438186 0.0270383563 0.0468836948 0.0712506697 -0.132968709 -0.0311975349 0.142670602 -0.767862558 0.0147643574 -0.000784701202 0.0373070277 -0.239676386 0.00441943156 -0.00275313994 0.580989003 -0.569283128 -0.0835717022 -0.377823085 -0.0795623213 0.0777295157 0.216596752 -0.208991662 0.216840893 -0.0864372849 -0.0510251932 -0.0332525298 0.438638717 -0.00825988222 0.096224539 -0.170929536 0.0120694069 0.0451096594 0.0520071723 0.148898989 0.245660082 -0.109117053 0.00936636701 -0.983928442 -0.129126102 -0.140406191 -0.077067852 0.0661002845 0.031017404 0.124514341 0.0277766958 -0.00213841209 -0.663434207 0.0193572249 -0.0927587375 -0.0181893446 0.0844048262 0.373739094 0.0775871128 0.159065977 0.396413714 0.173482478 0.405456901 0.0534743816 0.166245162 0.0607076325 0.0581871569 -0.0136017278 -0.401763618 -0.586240172 0.285134763 -0.12665759 0.536740482 0.513998032 0.293505222 0.0718605742 -0.0666943267 0.345945835 -0.190541953 -0.214936525 -0.687508404 0.0137876449 0.0285584461 0.138458118 0.0102148997 -0.0057898527 0.0861709788 -0.0222944096 0.128496394 -0.246241301 -0.0997637287 0.565137923 -0.737514913 -0.176711053 -0.0579498112 -0.10847988 -0.0707759112 -0.245990828 0.189020276 0.160122111 -1.00717092 0.318462789 0.111488245 0.22495541 -0.0909994468 -0.0666851327 0.0879170001 -0.0540998876 0.0972695276 -0.558598995 0.246848658 -0.041059114 0.375883967 -0.0771198049 0.0762769505 -0.403618842 0.0102968896 0.752166748 -0.0724717975 0.127707407 -1.09390807 0.172956288 0.0973600894 -0.166492805 -0.182903036 -0.00939948857 -0.0300418697 0.103993513 0.0622217171 -0.02930215 0.716642261 -0.669151366 -0.0355442762 -0.0425781906 -0.0865085721 0.0722790435 0.108444959 0.286856353 -0.804510713 0.0976181254 -0.182033062 -0.0633634105 -0.0242550038 0.247860312 -0.0427918434 -0.24705787 0.0548319556 -0.0177291278 -0.557855487 -0.0725616068 -0.00383595354 -0.205226362 0.119887076 -0.00792971253 0.0827872604 -1.17019641 -0.0631823242 0.676290572 -0.0123212514 0.428542912 -0.0816414654 -0.267192334 -0.286010861 -0.0303094052 0.0879851654 -0.216380358 0.0959167108 -0.020739343 -0.0448236987 -0.690583885 0.00080647564 -0.256030113 0.868459105 -0.219887868 -0.154731408 0.0228969287 -0.0445937961 -0.122408278 -0.0683973059 0.438491344 0.37613371 0.177578539 0.11528296 -0.0622796752 0.207862094 -0.0256464221 0.0808226764 0.0720643923 -0.0273977369 0.391960323 -1.51805913 -0.0554147065 -0.013660063 -0.0478076041 0.135725453 0.00161642407 -0.0898975283 0.0765328631 -0.00670253485 -0.113944933 -0.126312196 0.186106354 -0.0755287483 0.162819639 0.00218870002 -0.00980283134 0.0486659668 0.0385977924 -0.026147496 0.333929032 0.0389797986 -0.0472320728 -0.00430497015 -0.80440402 -0.0759478584 -0.0151310684 0.0240831655 -0.448488086 0.163268119 0.109899528 0.699204028 -0.295589834 0.287700921 0.0781559721 -0.132782027 -0.154283568 -0.600005329 -0.0254874416 0.0415650792 -0.103979558 0.476181805 -0.0458734706 -0.548925638 0.557593703 0.25359261 -0.160303906 -0.00729041593 0.15927498 0.247918829 -0.0879853889 -0.10675586 0.410031497 0.00485186279 -0.146701545 0.0685638562 0.0548194498 -0.0449710786 0.111140341 0.179182976 0.695168376 0.236076698 0.124354795 -0.0308879316 0.219633758 -0.172786549 -0.407553017 -0.111097284 -0.450054437 -0.691194057 0.425306499 -0.233636215 -0.0175215956 0.158943146 -0.00790956523 0.148603767 -0.0458665714 0.0408364795 0.0535974465 -0.0215252005 -0.0531181768 0.0763389021 0.0517560951 -0.0260401834 0.0103660049 0.21814388 0.0572619513 -0.0110250944 -0.0627490729 0.563150465 -0.287360549 -1.82022619 -0.312652409 0.259767771 0.0496328659 -0.322223604 -0.100857072 0.20010455 -0.126343518 0.0292118434 -0.696913242 -0.199063405 -0.149361908 0.919806659 -0.114306338 0.0768643469 -0.103012063 0.0671747401 0.19421266 0.35465008 0.114028104 -0.0588168837 -0.0217900276 0.0416620933 0.0177102946 0.00433860393 -0.0293411016 -0.651893318 -0.00610742858 -0.0389781781 -0.58521539 -0.545307755 0.0115481736 0.0434107222 -0.709296882 0.00636808947 0.0257645119 -0.0122963972 0.45701763 0.231724292 0.0289897397 -0.0479683504 -0.228668377 0.130369991 0.0165437497 0.0104087573 0.0563650876 0.000453889108 -0.165009737 -0.104126893 -0.416267872 -0.218923494 0.108164638 0.610632777 -0.317088604 0.539074242 -0.873959959 0.0242682397 0.479674667 -0.238671869 0.168469056 0.0682672039 0.0133730862 0.0513612814 0.00479839602 0.0126055283 0.0518641137 -0.00616944674 0.0291671585 0.0302117113 -0.0394916572 -0.00919444952 0.0609966964 0.0412993133 0.069349125 -0.0783353075 0.486932188 -0.00767997559 0.435989201 0.0717005283 -0.481051028 -1.41476154 0.0708980858 -0.0157461874 -0.122407198 0.0292646848 -0.0228064992 0.312743962 0.202943221 -0.110243179 0.172911525 0.547433078 0.275961399 -0.844184995 -0.232184857 -0.242078453 0.252114207 -0.162559196 0.377553076 0.271623433 -0.237511694 0.0645510182 -0.421904683 -0.135500565 -0.24003835 0.0232374184 0.127167478 -0.104038559 0.102641173 -0.122972757 0.999275029 -0.3442837 -0.0421079285 -0.161020294 0.333065838 -0.483148545 0.290644765 0.0529298335 0.0550647117 0.205481946 -0.044675 -0.556196034 0.0678331107 0.0311900601 0.146146104 -0.0289960615 -0.0223565456 0.0513623618 0.054482162 0.0335443094 0.0807275549 0.557905912 -0.109466873 -0.0182191581 -0.0870201215 -0.27898711 -0.0553416684 -0.00146859721 0.534069836 -1.17479098 0.276950747 -0.165980995 -0.179749489 0.108433008 -0.627761185 -0.449476987 -0.374615461 -0.0262790155 0.028178649 0.00621838076 -0.311488748 -0.553631842 -0.258144915 -0.779753089 0.239376292 -0.213407665 0.0678331777 -0.0545782298 0.217286542 0.365659207 0.329997897 -0.08042299 -0.25903362 0.0368906483 0.0847074017 -0.139177993 -0.166424245 0.164362565 0.0471171886 0.0984611884 -0.109937683 0.361584336 0.163104072 0.394928098 -0.693518758 -0.160582393 -0.578340352 0.127182677 -0.625538707 -0.182015777 -0.152258843 -0.0639269799 -0.0559383854 -0.013391328 -0.0458522029 0.0461555831 0.0188833158 -1.03838444 -0.0434969105 -0.0280668549 0.0936122835 -0.0316876359 -0.00671093538 -0.112569332 -0.0610553138 0.0913977772 0.00914225355 0.00338138989 0.127948895 -0.0152912037 -0.0301846005 -0.0565718226 -0.0707535073 -0.179098427 -0.323111862 -0.111693785 0.0474635474 -0.111420356 0.0429503694 0.132495761 -0.0409072638 0.440472007 -0.403576702 -0.247775391 -0.439082891 -0.402352184 0.592425108 -0.0879120007 0.470592171 -0.653957546 0.277243584 -0.0865104571 0.0410904996 0.153071091 0.19452782 0.020309817 0.00164506643 -0.0112725077 0.0818938315 0.0836562738 0.00440449035 0.0870895088 0.124584176 0.0218029413 -0.0813005343 -0.415983498 0.258605927 0.0295564067 0.562987268 0.285904109 -0.832467735 -1.07942998 -0.0307277273 0.187991381 -0.876824081 -0.418692738 -0.301989675 0.0272284169 0.0600797161 -0.0401945859 -0.590161145 -0.132329673 -0.33731091 0.252271265 0.154836461 0.0306020435 0.320572704 -0.269856602 0.212508932 -0.00439880788 0.0377991423 0.156068847 0.100082643 -0.0633129776 0.0473046973 -0.0538953803 -0.117626637 -0.0181931946 0.0294697732 -0.0519398786 -0.195236385 0.0549758151 0.042731002 0.0103157423 -0.444181114 -0.00967703667 -1.43984759 -0.0557112731 0.916538835 -0.0515054651 0.234263197 0.251832515 -0.371863633 -0.0104144812 0.00634635473 0.0365696475 0.0163873956 -0.20265463 -0.0291564874 -0.041762609 1.15021932 0.183772504 0.0954914391 -0.967353821 -0.269010812 0.139695883 -0.145154789 0.0963228717 0.469527036 -0.00551226921 0.00262119179 -0.639758766 -0.0260650516 0.117258891 0.0286108404 0.00652880128 0.00311647309 -0.025991777 0.00972162932 0.0148103721 0.0321900137 -0.0409065038 -0.0324756764 0.0436119698 -0.0265987795 0.909177721 -0.00601463579 0.00148741715 0.0128112882 -0.0796544701 -0.083060436 -1.53429139 0.13188453 0.0317416564 0.072560519 0.070523195 0.0235338006 0.0719526336 0.0514796451 0.0336016417 0.720252514 0.473965853 0.15453209 -1.35280466 -0.190059274 -0.128771871 -0.0369673073 -0.030423915 -0.0505293347 0.00741828093 -0.00190226373 -0.115042388 -0.0953385606 0.0288290884 0.146095693 -0.385173857 -0.289768249 0.0216724649 -0.0319990441 -0.0528508388 -0.38119331 -0.328646094 -0.243470967 0.79548651 -0.531803012 0.453846097 -0.432771802 0.113336027 0.721531749 0.0784065053 0.0262833349 -0.448012739 0.199400693 0.00661497284 -0.176986888 -0.202394739 -0.0113707045 0.0352273099 0.102592662 -0.0462819189 -0.0584636554 -0.152192175 0.118211806 0.438827634 -0.482214481 -0.810044646 -0.320960641 -0.0269757174 0.0163170509 -0.466583967 -0.184813246 -0.106429845 0.0114038568 0.0553801619 0.0149734896 -0.0311229751 -0.0263359956 -0.00996808521 0.0185343772 -0.030689165 -0.227508932 -0.104660831 0.000251317542 1.02629459 -0.359707773 -0.26432997 0.0150609855 -0.00973386317 0.0535941012 0.285671383 0.115673549 -0.608430684 0.534343779 -0.243454888 0.742972434 -0.0782316178 0.0277066603 0.0644678995 -0.131276608 0.136609107 0.089466922 0.12984933 -0.0666723773 -0.00248983293 0.329145163 0.152988836 -0.251988858 0.113859147 0.0164915733 -0.57796669 0.0560787804 -0.464017749 0.0124594877 -0.082874693 0.025265567 0.118201301 -0.0640931949 -0.0725577101 -0.0317170843 0.0161427017 0.135520697 0.352680624 -0.118970491 -0.851305902 -0.507067621 0.219881311 0.0464344062 0.0371606201 -0.209056631 -0.303019732 -0.00999324489 0.500220656 0.0140964994 0.435252607 -0.230031371 -0.241449282 0.0633906722 0.00386402477 -0.0261387061 0.119061679 -0.324002951 -0.380585045 0.0375874564 -0.0233816039 0.0120202089 0.217702523 -0.0308271963 -0.563740015 0.292422533 0.258182138 -0.0502505973 0.219023883 0.235891342 0.129319131 -0.478556544 -0.498595417 -0.137770429 0.0405872613 0.018611623 0.0365643278 -0.203190714 0.243236288 -0.068258293 -1.22660196 0.724034786 0.0579566248 -0.0291284863 -0.0732150525 -0.123280905 -0.0631785914 0.0558648966 -0.229743436 -0.190494835 -0.0221275389 -0.164001301 0.13206993 0.0483815633 -0.135312468 0.0432595648 -0.564093947 0.57936883 -0.162823036 0.262310296 -0.241868854 0.343604833 -0.0967618152 -0.765431464 0.0539757125 0.661670983 -0.0570528358 0.224306598 -0.452612281 -0.21831359 -0.0564653277 0.110827439 -0.00253022765 -0.0113034863 0.035735216 -0.0239387285 0.0255874004 0.067563504 -0.0713567436 0.00188553496 -0.0102383494 0.00580666494 0.0123046199 0.0433055907 -1.05226278 -0.320908725 -0.0292790327 -0.0346258916 0.00727794552 0.187437654 0.0738935843 0.34717226 -0.31780988 -0.0750246197 0.0451410748 -0.00156894547 0.228317365 -0.140763372 -0.341644913 0.219945952 0.256231427 0.281660587 -0.235033184 -0.0893164799 -0.0972225517 0.271922648 0.272451371 -0.683651149 0.0272767376 -0.39901498 -0.214516163 0.0621564351 -0.0951101929 0.167805135 0.492815048 -0.125630051 -0.0534973405 0.437801987 0.741407216 -0.0358382948 -0.15310441 -0.152519897 0.0610080436 -0.006303865 0.182155058 -0.10523808 0.163685724 -0.0821258798 -0.0823698938 -0.351561219 0.309828132 -0.381717652 -0.24724333 -0.0484786257 0.412659705 -0.177483544 0.00392336445 -0.0147327725 0.0964674726 -0.0344605632 0.281132311 0.221800104 -0.0376737416 0.0421115719 0.103567019 0.702102423 0.369674295 0.0909008458 -0.817998946 -0.267057955 0.0201660786 -0.238371924 -0.368465364 -0.505372107 -0.513430417 -0.443465292 -0.561232328 -0.594492197 -0.407986611 -0.166483298 0.56527108 0.540069938 0.257733136 0.304757506 -0.0307643786 -0.273587495 0.0511483252 0.183063909 -0.000218197063 0.0489433371 0.187498018 -0.522760987 -0.118772395 -0.570518136 0.0618317239 0.0477935486 0.0384583399 0.118039414 -0.209161818 -0.457594603 0.328823924 -0.0307942405 0.0134608308 -0.523302197 0.165699437 -0.333079964 0.110149957 0.501683414 -0.405369997 -0.0392764024 0.178375453 -0.0717080161 0.186286226 -0.0126383705 0.14669694 0.0528789796 -0.0151012121 0.0199421588 0.14277935 0.0173327271 -0.0148837157 0.417307228 -0.12147335 0.0256619919 0.0256664455 0.503461719 -0.851695001 0.0610906109 -0.925431728 -0.4645859 0.268411785 0.198504835 0.083615832 0.20563364 0.178337723 0.036923375 0.142363444 -0.80878067 -0.662868142 -0.11772988 0.755144238 0.19787918 0.18967405 0.201121762 0.100822121 -0.0869549513 0.103581227 0.0222431961 -0.148703918 0.159656316 -0.263802528 -0.0533456244 -0.042381946 -0.0980342478 0.108892985 -0.0824507326 0.0785589814 0.234023601 0.443741679 0.208497301 -1.28931653 -0.0974268019 0.252726942 0.117469884 0.196580395 0.118301377 -0.0572762415 -0.0885294974 -0.247659206 0.331675768 -0.372478992 -0.129802644 -0.181284711 0.033008866 -0.193491846 0.00989842974 0.0949355662 -0.473324388 0.301569998 -0.114479221 0.444496244 0.106510185 -0.294747591 0.133542687 0.186616182 0.236805916 -0.159973055 -0.0170712713 0.238706157 -0.385013849 -0.0384357795 0.0246089231 -0.0342002138 -0.0693174154 0.678340852 0.0725830942 -0.144564703 0.355530679 0.261724055 -0.00297600729 0.230523288 -0.170850724 -0.0558880717 0.0947256312 0.0630703717 0.150290474 0.358397305 -0.283018559 -0.150245175 -0.165823519 -0.0347430184 -0.45675531 -0.522968531 0.00416632323 -0.0969732553 0.0559912883 0.0472752415 -0.151742145 -0.146991849 0.0819228739 -0.120270826 -0.48864609 -0.0153732803 -0.0481517613 0.131772891 0.378951848 0.246033967 -0.0220599696 0.415301502 -0.000666813983 0.0672247857 -0.000638088852 0.0283391718 -0.00286996015 0.00876752473 0.0139952907 0.0877766684 0.0523627177 -0.0558526032 0.000743974117 0.00959358737 0.296284974 0.0519793108 -0.000392694958 -0.0551913902 0.736765802 -0.544728339 -0.125767216 -0.194323063 0.0901333019 -0.199926287 0.201969147 -0.0151122436 -0.0934944302 0.0742289051 0.00866303965 0.055588793 0.682291627 0.0511988588 0.0619321726 -0.780840099 -0.0952248946 0.163325876 -0.275842011 0.00409761211 -0.261906654 0.0658459961 0.107791215 0.566504598 0.152547389 -0.0230009183 -0.0228564721 0.0823914483 -0.0282902922 0.140921101 0.0271353815 -0.0695198476 0.295482665 0.306634426 -0.0568354502 -0.207408577 -0.107235774 -0.0380083285 0.135808781 0.00581427757 0.472853214 -1.35751617 0.142152265 -0.460725069 0.270872474 0.116754867 0.14212738 -0.0356916785 -0.0869630948 0.103885092 -0.0012323308 0.0703786388 0.747597933 -0.0483660772 -0.0927649438 -0.139754087 -0.18288292 0.106976971 -0.0338405743 -0.0396549739 -0.381799996 0.0607306622 0.00733778998 -0.69509542 0.301259667 0.251722723 -0.401888609 -0.171747431 -0.109691389 -0.114321418 -0.0415485948 -0.161274895 0.295904666 0.170319423 0.203782499 -0.61325109 -0.28424105 -0.0611960106 -0.00104850484 -0.507523715 -0.587664068 0.130824551 0.127823398 -0.186996132 0.0389927141 -0.0261030141 0.0143772857 0.0455937125 -0.005043827 0.0419905372 -0.0041511571 0.0126404753 -0.154233575 0.036916133 -0.0247235056 0.166074798 1.02139258 -0.00274633523 -0.0046275584 -0.00122577755 -0.0881122649 -0.134504378 0.00343857589 -1.10339487 -0.00690575037 -0.0170102604 -0.0489852838 0.0414891466 0.0153664155 0.0355650261 0.0162183084 -0.905692637 -0.149589583 0.0471793301 -0.208245426 -0.139697373 -0.0150613813 -0.0647170916 0.00522763794 -0.0468505882 0.0519365855 -0.0159021541 0.00354584935 0.0026359749 -0.16818656 -0.264761746 0.163599372 0.19714193 0.0814721361 0.176724911 0.0712142885 0.0613492876 -0.528700054 -0.314424574 0.0733619854 0.964900613 -0.167454436 -0.50197655 -0.0840475112 -0.0141441561 -0.233793005 -0.0714784488 0.0474079102 0.239411741 -0.0149361296 0.00857558195 0.0265890323 0.00605672877 -0.0344073214 0.0134317772 0.0199385509 -0.00635156035 -0.180275828 0.00121599226 -0.00326131308 0.168173462 0.499475181 -0.0587467514 -0.0801071525 0.0287734456 0.59409672 -0.703479886 0.0790648684 -1.19366467 -0.0678356215 0.0621838607 -0.0729035586 -0.0676413104 -0.0539363921 0.011710423 -0.0299541485 -0.0133436583 0.140155286 -0.218812764 -0.801597774 0.29906866 0.14436239 0.0796237513 0.0227655564 -0.048671253 -0.274815142 -0.106298804 0.18841359 0.381965488 0.0136633869 -0.215976313 0.0772713348 0.158785909 0.0552594811 0.0317478664 0.0928354263 0.0580937713 -0.140414804 0.269938827 0.17868346 -0.0826525614 -0.220311254 -0.410866737 -0.582023084 0.0150916828 -0.198861137 -0.274326712 0.149229556 0.35480088 0.146454722 -0.144649535 -0.185042858 -0.0485499762 -0.0394233502 -0.0533061922 0.0701944605 0.130691215 -0.0845068768 0.0382675305 -0.0593807511 0.103317469 0.0937113985 -0.565447748 -0.730022609 0.0769684687 0.693671048 0.295856446 -1.04820406 -0.167037457 -0.0383028053 0.0963127986 -0.0166326072 -0.00188050489 0.00411969749 -0.017209718 0.000424484024 -0.000685154984 -0.390728682 -0.25701347 -0.0617711209 0.728445172 0.784682631 -0.00820908602 -0.0835078135 -0.00545726158 -0.0633330047 -0.0537561215 0.00648789573 -0.506186664 0.0785939619 -0.101191573 -0.0423351787 -0.0136631262 0.00130210072 0.149822086 -0.0124109564 0.101760015 -0.542320728 0.00221864507 0.0162279122 0.194449991 -0.246224448 0.0190512408 -0.59097141 -0.0582288504 -0.224195942 0.16443564 0.184649259 0.591542244 0.0333096795 -0.0839581192 0.119048059 0.0956212953 -0.0119528109 0.0373475291 0.0161537677 -0.0414221361 1.05213559 0.00417859061 -0.00378753385 -0.914245069 0.0992417112 0.139651164 0.0723389536 0.0293832403 0.262039006 -0.404538512 -0.0997315869 -0.439264655 -0.00829046778 0.146692604 0.0127573684 -0.0226327926 -0.0248370077 0.00657832716 -0.00865144562 -0.062463779 0.0665364638 -0.059274897 -0.0306671374 -0.0314819813 1.00418341 0.000435082824 0.0546725728 -0.0243194066 -0.174229592 -0.0445976146 0.00156610878 -0.926167905 -0.152173117 0.216324896 -0.0224723369 0.0571492724 0.00834450684 0.0187894199 0.00995089393 0.0657215416 -0.0529867485 -0.029375378 -0.0307788905 0.146384791 -0.00627510017 -0.0339672938 0.69219172 -0.0297417641 0.084632732 0.0253630858 -0.0534930266 -1.02699387 0.0301617682 0.00933141261 0.131726474 -0.0413863808 0.0845947117 -0.781401098 -0.0336855799 0.0917319432 -0.144147828 -0.259901762 0.0316351242 0.0377195291 -1.03187251 0.0131325359 -0.0836235657 -0.0643017739 0.441387385 0.290509284 -0.0999659449 -0.136068434 -0.0779548958 0.00563438144 -0.0490893535 0.0926036462 -0.00895976834 0.0261097085 -0.00905204657 0.000482871197 -0.310985118 -0.0786614418 -0.0633180663 1.02187765 -0.237116233 0.101913869 -0.117554702 -0.031992875 0.574429631 -0.278118104 -0.0396509729 -0.493652433 -0.0433215983 -0.00548035884 -0.0419737957 0.0398093723 0.0056879269 -0.117941737 -0.0177528169 -0.00195111334 -0.956590772 -0.281311393 -0.0607214123 -0.749415696 0.410722107 -0.0141528826 0.0556080006 0.0115220351 -0.172269031 -0.0578679107 0.0603470355 0.263239682 0.0651331395 -0.0630560964 0.0366514921 -0.16726549 0.193508238 0.139649197 -0.00999398157 0.0418533869 0.0172399748 0.0740098432 0.0927290171 0.161511421 -0.401365578 -0.358554989 -0.143314943 0.114801846 0.435085207 -1.5035609 0.32436353 0.0835036188 -0.0382913351 0.177243993 -0.0138206454 0.035027761 0.0826572329 0.00344628678 -0.0498536527 -0.0359963179 0.092912674 0.109014824 -0.0992352888 -0.177308917 -0.146336049 -0.0220481455 0.284879208 -1.17964649 -0.294852883 0.00269846711 -0.213121831 -0.0203122608 0.134572476 0.173489228 -0.62453413 -0.00620092079 -0.0762969777 -0.186770901 0.0546364784 -0.071404539 0.961360097 -0.465250194 -0.211049095 -0.0945428759 -0.0911560506 0.0937514678 -0.0380445831 -0.0615028664 0.0779135376 0.430999577 0.0376322903 -0.985733271 0.221954167 -0.0381035209 0.0468533263 0.410287887 0.0900737345 0.119304739 0.136202723 -0.0998101309 -0.202261269 0.502180576 -0.0526401475 0.418993264 -0.212314993 0.0241009351 -0.260820925 0.0448661111 -0.684951067 0.302119821 -0.302495122 0.0672048405 0.016994467 -0.161710203 -0.0124091217 0.0999320075 -0.0566278808 -0.0481411666 0.0324695818 -0.0441899784 -0.0672147796 0.199525133 -0.0997928157 0.197883949 -0.828960896 -0.0802219436 0.245387301 0.0776820257 -0.0630383417 -0.328392714 0.212598801 0.68669349 0.225365952 -0.313589305 0.0421559066 0.0748693943 -0.0414264239 5.21808142e-05 -0.0544899739 0.0799153447 -0.267376959 0.207611322 -0.334195495 0.250095367 -0.35524717 0.114687391 -0.430403084 0.0237614289 0.0132434564 -0.206806302 0.3858715 -1.52428257 -0.930734754 0.213181317 -0.1705807 -0.0473229662 0.00240726443 -0.0611309521 0.122096293 -0.0383325182 0.166035637 0.0628245175 -0.0209733266 0.250384599 0.1681716 -0.116843417 0.239975706 -0.604186356 -0.351564854 -0.241322398 -0.120016716 -0.614247024 -0.0422039144 0.5097332 -0.287519127 -0.0734982267 -0.0911521018 0.0656504557 -0.0850363076 -0.0497739576 -0.567794561 -0.93939209 -0.335897893 -0.506548226 0.215727538 0.505503297 0.525098622 0.243361592 0.235667452 -0.0759564042 -0.0767629147 -0.311488301 0.175678372 -0.0347224362 0.028300494 -0.030677015 0.0830138251 -0.0435490161 0.0904163495 0.117475808 0.0733370334 -0.1059689 0.209661618 -0.0173906907 0.297932804 -0.353007764 -0.403931379 0.0321360417 0.322997361 0.47620371 -1.20620608 -0.280910254 0.233129844 -0.00434339652 -0.0145281078 0.00347901182 0.0234708078 0.0942415968 0.313863754 0.108301997 0.178069502 0.391163409 0.10773772 -0.289654076 -0.0820454583 0.519225538 -0.220678359 0.00413958402 -0.932284296 -0.265285075 -0.113219783 -0.037737526 0.0067680655 -0.114374377 -0.426810503 -0.0241997167 0.154506758 0.163059577 -0.0664039105 -0.254212469 -0.292537153 -0.336234331 0.211748168 0.179813415 -0.0615819432 -0.0874609426 -0.10516797 0.0105295349 0.24013716 0.290598452 -0.613498688 0.547691405 -0.226506323 -0.0762634128 -0.0299226064 -0.179348424 -0.0520594157 -0.177888542 -0.367414653 -0.430672675 -0.287705272 -0.158882767 0.0497231185 0.257614493 0.201802224 0.353542447 0.547231376 0.0215593651 -0.379106283 0.035234753 -0.0384369753 0.384425253 0.0351253748 0.00595539063 -0.00234092143 0.0479701161 0.0347324647 -0.00443082955 0.00985683408 -0.0503719114 -0.0310247 0.182932898 0.151755273 -0.0487057902 0.0223698746 0.424155742 -0.134431109 -0.0108996555 0.0743082389 -0.302010924 0.247001275 -2.58720088 0.0590111502 0.0151246302 -0.0143703101 0.234933227 -0.129468083 0.238823697 0.00779672107 -0.0212018769 0.330451459 0.851455927 -0.297960103 -0.622171462 -0.653199971 -0.0684369132 0.056349121 0.0726597086 -0.822725236 0.406988889 0.191032663 -0.50100559 -0.0576373264 0.0416959971 -0.312661946 -0.290104419 -0.299324483 0.252578855 -0.0265593808 0.177562892 0.0422382168 -0.0334530547 -0.0220216941 0.309450805 0.118617065 -1.00035024 -0.0754564032 0.113730513 -0.0121040726 0.500279486 0.675885379 -0.453953087 -0.723223507 -0.481981933 -0.198617384 -0.228410318 -0.123804636 -0.409742534 -0.0199857522 -0.290482163 0.460865855 -0.7013731 -0.31756866 0.204434216 0.366850823 0.1849114 0.122746252 0.168399155 0.150655016 0.135549545 0.0500126667 0.0903844163 -0.042206984 0.10755343 0.073848553 0.041448649 0.127006009 -0.291088849 -0.00736420043 0.0504740775 -0.111347109 -0.199490845 0.167439297 -0.0148353307 0.236483827 0.0781001672 0.22328943 -0.029514689 0.367373049 0.417499065 -0.825257182 -0.0833502561 -0.0815979242 -0.0167938229 0.00783626549 0.0273141656 -0.00370534859 -0.0807084292 0.0173690263 0.00864614639 0.144563943 0.246044517 0.157167897 -0.0853033215 -0.446360826 -0.662214398 -0.931570649 0.0340295918 0.750139534 0.539315283 0.537458241 0.213217989 0.241277382 -0.1185252 0.201069623 0.161390498 0.0360923298 0.106916212 -0.0784304217 -0.134759724 0.104533911 0.107933424 0.160416663 -0.0673279017 0.0227863304 -0.0975635052 -0.164935604 -0.0226386711 0.72831583 0.0660034269 -0.983268917 -0.665477097 0.158928096 -0.215360403 0.047157798 0.00160153327 0.0420021564 -0.0122784525 -0.0594535843 0.00650651706 0.514820158 -0.193708509 -0.0304721296 -0.100558139 -0.176773816 0.139907077 -0.280473977 0.0375621244 -1.30817544 0.189471915 0.174924031 0.0492779762 -0.0313487612 0.0134708146 -0.0595364869 -0.0101779224 0.0427714586 -0.00688417861 0.10642112 0.00386147387 -0.0491803773 0.0702196583 0.115863353 0.0618971102 0.0218620095 -1.42437494 -0.204863489 -0.00665679853 0.174134448 0.934460223 0.688496292 -0.00726725906 -0.0298346207 -0.192341238 -0.289801896 -0.178679898 0.17705147 -0.271461457 0.367246211 0.268436611 0.038154304 0.415541917 0.0481901355 -0.108847938 0.649219155 -0.42321381 -0.468883157 -0.0398684591 0.215721354 0.293246478 0.0778670534 0.0400372073 -0.107706271 -0.319982767 -0.00076417462 0.072892271 0.079812862 -0.0581767932 0.000387399486 -0.0447774529 -0.489323258 0.357282609 0.19649829 0.0272873342 -0.446753979 -0.481486112 -0.253079206 0.085614562 0.704652548 0.198118627 0.00176047639 0.386015087 0.279510587 -0.0932223946 0.575315893 0.41610527 0.0969646573 -0.101039208 0.00390525279 -0.0220719334 0.744905591 0.602999032 0.0369228125 -0.48767063 -0.145411298 0.0199884716 0.0333451033 0.220638335 -0.35882318 -0.148789927 -0.0862778425 0.0996325985 0.0778161958 0.144429564 -0.111405656 -0.0567138307 -0.0509885699 0.0293913893 0.013322223 0.012178896 -0.150545061 0.0362119153 0.0535441302 0.376947343 -1.47255838 0.143873498 -0.00208780752 -0.024948068 0.732060909 0.444360524 0.0171310399 -0.478505194 -0.0905630738 -0.128202289 -0.0281612761 -0.0554787219 0.17626515 -0.097603038 0.119790144 -0.0780195445 0.0275970325 0.37125355 0.393497348 -1.1986618 0.267110199 0.236659721 -0.00641913433 -0.0456443317 0.106245726 0.0146604506 0.0230425354 -0.413342834 -0.0806884095 -0.141278863 0.125005886 0.0476336852 -0.0667512342 -0.0597880147 0.0558154732 -0.0346769877 0.373531878 -0.0253394283 -0.0528809391 -0.645844936 0.433266789 0.0611154139 0.0081343269 -1.00772858 -0.150936276 -0.112309664 0.0324333459 0.15518339 -0.435637802 0.199048251 -0.809077322 -0.135968357 -0.044764936 -0.119032867 0.0274998154 -0.103973709 -0.269343883 -0.123427249 0.0124571491 -0.769424915 0.169679374 0.036314059 -0.0272073802 0.235001594 0.858750761 -0.0282499269 -0.00354404026 0.111848645 -0.35878107 -0.051248651 0.0303645544 0.18790713 0.033791896 0.118120834 0.0398963392 -0.0290289056 0.447797388 0.234098539 -0.0833206847 -0.144767746 -0.272440821 0.0822688937 0.187674463 0.00444718171 0.639233708 -0.854777157 -0.194992542 0.0665038377
