tensor_linearrelustack9weight 16
0.410608143 -0.870110512 -0.209117591 -0.190012038 -0.220333233 0.705062926 -0.189749077 -0.190182537 -0.408385426 -0.156801358 -0.220420927 0.416799366 -0.422615021 0.721491873 -0.439893425 0.26560694
tensor_linearrelustack6weight 256
0.238828972 -0.302408099 -0.257894307 -0.232182115 0.717802703 -0.451080173 -0.173878029 0.12257465 0.165826648 -0.473301589 -0.343532234 -0.720806539 -0.594198883 -0.469175726 0.361797482 0.580792487 -0.0256844833 -0.111608751 -0.32223624 -0.603623748 -0.000275727885 -0.170309931 0.821462512 0.0171735268 -0.115778781 0.654881477 0.0898227543 -0.352575034 -0.438023388 0.081142135 -0.0931126326 -0.176509663 -0.783318162 0.17179285 0.0647825301 0.473807633 -0.800498188 0.368126333 0.0556528419 -0.745711207 -0.503783882 0.284511864 0.347682238 0.446469307 0.269642383 0.407496274 -0.433651149 -0.651373386 -0.309630394 0.121720046 0.0871661976 0.268339723 -0.318991423 0.238147408 0.00302580558 -0.260892332 -0.378423154 0.191889212 0.350956202 0.439612746 0.219511002 0.307977229 -0.246317133 -0.492502838 -0.503868461 0.399735272 -0.124989234 0.115905412 -0.44665578 0.0707599297 0.215296909 -0.432574302 -0.457352877 0.261480123 0.402262539 0.446476012 0.0781575888 0.257324845 -0.733249903 -0.451292843 -0.0101989647 -0.962532163 -0.775868773 -0.492134452 0.323949635 -1.07810366 -0.885373473 -0.112540171 0.0270870663 -0.88384968 -0.695501864 -2.48324871 -0.766429067 -0.509962976 0.285654306 0.411819488 -0.299018025 0.162318394 0.0530451089 0.212152675 -0.282677352 0.259372383 -0.00833467115 -0.267967135 -0.284105003 0.185561776 0.420170099 0.50995791 0.18264626 0.337100923 -0.212995917 -0.34000808 -0.500708461 0.0290289614 0.203547314 0.35874024 -0.468894839 0.263626337 0.0887115672 -0.590190113 -0.486948252 0.336201906 0.582871675 0.437008053 0.379050076 0.181234911 -0.384788364 -0.590554655 -0.0452258736 -0.213222414 0.373728186 0.396435052 -0.0830064937 0.349142641 -0.061648909 -0.0482514165 -0.161589175 -0.418070257 0.334008336 -0.231423259 0.813525021 -0.994179487 -0.222605929 -0.248343289 -0.494979411 0.24923116 0.140588045 0.375562817 -0.687565863 0.344286829 -0.106050998 -0.503507495 -0.298146188 0.361917466 0.569658935 0.58733654 0.219612509 0.730039597 -0.239202589 -0.361821562 -0.351210415 0.290784448 0.150302142 0.361583859 -0.556093693 0.445575267 -0.228125378 -0.320976913 -0.141776845 0.269636393 0.530528903 0.493102521 0.285224169 0.72995466 -0.0505658798 -0.140702918 0.0667576045 -0.170787513 -0.154559582 -0.29844135 0.653154254 -0.230668753 -0.0970860198 -0.146855772 0.0757440627 -0.33434549 -0.270156711 -0.275405616 -0.207551658 -0.556451321 0.272364229 0.252485603 -0.290734023 -0.323295176 0.788383186 -0.15263249 -0.300006837 -0.377835304 -0.103916436 -0.172431916 -0.407443941 0.402022868 0.137544602 0.0306154694 -0.0114112925 0.0782814771 -0.453694493 -0.380668759 0.709209502 -0.339066833 -0.128386691 -0.0562699772 -0.484837145 -0.218992725 0.0502147973 0.97556901 0.543128133 -0.106116228 -0.207695708 -0.413012028 -0.113687634 0.129963934 -0.437413305 -0.247984499 -0.472090364 -0.0178875607 -0.122073904 0.461839616 -4.07863379 0.227026179 -0.00138246815 -1.17247474 -0.662870288 -0.217044637 0.159651741 0.494983763 0.240472004 0.637698591 -0.697640419 -1.16685009 0.460745007 -0.261215627 -0.175369039 -0.314389646 0.87692368 -0.502997458 -0.202421397 0.358464926 0.442175865 -0.408253372 -0.745377243 -0.432851881 -0.380703688 -0.60951364 0.26771459 0.711911798
tensor_linearrelustack3bias 16
0.33768478 -0.0964624286 0.723986089 0.419848412 0.41018483 0.15210034 0.945261955 0.0685309842 0.420094669 -0.0360115394 0.046905417 0.434229285 0.24139367 0.230477571 -0.0960289836 0.451570004
tensor_linearrelustack3weight 2048
0.0279201381 -0.441038787 0.575288534 -0.885583341 -0.035969045 0.00762734655 -0.411348104 0.0690507516 -0.342289537 -0.0664493889 -0.126162052 -3.3371563 0.199687272 0.266037673 -0.153692693 -1.39618969 -0.23894608 0.112222835 0.175131723 -0.0638022646 0.0261599123 0.709057152 -0.112005502 0.205831915 -0.885303974 0.146472231 0.0335390642 0.0666314289 0.153428704 -0.308129013 -0.116677068 0.225474745 -0.0407012776 -1.17209935 0.39668721 -0.116286658 0.0503292866 0.348511755 -0.69807446 -0.0935488939 -0.0143372528 0.127212971 -0.229772568 -0.90317744 0.564190149 -0.78820461 -0.168565765 0.0110752163 -0.297107816 0.325575143 -0.144419968 0.0410290174 0.0867394209 0.157124162 -0.261870176 0.0702859536 -0.996998668 0.165188789 -0.129626423 -1.86916053 0.0227776766 0.25469026 -1.51642883 -0.0115219662 -0.114500597 -0.456464857 0.345473886 -0.00386214256 -0.215438768 0.873377204 0.408493549 -0.160302132 -0.0673478991 0.326410979 0.199983969 -0.238264054 0.0298024602 0.0860678926 0.135810435 0.0124093937 0.358493298 0.253542393 0.0170090515 0.761111975 0.0706212148 0.421557009 -0.361147761 -0.187039807 -0.217573881 -0.0318828411 -0.162250981 0.277287304 -0.390756845 0.274269193 -0.164230555 -0.00439712033 -0.267525077 -0.16000998 -0.0360048711 -0.242090657 0.203003079 0.128416285 0.0589632168 -0.171431571 -0.0043439623 0.187682837 -0.0438670553 -0.379232943 -0.321656346 0.0774735659 0.0712739527 0.0533937737 -0.160063148 -0.0238188002 0.0944540277 -0.0735593066 -0.134901464 -0.0376500189 -0.0280344766 -0.299785733 0.321540684 -0.369452327 -0.00518682133 -0.262417674 0.437561065 0.486462593 -0.27941829 -0.518363059 -0.0376444496 -0.0487125069 1.79938233 0.628182828 0.724465311 -0.283763617 -0.0323153324 0.128472179 0.0295112468 -0.695333421 0.100634553 -0.00771603873 -0.0109854657 -0.0319894999 -0.243495867 0.172827333 -0.673674226 1.21389675 0.304332584 -0.044769723 -0.0369845591 0.0176265985 0.0733327642 -0.400016993 -0.0878578499 0.518267393 -0.221784309 0.407473892 0.461313933 0.30675137 -0.00522403 -0.11622522 -0.068292886 -0.205516115 0.22904326 0.101206578 0.0142156882 -0.0544965714 0.17088975 0.0198928509 0.0895870253 -0.0174115635 -0.0182055142 -0.127211124 0.24588649 0.170985296 0.109023355 -0.0346365049 0.216051176 0.210610911 0.410254329 -0.0584333315 0.124859631 0.0204565711 0.148432031 -0.00676491437 -0.21283634 0.494317651 0.00997430272 0.131224692 0.035914205 -0.177261323 -0.255965024 -0.584465921 -0.208811641 0.0179991163 -0.00699216034 -0.000278088351 -0.159080148 -0.156378597 -0.254282027 -0.572720528 -0.0777311772 -0.433309734 0.158607006 -0.966728806 0.151096076 -0.459925652 0.0181387663 0.0586785264 0.354400814 0.821091294 -0.385681331 -1.00172389 0.0405921601 -0.0914882123 0.440777004 0.0436935946 -0.0870945826 0.434731722 -0.0597153455 0.0157497637 -0.342687607 -0.0251611006 0.334339023 0.753701985 -0.00332623255 -0.273719609 0.159183696 0.600345433 0.632065594 0.292568237 0.306988955 0.0809484944 -0.00485443091 0.191914082 -0.91419971 0.000171797612 0.0790669173 -0.0656536371 0.323514223 0.0103883371 0.586881995 0.313328177 -0.0129720448 -0.742577672 0.050513275 0.0059864237 -0.0980503932 -0.384287357 -0.0878740847 0.444291174 1.30006385 -0.497235626 0.323168665 -0.623649538 -0.105183989 0.200164169 -0.123698138 -0.00863060635 0.498070627 0.515052617 0.7690323 -0.0116879297 0.0202363413 -0.240102664 0.0384981744 -1.51856673 -0.0181390531 0.229330808 -0.413790047 -0.0425138474 -0.0637662932 -0.0417869538 -0.447184235 0.171025321 0.395736516 -0.302883744 -0.221992716 0.091454573 -0.0685761198 0.0213476047 -0.394245267 0.380404472 -0.0900092423 0.184622735 0.0664952025 0.346087426 -0.108934261 -0.216942608 0.58127439 -0.597440362 0.299736619 0.0410140082 0.0318115316 0.0618437156 0.189341918 -0.0243598558 -0.479950994 -0.148384273 -0.166040182 0.174259663 -0.0838037655 0.360445321 -0.0368285179 -0.230449989 -0.0798222348 0.0565319806 0.14428027 -0.272819072 -0.257630795 0.0774745494 0.351583987 0.169653669 -0.691502035 0.571442962 0.032646887 0.471398145 0.253509134 -0.00406895485 -0.31580022 -0.898429871 0.00890159514 -0.0981420353 0.0342388004 -0.275853932 -0.777561545 -0.157007858 -0.106912494 -0.755015194 -0.0447986759 -0.0987264886 -0.257562548 -0.848541498 0.312345862 0.137916133 -0.13599351 -0.194980845 -0.259554327 -0.10636735 0.189751506 -1.7527324 -0.211498931 -0.243986517 -0.109010473 0.00601277687 0.215597183 0.127059728 -0.0403674543 0.577832639 0.63384068 0.0540386178 -0.0645268038 0.130858377 0.106014572 0.0470687971 -0.0881417543 0.0190912168 0.270484954 0.191062137 -0.103295051 0.231856033 -0.208139956 0.58427316 -0.559711277 0.472026527 0.172789976 0.149533883 0.316329658 0.152682394 0.196478933 0.275936395 -0.365914941 -0.215185106 0.115799174 -0.218908012 -0.727231562 -0.0122914584 -0.184700325 0.581474662 0.600874066 -0.0304885563 0.423910618 -0.216604844 -0.156434268 0.131366625 0.00733140623 -0.154117092 1.56426156 -0.205163762 -0.808909953 -0.388050586 0.3334032 -0.327258855 -0.753046036 -0.40310058 -0.285496444 0.856747985 -0.73246491 -0.346275985 0.0207402296 0.314596832 -0.00720562786 -0.166765168 0.290873796 0.375776947 -0.503004193 0.800863743 -0.0676683262 0.0823163912 -0.15054886 -0.0655316412 0.234477043 -0.163515463 0.397223234 -0.105552115 -0.274861008 -1.35996509 0.403829217 0.218677029 -0.395304501 0.139848575 -0.649104416 0.00926543958 -0.0493432917 0.315026253 0.261727512 -0.277534097 -0.504032552 0.268556833 0.368677825 0.257517934 0.302441239 0.0625572801 0.0921019614 0.310348153 0.241797611 0.277965993 -0.298288435 0.121662594 0.289807707 -0.121587165 0.487737507 0.0449973643 -0.00185557548 -0.0678822026 0.327152818 -0.610368848 0.240521953 -0.524953425 -0.0236885399 -0.0504958108 -0.162293404 0.0227812324 0.664232433 0.372760981 0.0327870026 -0.55567342 0.0931909531 0.0887221619 0.319305301 -0.11609976 -0.05119773 0.00661518751 -0.417377949 -0.238631502 -0.242498532 -0.0333144628 -0.139194667 0.705556095 -0.561535716 -0.470900446 -0.130384505 -0.0604879148 -0.261197865 0.0952612609 0.102554575 0.456716627 0.985607386 0.157414347 0.858368874 -0.316548228 -0.223831132 0.0245698486 0.312734872 0.639862359 0.337414205 -0.304482102 -0.0155839119 0.236756012 1.03590512 -0.434909254 -0.344223142 -0.146384805 -0.163820311 -0.0946259126 0.624623299 0.0753621683 -0.204627544 -0.135434538 0.0878771618 -0.662663579 -0.0920617282 -0.0454042554 -0.304311723 -0.212020054 0.194527641 -0.0395740829 -0.639304698 -0.0320975035 0.305823147 -0.00742649101 -0.16467534 0.231977746 0.359129965 0.114573717 -0.149367258 -0.680074513 -0.183393016 -0.131593198 -0.544422209 0.330012113 -0.263722092 0.233010784 0.107924074 -0.823286116 -0.122375049 0.117060013 0.0620462447 -0.463821083 -1.15284443 0.190781757 -0.0601839721 -0.612548411 -0.016065862 0.198608324 -0.232362986 -0.276754439 1.0002445 -1.81912827 0.138231218 -0.166266173 0.0923229232 0.158890635 -0.452024817 -0.263259798 0.0258501656 0.598486245 -1.54695606 0.173430473 0.00160249008 -1.51808083 0.0111988857 -0.396333814 0.0442729928 -0.0630680323 -0.100625761 0.224627107 0.336439788 0.432088226 -0.536841989 -0.275587499 -1.55000901 -0.0661797896 -1.33655024 0.0313446447 0.0543791018 0.0669125393 -0.114052162 0.182996288 -0.975924373 0.332231104 -1.6419884 -0.0509023666 0.35469377 -0.0900010541 -0.0227411166 0.054642465 -0.164303899 0.122442871 -0.160188898 0.0975831896 0.202498719 -0.0711500719 -0.125030369 -0.128437921 -0.347322792 -1.22585368 -0.405234575 1.17165518 -1.64042449 0.307461619 -0.0411266834 0.0197918899 0.300621152 -0.107583053 -0.0969028175 0.0961147994 0.142142996 0.156417713 -0.295891613 0.110801347 -0.0314856134 0.181151032 0.057611227 -0.887184918 -0.00259925541 0.222635105 0.0603169277 0.0446855798 0.396845251 0.158050597 -1.25601578 -0.362862557 -1.57418227 0.343161613 0.414366305 -0.0817828625 0.0742226243 0.278011203 -0.35252732 -0.618024707 -0.178301826 -0.628875554 -0.555072129 -0.0132324053 -1.50392616 0.131612957 0.00226568896 0.0925542936 -0.870522618 -0.131444499 -0.172996819 0.149183512 -0.0751034692 -1.27457058 -0.0965583399 0.459085912 -0.407515526 0.0887165591 -0.138530418 0.0116348155 0.0577079132 0.0982676148 -1.47781169 0.285447836 0.305910438 -0.955292106 0.15853636 -0.213940322 0.382049173 0.0921600983 0.158165306 0.503984869 0.0182160158 -0.0615474172 -0.397878379 -0.0515168533 0.067961663 0.543773293 0.0855590254 0.13491255 -0.0935547128 -0.111489594 -0.07538753 0.370168477 -0.489986062 -0.360390842 0.0563452765 0.346219212 -0.366691262 0.193565756 0.297215283 0.0146046877 -0.101061605 0.181860626 -0.15869692 -0.0192823801 0.0599132217 0.186785489 -0.0250608195 0.0524709225 -0.175126791 0.0663951486 0.160983399 0.17926608 -3.85319495 0.228044137 0.13679859 -0.227525041 -0.290806592 0.120094582 -0.204319671 -0.192734167 0.0762557685 -0.295207471 0.0447353646 0.405523211 -0.414552659 -0.0763871372 0.279813826 0.0624543615 0.489239782 0.106766552 0.241186395 1.19192779 -0.00631516287 0.119836837 -0.156653434 0.138875768 0.296949327 -0.456455231 -0.382756352 -0.904471278 -0.0347808078 -0.048089359 0.224647447 0.179453909 -0.113016769 -0.326515108 0.128697172 -1.04991567 0.0126692196 0.129680872 0.353880763 1.54987633 0.00811017398 0.311964095 -2.20556664 0.0635460913 -0.0678662583 0.273197263 -0.194094911 -0.303861469 0.556986749 0.279512376 -0.0720458552 -0.882650137 0.0301437266 -0.0252350401 -0.765818119 0.0920675769 -0.374599814 0.213959113 -0.111248717 -0.0982499197 -0.707123756 0.3826029 -0.0452753231 -0.0354129225 -0.233336747 -0.0785434619 0.1733509 -0.136194035 0.0932944715 0.30073306 -0.596252739 -0.242020339 0.0465041101 0.194420546 0.0493076369 -0.550316036 -0.362918943 -0.152963892 -0.140212953 -1.02524805 0.141722858 0.66297251 -0.0660137683 -0.114635155 -0.415469497 -0.166014716 1.41477776 0.023341408 0.254370987 0.0151146287 0.263936609 -0.146984905 -0.216288373 -1.12192464 -0.234789699 0.282729864 -0.231216118 -0.286345273 -0.441718012 0.399856448 -0.312733591 0.273690045 -0.635028839 0.0129481591 -0.276179135 -0.116735682 0.0381356627 -0.0776233971 -0.355020016 0.335778832 0.0420706198 0.0676564798 -0.0384107344 0.108595036 -0.320580691 -0.0918949321 0.137232646 -0.0292233303 0.238367125 0.041439157 -0.229080051 0.169922173 0.150155693 0.00445333449 -0.325870842 -0.172382116 -0.171806529 0.7119717 -0.00286576292 0.241223156 0.0869299695 -0.206112102 0.226707354 0.253231257 0.1872475 -0.327667445 -0.0505498238 -0.295116007 0.172370389 0.0187941268 -0.332081258 0.277550191 0.055244226 0.395679802 0.450806081 -0.0188925434 0.0215351172 -0.713096678 0.0474027544 -0.0569835119 -0.251468986 0.244269773 -0.612879872 -0.0862681568 -0.0903274491 -0.868355095 -0.0409022048 -0.0994565859 0.105914921 -0.563509583 0.161332101 0.0637564212 -0.106253028 0.102098078 -0.0760511234 0.254337788 -0.341854155 1.4025054 -0.060820967 -0.11666584 -0.157411784 -0.0918058231 -0.0916267186 0.0769321471 -0.163889468 0.386087954 0.01862243 0.0361386947 0.300726354 -0.0647261888 0.00460004248 0.544524908 0.395171195 0.222013205 0.43738246 0.27997908 -0.247382581 0.155219793 0.0896183923 -0.180851281 -0.550775886 0.197008446 0.00774937076 0.15587385 0.502682269 0.103993766 0.126484692 0.312157273 -0.141778782 -0.660974383 0.0377134681 -0.168937385 -0.410939485 -0.186034426 -0.240500093 0.442030936 -0.49035278 -0.331206411 0.415974498 -0.31622383 -0.320621639 0.252450943 -0.000224595235 0.708571672 0.00995192863 -0.669362068 -0.0388113111 -0.0278085731 -0.300906688 -0.0889957696 -0.273429364 0.202439755 0.216142133 -0.603683531 0.257004082 0.0267786365 0.0808233544 -0.49174875 0.104329236 0.190912172 -0.0643078312 -0.162997708 0.0418290272 -0.478579372 -0.162211508 0.0166450348 0.0248257797 -0.033000607 0.185536131 -0.166637614 -0.0450102277 0.0772367865 -0.285305828 0.306032896 0.110718593 -0.0834235847 -4.0325861 0.198519766 -0.0418166444 -3.02148461 0.139920056 -0.115635812 0.147537068 0.0925607979 0.367827773 0.597463727 0.353989094 0.600216031 -0.209300816 0.084378995 -0.5373317 0.0174389035 -0.0671024695 0.162716731 -0.179769784 -0.19099918 0.0791322663 0.172271878 -0.345183223 0.249617413 -0.818062305 0.735568881 0.6248945 0.129382491 -0.0947223976 0.0348646529 -0.148437724 0.321088463 -0.320791423 0.0123210466 -0.375860631 -0.452039152 -0.258638114 0.0184347965 -0.385447383 -0.0137364538 -0.206461653 -0.219656318 -0.943596721 -0.0589261577 -0.115821742 0.0674277171 0.252791375 -0.0326590985 0.0893118531 -1.65629041 -0.00298421364 0.0351567715 0.151782051 0.103996679 0.00812167674 0.0798963532 0.0826253965 -1.84825563 -1.20525086 0.221239895 0.114148058 0.0991419479 0.396070272 0.110626884 -0.0798970759 -0.0369221605 0.50558126 -0.0231989361 0.457571179 -0.0669524595 -0.352418035 -0.357040524 -0.157987922 -0.017084036 -0.0188347697 -0.236055911 0.0757984221 0.022679681 -0.594823539 0.177507341 0.129590541 -0.260445356 -0.145913348 -0.155649468 -0.00955678988 0.200267375 -0.406508774 0.18224673 -0.0560218655 0.0576267466 -1.26662719 -0.579578817 -0.342180043 -0.155617476 0.00233549555 0.0131958518 0.0873777568 -0.313146532 -0.0110378461 -0.358923346 -0.196282968 0.17204003 0.0185049009 0.720853925 0.19778052 -0.665846884 -0.11019361 -0.33704266 -0.959798038 -0.421768039 0.719091415 -0.261182159 -0.676888883 -0.194172204 0.106375813 0.0938242823 -0.00341475196 -3.38769984 -0.267915517 -0.0384901315 -0.232813343 -0.166484982 -0.135771215 0.0562328175 -0.110140108 0.0357758887 0.0337067954 0.0791483223 -0.0523450598 -0.0160316173 0.155983061 -0.0464741141 0.0521336459 0.0322748907 0.157390878 -0.152137429 -0.111897439 -0.592758894 -0.209901914 0.275983065 -0.092764616 0.172928318 -0.0222996753 -0.596880257 0.01168817 -0.00781539548 0.174525917 0.0676432922 -0.0127025656 -0.241060287 -0.075700663 0.187412634 0.103403866 -1.4895494 0.21945715 -0.0566872656 -0.0552962869 0.446128756 0.00839672238 0.185461164 0.179860592 0.146698132 -0.323592633 0.481580943 -0.0342541188 0.449546576 0.121571831 0.262685895 -0.0304221045 -0.257512927 -0.089020744 -2.15843511 0.0308564156 -0.115647532 0.0194826853 -1.07261741 -2.80887222 -0.88425535 0.0986066237 0.261970371 -0.154907659 0.0254249796 -0.0118009327 0.122618653 0.342440188 -0.218015566 -0.602563679 -0.288644314 -0.0999771953 -0.219300956 -0.156847119 -0.299865246 0.0290275682 -0.27359587 -0.110347897 0.0290931705 -0.125282452 -0.100566164 -0.489266127 0.178363785 -0.151489675 0.14260219 -0.0321030617 0.0283967182 0.135390505 0.102146149 -0.0247842632 -0.0726882666 0.111160703 -0.226694256 0.0396211632 0.497751504 -0.012709314 0.0985556543 -0.0102644227 0.0481441207 -0.248769775 -4.74999762 0.242224038 -2.94200921 0.0113286758 0.0980618894 -0.639916658 -0.0416171141 0.207176968 0.364332289 -1.01680934 -0.256586492 0.624467611 -0.423235655 -0.429951906 -0.0415156484 0.0693469867 0.0648028702 -0.386169106 -0.179422051 0.488895953 -0.950161815 -0.346702933 -0.0512514152 0.532623589 0.143652454 -0.478089362 0.35885933 0.0130011048 -0.0300124232 -0.318431199 -0.505153477 -0.22769317 0.31187737 0.254060835 -0.115236819 -0.363095284 -1.71158874 0.16895546 -0.346330225 0.0451035351 -0.0540568605 -0.154560849 -0.143017262 0.012363337 -0.346250266 0.522093892 -0.411606669 -1.18037832 -0.0915314406 0.328500748 -0.199936554 -0.188820362 0.160375938 0.306695312 -0.0455570333 -0.107981026 0.351502061 -0.273977011 0.109642237 0.600543082 -0.47902596 0.350730807 1.30005801 -0.261236131 -0.01836529 -0.307207406 -0.599935353 0.0839010254 -0.550432265 0.107895993 -0.104503095 -0.080751501 -0.137311548 0.144773781 0.175397962 -0.216145083 -0.279755592 0.411104351 -0.0524167195 -0.285486817 -0.23016648 0.154749215 -0.246192291 -0.379000217 0.411290228 -0.513293266 -0.0566079877 -0.03878773 1.15079367 -0.38738969 -0.514571428 0.172058061 -0.135420159 -0.00960022397 -0.42012015 -0.103106186 0.406354487 0.19155097 -0.313257456 -0.282264709 0.386782736 0.0953642949 0.0919302627 1.38870096 0.370023519 -0.118458807 -0.493360817 -0.0335186869 0.316077352 0.391580284 -0.45440799 -0.61010623 0.0057188659 0.0355029367 0.0812544301 0.200123668 -0.527828038 -0.172316656 -0.0828290135 -0.127563313 -0.314418465 -0.00775090838 0.0955038741 -0.241484985 -0.103724271 -0.0807304606 -0.853895068 -0.00355027895 0.0331418738 0.391912758 -0.317559659 1.26711524 0.332582206 0.00203926605 -0.0834057629 0.354232788 -0.828689635 -0.129404724 -0.737930775 -0.114845663 -0.194981799 -0.0119004734 -0.174763739 0.157565549 -0.264454842 0.0143143972 -0.0895925239 0.0855398327 -0.142440945 -0.334631324 0.150479585 -0.221787795 0.192447945 0.227062821 -0.0721419007 -1.04297256 0.0579983294 0.271497309 0.0974974111 0.0465264507 0.0885715261 0.0614330322 0.0731415451 0.632577002 0.335509449 0.0396718718 -0.0810814202 -0.163169131 0.318928719 0.116425663 -0.0507248752 -2.41697335 0.0189320669 0.00359817292 -0.179070845 -0.186861515 -0.182804748 -0.73710531 0.949500561 0.0623512343 -0.0357866138 0.0870974064 -0.125870377 -0.0404445678 0.0131056234 0.136854291 0.118598238 -0.222002789 -0.0698537007 0.140897095 -0.0223755706 0.0287468713 -0.105806284 0.20717293 0.0538221151 -0.0150243184 0.677274644 -1.74161041 0.192220837 0.00431575673 -0.165074363 -0.496497691 -0.232735321 -0.158087373 0.963436365 -0.032984145 -0.427539974 0.24885571 -0.184163496 -0.128347039 -0.119957678 0.0463586822 -0.543866217 0.0515860207 0.0700881928 -0.0735263526 -1.05108476 0.0599695891 0.317521006 -0.476477325 0.334361196 -0.547409236 0.619860232 0.27396816 -0.525296628 1.11296546 -0.167852283 0.098125577 -0.224969432 -0.0299191866 0.029823143 0.300118804 1.47492182 0.018479269 0.155699819 0.151261464 0.120567538 0.0233976953 0.311841041 0.506320238 0.212218538 -1.89375567 -1.82386625 -0.293636292 0.406880707 -0.734819829 -0.356466293 -0.22901617 0.322858423 -0.672228992 -0.069867067 -0.152562603 0.0259275958 0.0822492614 0.0480613336 0.0745378658 -0.370515734 0.451808065 0.160986587 0.0616030432 -0.0473614894 -1.78076291 -0.113128401 0.0871686488 0.124873668 0.237830073 0.444860458 -0.0239032768 0.08809679 0.147930205 -0.155436397 -0.187835351 -0.0161547922 0.0852205157 -1.15967965 -0.0569937788 0.129724547 -0.532815516 -0.0193530601 -0.172788575 0.0788281411 -0.87798363 0.389348 -0.0459584743 -0.226020202 0.0238315389 -0.0163065214 -0.193054304 -0.032757394 -0.00586825516 -0.186353013 -0.192873955 -0.640066087 0.0911744684 1.21139932 1.07027113 -0.0104829045 -0.0201822985 0.00161728042 0.0681728348 -0.295955747 -0.157963306 -0.339637071 -0.683422267 0.161070153 -0.0133048026 0.0315532386 -0.291480184 -0.610263526 1.37800133 -0.1872316 0.163122118 -0.0852975994 -0.0860149711 0.0666030496 -0.00688626524 -0.4511168 -0.368685007 0.309121192 -0.352755487 -0.34536159 -0.135015652 -0.20445016 -0.132956699 0.00291593838 -0.0351289064 -0.00890808832 -0.396214366 -0.0295261629 -0.759623587 -0.289655119 0.00312440214 -0.0319054462 0.164136454 -0.850442171 -0.616631866 -0.385902494 -0.296581537 0.115646295 -0.242418215 0.23287867 0.0416736454 0.339709938 -0.352706969 2.40519619 0.0171904285 -0.113001667 0.197575524 -0.202421144 -0.162234366 -0.333211988 -0.395575851 0.272058517 -0.133422107 -0.52573669 0.105005518 0.175709799 0.184967414 0.330578893 0.69686687 -0.071063742 0.484038532 0.0372476503 -0.139275461 -0.211807266 0.0770006925 -0.608172119 -0.334510297 0.79673183 0.0154025853 0.110623576 -0.364551097 0.307381451 0.284331918 0.0741237253 0.120614842 -0.437160999 -0.0493569113 -0.40779385 -1.83403826 -0.0125236139 -0.0939292759 -0.14859356 -0.0145282038 -0.293592662 -0.0957682207 -0.0930920094 -0.131328985 -0.395786971 -1.24534714 -0.0831383839 -0.245983511 0.0147268623 -0.0887266472 0.610762835 0.0271153618 0.069687821 -0.269818872 0.279349595 -0.11991071 0.779049873 0.0678502321 -0.100879915 -0.0352138579 0.9221012 -0.0403108262 0.0881229192 0.297535956 -0.265844464 0.333649129 -0.569131672 0.120821506 -0.260154635 -0.755891562 1.05024624 -0.646826923 0.0409760773 -0.0950015038 0.220492914 -0.257758707 0.629276991 -0.157155797 -0.551221728 0.00861851685 -0.120648034 -0.0451684482 -0.023291951 -0.123876043 -0.0890736729 0.0300753769 -0.409092844 -0.157814786 0.482797176 0.33741951 -0.735535502 -0.244143575 -0.131758198 0.461892456 -0.197566301 -0.327899456 -0.0734130517 0.187085062 -0.332285434 -0.23826319 -0.2298951 -0.311362624 0.21021691 0.173677415 -0.359195828 0.179830909 -0.170021385 0.138275221 -0.697460711 0.0564643852 -0.275650054 -0.237583593 0.40156576 -0.640132725 -0.0885134935 -0.0558378883 -0.701092601 -0.0780598596 -0.0817939714 -4.08166361 -0.139376894 -0.0480482988 -0.0687262341 0.0270017721 0.0597790107 -0.00682246871 0.0510603115 -0.538044095 -0.847481608 0.273556679 0.0487617664 0.0187353007 -0.167848498 -0.149560526 -0.466184676 -0.31300506 -0.144285738 -1.11832976 -0.295969844 0.13006109 0.0977376178 0.0922551528 0.855793357 -0.00738787977 0.653361022 0.181005746 0.340319574 -0.2404989 0.05886852 -0.0883753821 -0.492298275 -0.26348567 0.0269797463 0.355048954 0.248170838 0.156446531 -2.34902382 0.205747738 0.23950471 0.0921867564 -0.0709068701 0.132401615 -0.373246551 -0.175177962 0.0993830487 -0.335892856 -0.265969574 -0.0549200214 0.0719912946 -1.36491311 -0.417864114 -0.194193214 0.201106265 0.0439949073 -0.0848362073 -0.857587218 -0.214529201 -0.130720541 -0.538188338 -0.108500101 0.0073874006 0.0583110973 0.143084839 -0.0576880835 0.240929455 -0.173831493 0.10121502 0.0128666097 0.192698017 -0.216730863 0.571579158 0.104053862 0.206262484 -0.0101515204 0.0493970327 -0.210318133 0.00378533336 -4.70770311 -0.133402139 -0.948386312 -0.231088817 0.048874855 -0.0649340525 0.373885214 -0.430408448 0.335795879 -0.769480824 0.241647482 0.15751949 -0.0482434854 0.204159111 0.466393739 0.133773535 0.0547829717 -0.0887068734 0.0448746532 0.461490661 0.137974501 -0.547444642 0.15292415 0.01985275 0.0482576489 0.0695724264 0.187718257 0.11868868 -0.160007209 -0.0379840136 0.0596865974 0.16365701 -0.0639213696 -0.363930285 -0.0363945588 0.798474014 -0.37574625 -0.13370727 0.335826308 -1.28418076 -0.23738943 -0.0805289 -0.169000566 0.206073895 0.448921144 -0.497122169 -0.0597367398 -4.00587225 -0.144918978 -0.104132347 -2.62844253 -0.235070318 -0.0765004233 -0.232803002 -0.156937405 -0.62250334 0.00663366308 0.426848769 0.330587685 -4.58351374 -0.128142163 -0.0049954094 0.676057041 0.0376142412 -0.374000341 -0.277776212 -0.279329091 0.172061518 -0.03007707 -0.087758489 0.121225677 0.0716968477 0.148161292 -0.272571921 0.433240592 -0.197572887 0.426090807 -0.303809226 0.0962755978 0.256121039 0.295247376 0.461104065 -0.0239417665 -0.0697756112 -0.0952820033 0.26785019 -0.104031742 -3.11112118 0.123074658 0.0787283927 0.0850710571 0.127565578 -0.256329119 0.0859959573 -0.354928643 -0.237548068 -0.287131667 -0.499530345 0.153735116 -0.283548504 -3.35548449 0.0405289233 0.133260414 -0.215736121 -0.284771442 -0.0679369569 0.0235469546 0.292609543 0.08880198 -0.344724059 -1.1804564 0.113074489 -1.26006639 0.431506306 0.413174987 -1.04357588 0.197553217 0.134067833 -0.571198821 -1.36299312 0.161245421 -0.123764865 0.200478718 -0.0581145994 0.193039536 0.102813214 0.0402103662 0.0918406323 0.452100217 -0.394173533 -0.00602360209 -0.110207468 0.0929606557 -0.0300596096 -0.133407757 0.572996795 0.0189855453 -1.98873043 -2.40324378 0.373163998 0.384263545 -1.20977366 0.040589571 -0.028760206 0.105097413 -0.076692462 0.231382683 -0.648617506 -0.0322546437 0.557148933 -0.0597990453 0.312316149 -0.946151972 -0.0293114092 -0.675831318 0.224968627 0.417492747 0.729528546 -0.326656848 -0.113023765 0.209633544 -0.242598236 0.210832804 -1.54170775 0.191617936 0.751509428 0.00147426105 -0.238717973 0.0532804057 0.0567955896 -0.166994601 0.0211474281 0.307538271 -0.386219919 0.0410899445 -1.03576803 -0.0230153706 0.0357400253 0.142152175 -0.195658103 -0.205342114 -0.405652791 0.138698488 -0.00659636734 -0.0421030335 -0.169387594 0.354980499 0.074624002 -0.0810616836 0.781861484 -0.218030885 0.597830474 -0.0647671521 0.24525176 -0.22654891 -1.19582188 -1.19209361 0.186656326 -0.518665552 -0.177806437 -0.0174984112 0.181159973 -0.751495183 -0.390382141 -0.91422832 -0.239700466 0.294900447 -0.0498048551 -0.664183617 -0.901209176 -0.130768016 -0.0162379965 0.00540105533 0.10869348 -0.455490142 0.156174853 0.170501456 -0.00899448432 -0.138547525 -0.172800571 0.0483172499 0.40134728 0.214020312 0.155616045 -0.22851564 -0.0436137393 0.0848781765 -0.119291335 0.0341556333 -0.320293039 -0.224027038 -0.58980149 -0.0468474627 -0.268382251 -0.468574345 -0.608083725 0.0472087786 -0.377266198 0.0173312631 -0.102780372 -0.0379644595 0.541592181 -0.125112012 0.243758544 -0.0436705835 -0.187743232 -0.262194157 0.140238628 0.45310697 -0.332209706 -0.486887783 -0.211324871 -0.0600488298 -0.285585046 -0.0445904583 -0.843334198 -1.4530853 0.237452373 0.437844634 -0.181458443 -0.207754388 -0.284596026 -0.234788552 -0.0564995371 -0.0236379523 0.329661727 0.109688208 -0.0673884824 -0.0925546736 0.16063939 -0.13059406 -0.100504927 0.199972525 0.011084971 -0.0842766464 -0.834281087 -0.219792485 -0.528269708 -0.0707229078 0.0279053021 0.047499314 -0.153700292 0.238330096 0.111579388 -0.150668189 -0.0312414113 -0.126632154 -0.279127657 -0.2688241 -0.0953629315 0.173755318 0.217152566 0.428033024 -0.151678398 -0.576447189 -0.0377673768 -0.0189705417 -0.111052737 -0.0456836671 0.0665302053 0.141071275 -0.0802118108 0.0995600075 -6.10454082 0.25183326 0.467891455 -3.97129512 -0.199829414 -0.0434218422 -2.36778164 0.0569796152 0.799536645 -0.0908180624 -0.191624314 0.20139657 -0.0979201123 0.334523857 -0.083864443 -0.0569449216 -0.0932693332 0.149539247 0.0331320874 0.310488909 -0.0724068657 -0.307844132 0.0676106066 -0.21377705 -0.234630942 -0.241015524 -2.37455034 0.0343603641 -0.259808004 0.165318698 -0.00260869972 -0.145792812 -0.660985053 -0.144166097 -0.483789891 0.386704087 -0.0680790916 -0.0937758386 -0.549598217 0.0541111268 -0.740342617 -0.128972769 -0.28832832 0.0758945942 -0.601757109 -0.234577611 0.189344123 -0.151964545 -0.161375135 0.882092059 -0.0238912906 -0.641749799 0.899555326 -1.39194119 -2.47106528 -0.0978571102 0.115634225
tensor_linearrelustack9bias 1
-0.111449763
tensor_linearrelustack0bias 128
-1.38958156 0.167077959 -1.18397474 -0.938196003 0.472201645 -0.976680815 -0.278580457 -0.227830648 -0.267303586 -0.454982072 -0.458918303 0.9277457 -0.816724002 -0.313170165 -0.797816277 0.799075246 -0.817338765 -0.42627117 -0.464790463 0.349520475 -0.285557151 -0.786459208 -0.452779949 -1.28910553 -1.15652072 0.915819407 0.368044734 -0.132863745 -0.365935415 -0.658359408 0.00810885057 -1.36891031 -0.335883409 0.841631234 0.87805301 -0.0266411956 0.585418344 0.910983741 -0.955462813 -0.171309963 -0.2635023 -0.411055118 -0.681210995 -0.987448394 -0.830024779 -0.972314239 0.122940682 -0.113536514 0.0633716211 0.0782959536 -0.0380942859 -0.0947918296 -0.0958102718 -0.129479408 -0.496956944 -0.123970583 -0.923476398 0.861850679 0.604685068 0.823370874 0.337996215 -0.306604773 -0.721012294 -0.177602142 -0.846430779 -0.406292796 0.193976387 -0.29395026 -0.61039722 -1.12723207 -0.879846752 -1.32851732 -0.434965253 -0.634432077 0.661590993 -1.01310432 0.356329829 -1.3143748 -0.506205082 -0.837814748 -0.0907234624 -0.2929461 -1.03595781 0.897797406 -0.654833674 0.712771595 -1.17029762 0.169540629 -0.841650665 0.0584063493 -0.472828031 -0.13044773 -0.775340319 -0.441487253 -0.717851579 -0.893455923 -0.615490437 -1.06815672 0.14758648 -0.365083128 0.891395211 -0.383592397 0.247271091 -0.771320939 -0.378882825 0.0695701018 0.383661181 -0.29191041 -0.873439431 -0.912204862 0.219665229 1.06119776 -1.02332771 -0.429088712 -0.424613267 -0.602368116 -0.529902041 -0.366771519 -1.16456473 -0.253535151 -0.811016679 0.339751184 -0.326677948 -1.23124588 0.512803912 -1.60324144 -0.0831533745 0.452925354
tensor_linearrelustack6bias 16
0.155968249 -0.0543930493 0.226895824 0.460134953 0.00255583273 0.256889254 0.406514347 0.260847211 -0.0490032285 0.357594997 -0.0109854275 0.603982389 -0.0446131751 -0.240626469 0.211618453 0.315645218
tensor_linearrelustack0weight 2560
-0.0401572324 -0.0172730703 0.0845778584 0.0718252584 0.295954853 -0.173080489 -0.211050481 -0.232378721 0.28791073 0.0126765314 0.274022698 -0.310290962 -0.00834633224 0.220015883 0.515892506 -0.102123141 -0.293971986 0.19839786 -0.125704035 0.261261821 -0.00570178311 -0.145159587 0.100030698 -0.117698312 -0.0294753071 0.0560992882 0.0285202358 0.0334250592 0.461447328 0.143389598 -0.0540384129 -0.177574247 -0.397213787 -0.101467863 -0.0033355772 -0.0200436376 0.579251111 -1.19584906 0.218336925 -0.125153184 -0.0107008731 -0.175234333 0.210165739 0.079540737 0.0521234386 0.0545121506 0.0479096659 0.0537941307 0.00370410155 0.2791031 0.175363094 -0.124634914 -0.557620227 -0.431121826 -0.472099632 0.0521895625 -0.141012147 0.185133696 0.114719845 0.45484063 0.19276233 -0.143766791 0.0277272277 0.0379571654 0.0521573201 0.115808643 0.0745616257 0.0704185963 0.0240876153 -0.0752821341 0.118987396 0.485568345 -0.705053568 -0.423182786 -0.362567157 0.00147594593 -0.271342158 -0.0444690213 0.0804707929 0.423019975 -0.216377527 -0.106310934 0.113582857 0.108155005 0.0382753573 0.126474679 -0.00982341636 0.0697888359 -0.890794635 -0.27146247 -0.0822945088 1.37500119 0.0740534961 -0.0542202033 -0.207414269 -0.0838173926 0.0480904058 -0.0661809295 0.0941660553 -0.163641691 0.127582222 -0.161985621 0.324459195 -0.0397705995 0.019220164 -0.0674086735 0.0106035853 -0.0212042052 0.141617954 -0.0962865055 0.0764501914 -0.756050706 0.199239179 -0.0200785343 0.0579019822 -0.0420249589 -0.86116457 -0.0682473555 -0.0102934698 0.460317105 -0.570679307 0.173994645 -0.234510303 -0.00987222791 0.0831559002 -0.450803757 0.0122982897 -0.160413668 0.765513957 0.0521249548 -0.0295000374 -0.457439005 0.147367209 0.0656742752 0.353055239 0.271013618 0.425162524 0.0510741398 0.0049772067 -0.649541855 0.181317732 0.0162856225 0.257100493 0.0499821231 -0.0661947876 0.358872235 0.0487319864 0.0793817788 0.56664294 0.73236382 -0.0655378178 -0.77514106 -0.546908498 -0.0724537969 0.0793019682 -0.172631919 -0.130124122 0.257543772 0.05248015 0.0459238105 -0.25439027 0.282309234 0.0170959476 0.178992882 0.133488625 0.172006086 0.0847184062 -0.439638257 -0.0351483077 0.0569225699 0.297968715 0.465930909 0.529659688 -0.206740767 -0.607198238 -0.0696545467 0.52465862 0.0201624297 0.214295104 -0.622371256 0.0363549888 -0.0455256701 -0.0126142222 0.0146133946 0.00476401765 0.0356605612 0.0078016473 0.0153371803 0.634741068 0.380631745 0.182774827 -1.41836607 -0.0661960319 -0.0210563596 -0.0763106272 -0.00609349506 0.115635924 0.0552385114 0.0131960995 -0.102641799 0.190912381 -0.120422855 -0.0496449769 0.0241191722 -0.280153185 0.0854421556 0.136826769 0.0672332495 0.144946367 0.115919381 -0.733506858 0.219296023 0.447550088 -0.22740373 0.0659922138 0.164637163 -0.0687513053 -0.722749472 0.2417676 -0.0224864241 0.0523706824 0.104554325 0.15745385 -0.0174799766 -0.0279706009 0.0273414664 -0.028637886 0.0627551302 0.0391879827 0.00533123268 0.032816913 0.0672658905 -0.0362692885 0.049965281 0.140648097 0.0224843547 0.568253815 -0.00228671357 -0.0683479756 -1.42019725 -0.167543218 0.207081228 -0.0514244065 -0.229514614 0.195938244 -0.0377453193 0.00393745396 0.130505681 0.0478291363 -0.41042909 -0.382941306 0.330886126 0.152194038 0.185206681 -0.249231815 -0.400132418 0.254823059 0.0865871459 -0.113216996 0.262197167 0.153935462 -0.0410648547 0.102315553 -0.0248638447 0.140789762 0.0859743729 -0.083470732 0.264682978 0.213393375 0.3830764 0.436226368 -0.391892582 -0.0716032162 -0.696780801 -0.155694053 -0.0357303582 0.679177999 -0.138821885 -0.255290866 -0.0719293356 -0.150766253 -0.0764664114 -0.0762494728 -0.0383395851 -0.131802842 -0.0410977043 -0.0539584197 -0.0399820469 -0.737142146 0.163241476 -0.549265146 -0.949852824 0.363235325 0.130858973 0.281292409 -0.0345382132 -0.0774354115 -0.119903132 0.049442865 -0.0830423012 -0.168754146 0.238453418 -0.0733329356 0.016174702 0.00980612356 -0.0138308518 0.0249177255 0.047594469 0.264764458 -0.044419013 0.147879481 -0.085694626 0.0423676893 -0.0536430962 0.0424356461 -0.0700112581 0.640329182 -0.0619025677 -0.041063007 -1.08002722 -0.284702361 -0.0107745379 -0.0532547086 -0.254257411 -0.383990735 -0.309926897 -0.504303455 -0.464929849 -0.640072882 -0.297537386 -0.157080382 0.853949726 0.134011388 0.198794559 0.217344776 0.0145312622 -0.0893507972 0.0752633139 0.126036957 0.1021543 -0.0700276792 0.0486687645 -0.0564299859 -0.0626853034 -0.0261091013 -0.459148109 -0.0242044274 -0.0219065994 -0.421315491 -0.266326994 -0.0482812077 0.237190664 -1.28714645 -0.00382202002 -0.0177892428 0.0171188693 0.769547105 0.412742406 0.029697042 -0.116344437 -0.0318719782 0.0309745818 0.0834161565 -0.309175223 0.142662808 -0.0961944088 -0.363347352 0.416379213 0.165378481 0.116444662 0.189480826 -0.130863637 0.363994896 -0.971756756 -0.0348494016 -0.00834489893 -0.0803513825 0.53444016 0.46162504 -0.665674984 -0.299131066 0.245284975 -0.0513215177 -0.231989905 -0.142957434 0.196629927 -0.0590528399 0.100473754 -0.925181746 -0.146066055 -0.0997597948 0.925218403 -0.0713849813 0.0752811655 -0.127424136 0.00113002001 0.250468463 0.200380281 0.173431024 -0.0134242708 -0.106103353 -0.153655335 -0.279393315 0.000532888167 0.0259575229 -0.0690552294 0.0267749708 -0.0505896471 -0.544623554 0.291785985 0.17811802 -0.018006159 -0.142942011 -0.746262133 0.47633034 -0.252754062 0.785725832 0.100504391 0.0113372188 -0.0361024253 -0.135642469 0.127863139 -0.229951814 -0.315451324 -0.0822675452 -0.0399128012 -0.0176398307 -0.0128116785 0.243177816 -1.05277479 -0.078485176 -1.04192185 0.0096769724 0.197633103 0.314382821 0.0300091524 0.150206476 0.202548206 -0.176397547 0.0599773973 0.157519475 -0.110983483 0.175694525 -0.114069924 -0.1514204 -0.0330231898 0.0357509926 -0.0358113572 0.171983287 -0.341051877 0.0193773657 0.273812532 0.0443105511 -0.146165535 -0.428940564 0.0099395616 -0.599627793 0.297699839 0.225842595 0.617394388 -0.0496323779 0.00507206097 0.0329195671 -0.0759910047 0.042214524 0.0256997552 -0.05215903 -1.17825711 -0.12910223 -0.0627315417 -0.134768367 0.0182764549 -0.0718723089 0.0144508136 -0.299597025 -0.0392990597 0.366163582 0.0250513274 0.0594198965 -0.0829404593 0.238523826 -0.0931692123 -0.0472664423 -0.0344051719 -0.013022691 0.0414955653 0.0433605164 0.00501840375 0.239145577 0.157069698 -0.0175312553 -0.326303661 -0.369364947 0.0231658034 -0.232866094 0.131319329 -1.05823934 0.310254008 0.147721082 0.0273297206 -0.030751219 0.0746304169 -0.0520735048 0.0242642835 -0.017867351 -0.0111000324 0.00241412409 -0.0343582816 -0.476641774 -0.212408617 -0.0951279178 0.875829041 0.644635141 -0.119950689 0.0353984125 -0.00111157435 -0.0592725985 -0.130170047 0.0966056809 -0.473934263 0.14764002 0.109620228 0.0497730672 0.272852659 0.0707468837 0.211785629 0.0222270079 -0.0801365152 0.0540540405 0.373963147 -0.0185294282 -0.149043247 -0.26336953 0.132224962 0.183326915 -0.0215747226 -0.0207330305 0.505575061 -0.809385061 -0.932822168 -0.0981279239 0.0525656231 0.0422657169 -0.0807583481 -0.084931381 0.038475208 0.0469301902 -0.159292296 -0.648020327 -0.090182811 0.0314309187 0.31531617 -0.242499366 -0.188798651 -0.808083653 -0.0402226709 0.645562053 0.25471127 0.2758376 0.124044403 -0.152484179 0.0459353589 -0.615257084 -0.52720511 -0.29923588 -0.271054953 -0.050806541 -0.0324814469 -0.343890905 -0.222071335 0.181151718 -0.42512086 -0.0586488992 -0.0268868674 -0.136996776 -0.0094608264 0.421083927 0.213975683 -0.00142518966 0.184231386 -0.955928504 -0.128635749 0.0376704857 0.0269533582 0.0763429776 0.305096269 0.0367539153 0.290889114 0.0101184119 0.115134321 0.0145624625 0.337620258 -0.165309817 -0.161282152 0.0739836991 -0.120054387 -0.302801102 0.246706948 0.297932982 0.0255088247 0.133555412 0.0766485929 0.578185916 -0.235038087 -0.225963399 0.0987456143 -0.0422647521 0.0401210412 -0.5239411 -0.433834404 -0.100857235 1.02452958 -0.370532185 0.0145262443 -0.257935137 -0.0648900047 0.202875048 0.28234604 0.228725359 -0.334723026 0.100905389 0.106902696 0.528205752 -0.207451269 -0.00351883541 -0.0268379841 0.027109988 -0.00267584017 0.403813154 -0.146782294 0.0197698008 -0.0303172525 -0.0326495543 0.097349368 -0.0395775698 0.616931796 -0.100634232 0.130476296 -0.0491282716 0.0827566609 0.013530557 0.784115255 -0.0986135006 -0.0930576101 -0.141425207 -0.0826431513 0.0267196093 -0.0687042698 -0.131542012 -0.27926302 -0.0788284317 -0.272375345 0.163026139 0.0034521136 -0.0228400882 0.648958623 0.10751313 0.0443113297 0.161499619 0.08575207 -0.147678107 0.128357038 -0.190127566 0.111204803 -0.0437614881 -0.0587398 0.0120280376 0.00270812958 -0.39462918 0.262066633 0.166307077 -0.231436327 0.224984616 0.0191373657 0.248039797 -0.0847496688 0.521418035 -0.141719013 0.111997589 -1.44309068 -0.00313087925 -0.0240268074 -0.0419394933 0.0882639959 -0.00886938628 0.0205781721 0.0156916007 -0.0124900863 0.0225214064 0.138211682 -0.00156269863 -0.0229225308 0.687665522 -0.0429330319 0.0139030814 0.00567123853 0.30307436 -0.563387215 0.0202753227 -1.24230146 -0.0139020123 0.0824086219 -0.116275162 0.0609652363 0.073596701 0.0901645869 0.0606630892 0.0188310593 0.0471783467 0.357515723 -0.520971119 0.253954291 0.189413905 -0.0780235082 -0.121834613 -0.0705905333 -0.337563097 -0.638056099 0.604147732 -0.0621219762 -0.0815622956 -0.0780298263 0.179165214 -0.0946430415 -0.0311047155 0.0397809558 -0.0860555097 -0.039326448 0.69595772 -0.274250537 -0.194948465 -0.113325655 -0.0142121427 0.217644423 0.14329198 -0.0536509342 0.226039961 0.0687639043 -0.0528229624 -0.305762887 0.0338880196 0.143881336 0.0127285868 0.00626376318 0.000746434845 0.00147890765 0.00515537336 -0.0248841345 -0.0390460826 -0.0131414449 -0.0356356427 -0.00678109797 1.07292569 -0.00040087814 -0.00121899659 -0.0243956875 -0.204626724 -0.141729474 0.026676327 -0.874686301 0.00489818119 -0.171124458 -0.0708694234 0.0348399952 0.0385588184 0.0890169442 -0.00930641592 -0.0171947014 0.108287357 0.0781000182 0.0680476278 -0.00427668216 -0.0719530061 0.0276161879 -0.734548569 0.0611221492 -0.112410232 0.0941267312 -0.048246216 0.688801348 -0.834612012 -0.0321859494 0.0795600042 0.209933922 0.105290867 -0.140429035 -0.0243569203 -0.112552226 -0.338132977 0.0416354351 -0.0366749316 0.594731092 -0.0307668485 -0.341994494 0.290428132 0.0322841443 0.196109265 0.247775182 -0.239091977 0.116507351 0.35290134 0.161064059 -0.317793816 -0.217745706 -0.288170069 0.287544847 0.140951589 0.114154123 0.565143168 0.244803369 0.0632847995 -1.11195517 -0.165020138 0.0123628173 0.0622659288 -0.0641152561 -0.154779926 -0.197727695 0.0381602459 0.0203402359 0.0998530835 0.12190254 0.377678931 0.33273226 -0.143252924 -0.0847258419 -0.0475941524 -0.104543895 0.0913770497 0.62540704 -0.233599544 -0.0406834334 0.155547604 0.241885915 0.227883458 0.136406913 -0.422288716 -0.0956105888 -0.0292176679 0.0815231428 -0.303069979 -0.331858665 -0.227742344 -0.313945591 0.0682684481 -0.466688842 -0.0699066892 -0.0735937059 -0.529582918 -0.320932686 -0.205209002 0.515434027 0.964410007 0.00319142756 0.250368595 0.132763386 -0.135872051 0.173163086 -0.0156015856 0.170104027 0.142833054 -0.0898770168 -0.0979093462 0.0280728452 -0.292058736 0.0662220865 0.0762707517 0.0784208551 -0.0940927863 0.103453808 -0.0487474576 0.149169534 -0.0624272563 -0.647693455 -0.591129005 0.0765479654 0.592373848 0.395629883 -0.693080187 -0.201216206 0.132976636 -0.00643768487 -0.0686646774 0.00844345056 0.0643947199 0.0248805694 0.0710976571 0.0498753153 0.315972298 0.235324919 0.155321598 -1.2848469 0.0982303172 -0.298423111 -0.276342243 -0.0137333097 0.100230657 0.0565768182 0.00957120862 0.345110267 -0.0519983396 -0.044436004 0.111131124 0.137560591 -0.0460428633 0.260257155 0.0336992666 0.0854666978 0.0969841704 0.32596454 0.0155391153 0.286594391 -0.531803071 -0.0978243724 -0.134731099 0.0191802606 -1.22116053 0.425582558 0.217053175 -0.0929942057 -0.142714858 -0.0417935364 -0.101627737 0.0551866814 0.092112571 0.129245535 0.0884387195 0.0198571328 -0.222125947 -0.516185939 0.0426262245 0.830831468 0.314137191 -0.865930617 0.0997071862 0.0514806993 -0.167950988 0.232576519 0.239202321 0.00999246724 -0.356991082 -0.120556608 -0.373678774 -0.352436125 -0.0350941978 -0.368210346 0.0100171659 0.0762732551 -0.276360095 -0.108204417 -0.0241689496 -0.356729537 0.941630542 -0.0242597647 -0.144320816 -0.130472094 0.327883154 0.168576211 0.0275899172 0.0633824393 0.315901428 0.103319235 -0.377513528 0.126957431 -0.110336982 -0.0349990465 0.0133400317 -0.107498378 0.572040975 -0.558939397 -0.162273303 -0.162215129 0.659047186 -0.113903284 0.121678658 -0.0554167219 -0.656884015 0.303655118 0.100333877 -1.04909337 -0.162565485 0.00960340723 -0.142650649 -0.0822367594 -0.132629484 0.0206218343 -0.134692788 0.0215596333 0.00347266928 -0.0252351016 -0.0331632271 0.0950698331 -0.0227764137 -1.23374283 -0.0812899694 -0.0326065421 0.162644163 0.73736614 0.461176932 -0.0483137816 -0.7206828 -0.199495807 -0.30818668 0.0442734547 -0.0491978899 -0.0462415889 0.0953891501 -0.13165535 0.81898123 -0.488042206 -0.00734980637 -0.0240073651 0.58914125 -0.143255815 0.0406145602 -0.0872343555 0.0745751187 -0.23377341 0.170687273 -0.636913538 0.129756525 -0.0725811198 -0.295310318 0.042615056 0.0218015611 -0.0868496075 0.121701024 -0.063518092 0.743423522 0.00202169293 -0.41200313 -0.852953017 0.236086935 -0.11496976 0.294198185 -0.0716345534 -0.115716062 -0.0764662325 -0.0136993714 0.042477712 0.0375214368 0.412269443 -0.0755794123 -0.0218734946 0.0717020333 0.0199359637 0.0317514949 0.0510956161 0.207751319 -0.513223469 0.105299115 -0.30458656 -0.12234129 0.0935304016 0.137003154 -0.830464065 -0.0340489633 0.0731526539 -0.264561623 -0.219476819 0.28398633 -0.0393661782 0.17761004 0.329462737 -0.137244418 0.245966285 -0.060915269 -0.136921406 0.204120949 -0.179669574 0.330480635 -0.322781056 0.345449179 -0.331819206 -0.265138716 -0.0117110349 0.379716277 0.247342974 -0.911473632 -0.387809545 -0.262260735 -0.148789391 0.118271805 -0.0611433685 -0.0531749427 0.0142341414 -0.000826567528 0.020913152 0.036320027 -0.119767211 -0.00674046669 0.100128368 -0.0970309153 -0.0199227761 -0.0342467763 -1.07856452 -0.0800149888 0.0829039142 0.0649435669 -0.106469408 0.104535393 0.0100852912 -0.04198163 0.0721072555 0.163216084 -0.149447054 -0.0238571353 0.165356562 -0.504633009 -0.843989909 0.396070898 0.422612309 -0.905590117 0.191276327 0.111231081 -0.160534486 0.200390726 0.257102579 -0.0131892692 -0.330185831 -0.0295723937 0.226550996 -0.325327903 -0.270486385 -0.178256556 0.0614227019 0.00566826435 0.0654082894 -0.90015918 -0.560518503 0.0317081027 -0.529515445 -0.179075018 0.0938503221 -0.130807787 -0.183743849 0.498861313 0.290808707 0.0845778808 0.0650037229 -0.01196755 0.346903086 0.0262726564 -0.0259106308 -0.0742229 0.0572758354 -0.0559730604 -0.0442186221 -0.352618754 -0.487722188 -0.11031498 0.653285503 -0.00752483681 0.537335455 -0.20080781 0.0953809023 0.142362326 0.0285310317 0.168987021 -0.718106806 0.228472278 -0.0980524197 -0.0495139584 0.0956963077 -0.0419561304 0.180050284 0.0600461736 0.0458163768 -0.761021972 0.142810538 0.0278174412 0.513663232 0.790309906 -0.319308728 -0.0930211022 0.108349867 0.108239457 0.0198947899 0.116170295 -0.77345413 -0.0176250935 0.145341456 0.0116770519 -0.00408724463 0.0830722228 -0.00557168713 0.0383599587 0.0645059869 -0.00482585654 -0.0170385931 0.0626481324 0.0337223373 0.0109243793 -0.181893408 0.55852288 0.0462787636 0.326141 0.149289399 -0.605024934 -1.23670113 0.127480909 0.0584272817 0.193688452 0.0477321222 -0.0330525264 0.0804843903 0.104774393 -0.0563848391 0.30207786 0.550475001 -0.127905548 0.189878777 -1.35505736 -0.499985158 0.321137488 0.0713832825 -0.216486812 0.599014699 0.190109611 -0.329440683 -0.227430597 -0.106483944 0.126364246 0.0627439991 0.0720797107 -0.0613394231 0.0613754317 -0.0121481102 0.938523591 0.110055991 0.129296154 -1.12598741 0.00748936646 0.0359431952 0.142744809 -0.0859142467 0.150800705 -0.0956376642 -0.267963886 -0.151809275 -0.117713436 -0.0239397138 -0.825004578 -0.0138095608 -0.0532092191 0.00994000956 0.0435717329 0.0382846035 -0.0786175057 -0.026682049 -0.00900730677 -0.302923262 -0.147684857 -0.0324058458 -0.0938235074 0.0944321528 0.414987415 0.0245692823 0.115681328 0.467255622 0.109289646 -0.0342174582 0.0119985985 0.0333867148 0.0612333678 -0.013347921 -0.00759303244 0.0438101031 -0.138794437 0.226372883 0.410069108 -0.898241222 -0.244276047 0.133701742 -0.344635367 -0.0114959572 -0.216947988 0.102466561 -0.0202888567 -1.63845623 0.0433456153 -0.165814757 -0.0329236612 0.00734001258 -0.034230765 -0.0587328635 0.0325063355 -0.0470778123 -0.0509240329 0.0625836998 -0.0802675933 0.0744644925 -0.701141059 -0.0292397942 0.16231741 0.0456374325 -0.181431159 -0.179430246 0.0604388006 0.842741787 0.240993872 0.108987421 0.138427272 0.154736191 0.266928583 -0.00456907321 0.0141634448 -0.173615605 0.048104696 0.328810871 0.204135194 -0.0147316661 -0.254313499 0.0868810266 0.159736976 -0.0213167127 0.14231953 -1.06456244 0.0128029138 0.00964646414 0.250381887 -0.0856217518 0.0297098346 0.0778632686 0.15498282 0.0439571142 0.0835034624 0.115780108 0.167673185 0.0156518258 0.269932985 0.0336700976 0.219097063 -0.300055653 -0.541444182 -0.00222265394 0.520037889 0.202440873 -1.0414387 -0.185648128 0.0963929594 -0.1310969 0.184011295 0.200005352 0.199072808 -0.047041215 -0.196086273 -0.052098047 0.119688846 0.254476368 0.253734142 -0.111208066 -0.431663454 -0.113463283 -0.245164379 -0.0342702344 0.427369624 0.318342745 0.306064159 0.125169441 0.260614395 0.108521059 -0.00960629992 -0.0156968217 -0.0315502547 -0.0230991505 0.0676277578 -0.0702275112 -1.51568413 0.571797132 0.0834161863 -0.257961154 0.193018317 -0.270670503 0.211696744 -0.0715453178 0.000947309833 -0.193118095 -0.150473326 -0.0552917831 0.031239666 -0.0627443343 0.0185460094 -0.0629380941 0.0404190235 0.250834167 0.0582132787 0.0213504527 0.307958126 0.274786443 0.0706054866 -0.322847337 -0.629186153 -0.162776351 -0.276232034 0.0427439064 0.0940355137 -0.548017323 0.238573924 0.452989042 -0.0268437993 0.115453728 0.041036658 -0.383857131 0.351884067 -0.224203736 -0.106032059 0.0495631024 -0.0417057388 -0.182635948 0.099022992 -0.161019355 0.132429421 0.135476902 0.101517469 -0.130943269 -0.198293671 0.0660479739 0.340797871 0.238102034 0.0115924329 -0.120977528 -0.0162317045 0.000549613789 0.0588718764 0.0149869686 -0.00908178836 0.0215813536 0.0658656657 0.110968865 0.0309241172 -0.0301237348 -0.40973556 -0.0226596091 -0.273199201 0.0514897704 -1.08353019 0.308213115 0.164583072 0.169763774 -0.169305533 0.0611261763 0.10991361 0.114221707 0.0598600172 -0.746020198 -0.172668785 -0.0677644014 -0.224635884 0.496068299 -0.211990163 -0.104475223 0.0952676982 0.224409223 0.127241209 0.0676103905 -0.0817921162 -0.0732917637 -0.0835477263 0.3923814 -0.024049012 0.159181297 -0.661966205 -0.531280816 -0.338993758 -0.0109387739 -0.0341874026 -0.0365899242 -0.819001079 -0.386349112 -0.346814305 0.587078273 0.170926899 0.119555987 0.147795781 -0.248685151 0.129193857 0.0562004298 0.0676605329 0.121330567 -0.033739984 0.0843510553 -0.0568471774 -0.026377134 0.103704855 -0.0853594989 0.0875554904 0.0941018909 0.0432241112 -0.0270996504 0.105311051 -0.0864201486 0.1738244 0.578552723 -0.249260992 -0.00828642584 0.172648579 0.193962142 -0.534478664 -1.82907414 0.561047852 0.102939375 0.0941775218 0.261414856 -0.0209687129 0.0928096175 0.137894168 0.0737429783 0.0531289391 -0.0886681452 -0.500280499 0.895640075 -0.067348659 -0.292246848 -0.237692818 -0.0930323601 -0.742941976 -0.351269335 0.20552586 0.274302214 -0.360929817 0.197520614 -0.195940599 -0.142935574 -0.147897333 0.61995846 -0.0486556701 1.74688175e-05 0.31023863 0.0912081525 -0.0341983661 0.270526111 -0.0921787769 0.0530180037 -0.0689501539 0.0562954471 0.589520931 0.411049634 0.101602316 -0.803045273 -0.0545377433 -0.037088491 -0.0160673205 -0.0326935761 -0.00619102828 -0.719477296 0.00323759997 0.0148182409 -0.399094582 -0.383108497 0.0279044397 -0.0537683628 -0.739647985 -0.00215461594 -0.114002243 -0.0788971558 0.42094025 0.213682845 -0.0566112436 0.00806038361 0.0798645169 -0.420636415 0.263364941 0.0354248062 0.0239496417 -0.156001002 -0.106365293 -0.0373886712 0.427219242 -0.487730354 -0.0589162633 0.193761766 0.250630677 0.49628225 -0.0239676498 0.343299299 -0.0223111883 -0.320809275 -0.234078407 0.20778051 0.210722178 -0.0863843858 0.0780685022 0.0300454926 0.0680966601 0.122368515 -0.129220426 0.112923697 0.633606136 0.176951945 0.0608978868 -0.895092309 -0.550486922 0.210733935 -0.176647887 -0.0245743953 0.0224881656 -0.213570207 -0.135636598 0.448400915 0.354573667 0.0143446587 0.189283475 0.127597392 -0.0490217246 0.299996614 -0.0587193519 0.119161181 0.512580216 0.737468839 0.129011542 -0.511481464 -0.776704073 0.131844789 -0.223921448 0.305449426 0.0398614481 6.05415262e-05 0.0171462744 -0.317460537 -0.0429353416 0.0110848872 -0.0522507727 -0.129661515 -0.0232080296 -0.0052713356 -0.077395618 -0.38506785 -0.164307982 -0.0528853275 -0.115538791 0.0188427847 0.116077177 0.132552817 -1.36724615 -0.0433030464 0.933618546 -0.0544240773 0.290198475 -0.0820065886 -0.0583378561 -0.086038813 -0.152849197 0.201675519 0.0788779259 0.0223873686 -0.720057786 0.0172323193 0.0871737525 0.0336400196 -0.0808348805 0.0346172489 -0.226768717 -0.905701876 -0.192976117 -0.0868218914 0.287896663 0.593922615 0.392221659 -0.181227207 0.0822725892 -0.0377571397 0.0784461871 0.0395216979 0.115566723 0.0250327457 0.0608467869 -0.00851556938 -0.113776162 0.342787266 0.150443733 -0.0755051076 0.0370426364 -0.0870846584 -0.033432059 -0.0067638997 0.219599858 -0.179066226 0.0206176098 -2.96975541 -0.017356148 0.211488336 0.32128492 0.0444977209 -0.0545823351 -0.00673977844 -0.0756353587 -0.0426086113 0.546619713 0.113210931 -0.0306281261 -0.781068325 -0.0623392463 0.0879872739 0.072326377 -0.579643548 -0.206083462 -0.0363721922 0.0117564155 0.121137418 0.0954559669 0.060199447 0.221200734 -0.0785051361 -0.0822123066 -0.00139945489 -0.0468411744 0.0528115928 0.974611104 -0.299407572 -0.00801492482 -0.226892054 0.0286050178 0.173310772 -0.348612905 -0.10751047 -0.117426924 0.0552128814 0.13324447 -0.705368936 -0.106469259 -0.101412818 -0.147955 -0.0330979265 -0.0722865015 0.0506234057 -0.00568404654 -0.0198475961 -0.0525432602 -0.338278502 -0.0410084128 -0.704886079 -0.0855052918 0.211727619 -0.089975372 -0.0223218128 -0.128676876 -0.00654433668 0.0354618505 0.590173185 -0.0575538985 0.0373207927 -0.0248497948 0.0437938906 -0.113840468 0.16088061 0.0429718979 -0.0095479954 -0.077572152 0.481534243 -0.117704712 0.00444718171 -0.000981777092 -0.144814119 -0.0407774746 -0.0487750322 0.392925799 -1.12953782 0.336807787 -0.241430774 -0.12055251 -0.0643838271 -0.431005418 0.27790904 0.042841211 0.113593437 0.28578639 0.00264691957 -0.0588388778 0.203077406 0.0633894876 -0.36995101 -0.0695504621 0.217292935 -0.0988735333 -0.0119007099 0.292530388 0.117251128 0.202167764 0.0806020722 0.568240583 -0.533973098 -0.00712025166 -0.0613306761 -0.159605756 -0.0336099267 -0.00214272155 -0.0148668196 0.028791476 -0.206333667 0.00729536545 0.512519658 -0.0856878087 0.0631545782 -0.00102952705 0.0538139045 -1.09117317 -0.14340587 0.237121314 -0.60642904 0.117992774 -0.0374462903 0.00402563112 -0.0838026777 0.248314694 -0.356251121 0.0590277985 0.129664212 0.061811056 -0.0953828469 0.175139934 -0.0371787436 0.505299687 -0.23172389 -0.219797373 0.0303452499 0.0831472576 0.424726218 -1.2548815 -0.0488310903 0.122960754 0.104893379 0.0598112084 -0.192267597 -0.0363286696 0.0648719147 0.0719991699 0.0573756397 -0.190405995 -0.100759603 0.0508928671 0.143327147 0.355077744 -0.275108039 -0.28653276 0.0991503149 0.73982513 -0.940709531 0.226698712 -0.936701715 -0.268979639 -0.261060208 -0.119194187 -0.0147926025 -0.00357598416 -0.235282227 -0.0229899213 -0.154966041 1.08029389 -0.0290361084 0.0590768568 -1.22768176 0.134695113 0.0502098873 -0.118227094 0.0500141568 0.105733059 0.0433365218 0.071404323 -0.0778322369 0.480612904 -0.0885186791 -0.244644865 -0.0690198392 0.0436662659 0.141265526 0.18715024 -0.116291299 0.592937827 -0.156595662 -0.0827031359 0.0972368717 -0.386360347 0.0536890179 -0.682432592 -0.0834111795 -0.274134368 0.411708862 -0.332721651 -0.197495624 -0.331187874 0.0957225487 -0.0158389676 0.0638016015 0.165814102 -0.0292987302 -0.0599298291 -0.0590078942 -0.0196609572 -0.115448952 -0.0145673696 -0.0974079445 0.267656773 0.243581221 0.362247378 -0.870147109 -0.348759323 -0.432855844 -0.436251938 -0.24196969 -0.332704931 -0.0825332254 -0.0360276438 0.393563777 -0.0354743823 0.0521101207 -0.00884712394 0.0316518582 -0.562407434 0.220301569 0.0829086751 -0.454324543 -0.465731025 -0.129057825 -0.181031451 0.0935833156 0.502103925 -0.535136402 0.137167796 0.128834382 -0.585045993 0.0304523166 -0.145150483 -0.263734192 -0.0145974383 0.546161175 -0.0945617333 -0.0759487003 0.15260075 0.248697832 -0.186780989 0.275127649 -0.563944757 0.109003909 0.261031032 0.204646692 0.155793115 0.246045291 -0.0118262554 0.154229417 0.126254216 -0.224576995 -0.0683372021 0.0271241106 0.12912257 -0.0647466704 0.020643143 0.00179533858 0.101318508 0.285134822 0.179613709 -0.133131355 -0.281301767 -0.773509383 -0.579361975 0.0091540711 -0.158725441 0.0440028608 -0.224071726 0.132273853 0.561341703 0.0785554945 -0.406415164 -0.428123862 -0.258559346 0.0847228095 0.038135346 0.070513688 -0.295290828 0.248240978 -0.155727461 -0.472380251 0.676013052 0.0694090873 0.0762339607 -0.00021353981 -0.346882075 -0.154231817 0.0843601897 -1.08434248 -0.0294775628 0.0519976877 -0.0528814122 -0.00184333266 0.079113774 -0.00983054005 0.0621597357 -0.00535622519 -0.0415468626 0.10888806 0.0964336991 0.0139840143 -0.00108019682 -1.27798629 -0.290274054 0.0103782173 0.282936424 0.848199308 0.613479555 0.042643562 0.14490363 0.0996560231 0.000881330518 -0.0673537329 -0.0306992549 0.0430579931 -0.00392554654 0.0299046468 0.190764293 -0.0211152509 -0.00528416038 0.851397634 -0.407033175 -0.0840269253 -0.272314489 -0.0915658101 -0.0137421302 0.156942368 0.083704181 -0.716577947 -0.431141287 0.0989339128 -0.118582286 -0.245281234 0.048737511 0.0382790938 0.197210461 0.120092057 -0.132447451 -0.0133427726 0.333579123 0.341626078 -0.292601883 -0.012027191 -0.151168987 -0.12726748 -0.624222875 -0.644530773 -0.209965929 -0.489361674 0.252953827 -0.0783910155 0.242956236 -0.137743503 0.0137617048 -0.0547554195 -0.0365439244 0.111889705 -0.0190664828 0.307458013 -0.0752010942 0.00448114844 -0.45061034 -0.132528797 0.18935518 0.107633561 0.586642206 -0.780282319 0.113019817 -0.712657809 -0.344107211 0.135297373 0.0738381371 -0.073761791 0.250861228 0.0133900512 -0.0281372406 0.00563014299 -0.863857627 -0.403492719 -0.0311963242 0.438575387 -0.343469441 0.0112326518 0.027946692 0.122706115 0.0865012705 0.290288329 -0.0608991981 0.316718012 -0.139767483 -0.169528425 0.0162471626 -0.0157778673 0.0344890095 0.251574546 0.00877759047 0.129719943 -0.803551137 -0.192961439 -0.0353750028 1.43911958 -0.534100711 0.0348001234 -0.224935368 0.12203192 0.23801212 0.0888386145 0.033887662 -0.0223876797 0.170627385 -0.0879433155 0.0280452482 -0.0203914698 -0.19977735 0.0767737627 -0.0752877593 -0.0964179188 -0.571150124 0.0616295859 -0.592821896 0.454543471 -0.0319004469 0.0502135232 -0.84117347 -0.0181901362 0.675510347 -0.513551891 0.31575498 -0.846038163 -0.0152220028 -0.21004875 0.0452018268 -0.0344009586 0.140655935 -0.0308430865 0.0795747489 0.028832173 0.400473207 0.352517128 0.233436808 -1.11283076 0.0927598625 -0.292824268 0.0142297354 -0.00376686174 -0.0552465022 0.343942434 -0.173542887 -0.965212166 -0.10748104 -0.0826885402 -0.0595447384 -0.0353317261 -0.0509437509 -0.0273874272 0.0521064661 -0.0119310468 -0.229984298 0.259437174 0.224389628 0.289213836 -0.424571604 -1.13370669 -0.275571942 -0.027447056 0.283713728 0.660953462 0.509342194 0.211597413 0.125574231 -0.120466255 0.0194399543 -0.0170897972 0.103545457 -0.00276037608 -0.0388974994 0.0167620759 -0.0347352698 0.0672227815 0.228524074 -0.16342625 -0.147220567 -0.0465732552 -0.99723196 0.0145508032 0.0106680533 0.35386309 -0.0905533135 0.657995164 0.0603645146 -0.015171133 -0.0900439695 0.0505693778 0.0458079502 -0.118706755 0.0185313281 0.0931272805 -0.603935003 0.355137259 0.0180496536 0.0707574189 -0.656982124 -0.034434516 -0.0253228769 0.0145470593 0.0808980614 -0.336212605 0.0853445083 0.603025138 -0.152848884 -0.0246973801 -0.507899344 -0.245690405 0.0783797055 -0.179804057 -0.0437048972 -0.120036751 0.774648249 -0.166237578 -0.237171486 -0.0285229832 0.417132884 -0.356258899 -0.316864431 -0.0184523389 0.223455697 0.432801366 0.448167056 -0.684378386 -0.0245461147 0.169506758 0.0825901479 -0.00488588028 0.0300666299 -0.0272910818 -0.00032091944 0.0739553943 0.166476741 -0.12078841 -0.0302192867 0.0539397225 0.147914752 0.707950771 0.0250101835 -0.0243454613 0.0466287248 -0.0653809011 0.0086466372 -1.49099588 -0.108129412 -0.254502386 -0.110783212 -0.108714461 -0.0225258078 -0.0894901082 0.00407086872 -0.0215607733 0.0576300509 -0.106229089 -0.028025046 0.0220160224 -0.878185093 -0.0337566584 0.11664021 0.0673713833 0.0680583268 0.0733975321 0.0412497222 0.650527716 -0.135284796 0.00343508832 -0.000483193959 0.0248574726 -0.0958478227 0.157387704 0.0501664653 0.0117836371 -0.33202219 0.104836106 0.163332552 0.456611276 -0.22991626 -0.0958962142 -0.796871543 0.122288875 -0.118322924 -0.322792888 -0.232166171 0.0494148582 0.141425371 -0.0210213922 0.124162689 0.178695858 -0.06976033 0.233756155 -0.0491651967 0.0558440872 0.460435688 0.363803625 0.252518713 -1.14793956 -0.00423804857 -0.0898366421 -0.076804027 -0.0713534728 -0.0249429401 0.014029772 0.144748732 0.18464902 -0.594299555 0.0148514844 -0.0247417334 0.0970882326 0.0962816328 0.0132189384 -0.017635582 -0.044225283 0.933361232 -0.527537286 -0.0319763869 -0.838626921 0.0594709888 -0.404331028 0.165797353 -0.0363492481 0.113695405 -0.081435129 -0.112888373 -0.361561239 0.113612123 0.0483074337 -0.0164270625 -0.158867419 -0.142032251 0.0692227632 0.0027567069 0.0677477941 -0.720817983 -0.0353481136 -0.0961186811 0.502348244 -0.42687577 -0.0959472954 -0.328244656 -0.130146071 0.10056138 0.161992595 0.242371887 0.57586962 0.0647680908 -0.0289595928 0.0183825791 0.0978459269 0.0140367188 0.0371762179 0.15980424 0.106838726 0.840230942 0.469200522 0.370344013 -1.21885622 -0.19614774 -0.101374291 -0.220981002 0.0358267017 0.232645884 0.106530271 0.0511760376 -0.0282690357 -0.0606062897 0.216286078 -0.510888815 -0.289426178 -0.473083675 -0.00378032611 -0.0226737279 -0.117290586 -0.509125173 -0.15057984 -0.0122849587 0.146673843 0.0620540865 0.226993233 0.283720911 -0.264297247 0.361071914 0.0541349314 0.0165610947 0.281993866 0.144673109 -0.414564908 0.188162029 0.146650597 0.195489109 -0.13626945 -0.169782653 0.189401999 0.68676728 0.127668977 -0.0306645017 -0.764891505 0.230530575 0.0468197986 -0.386519939 0.081157431 0.239718854 -0.645863056 0.0188671835 -0.158800736 0.0311026238 -0.0836262479 -0.00132635131 -0.0350135118 0.199041858 0.010660137 0.102306888 0.0348870382 0.0867826343 0.0564799011 0.117949918 -0.0234970842 -0.235534996 -0.417414933 -0.034686897 0.0731405094 0.287940532 -1.32334864 0.403334647 0.060214486 -0.0722482726 0.00908985455 -0.222686291 -0.0965653732 -0.044232741 0.0189593565 0.00966336578 -0.0319919735 -0.87320447 -0.224396244 -0.0529342666 0.823348463 -0.623446405 0.0928003117 0.0440693833 -0.0192046575 0.853474379 0.0786872134 -0.0595669597 -0.218871489 0.103374429 0.252000809 -0.523350596 -0.14242065 0.413931787 -0.092929557 0.417156637 -0.491909266 -0.209731579 0.322828382 0.131495088 0.0675569028 0.331051379 -0.0536039248 0.121618152 0.143805221 -0.0435832478 -0.0824226514 0.0447057709 -1.29970896 0.019482201 -0.108404018 0.00687771244 0.0788386539 -0.0464908294 -0.0115615437 0.0085356785 -0.609973967 0.0519650616 0.114129059 -0.322663814 -0.288015693 -0.0234268587 -0.0525395125 -0.909838259 -0.0388709381 0.524064481 -0.0781358257 0.192118317 0.0777203217 -0.0686115324 0.202860132 -0.059335161 0.11408069 -0.0382476524 0.0267051291 0.0704118386 -0.000650147209 -0.0642429218 0.0982959196 0.0616954528 -0.0332067944 -0.0519153439 -0.0713859126 0.143377304 0.00616219034 -0.0792592913 0.744971991 -0.0722142607 -1.53454828 -0.00316381827 -0.0152721629 -0.0168971568 0.0398284048 0.0316957012 -1.00554311 -0.0350994952 0.0193484463 0.070444122 -0.0730718598 0.0061042537 -0.101626888 -0.225748479 0.104044929 -0.0530771725 -0.0293427259 0.186807126 0.032650739 -0.0859176219 -0.120105103 -0.553373635 0.348763794 -0.564248562 -0.57243216 -0.046037253 -0.139667511 -0.053085696 -0.125234902 -0.0275570787 -0.318500578 -0.0977218077 -0.57071805 0.376939446 0.0711434707 0.282884568 0.302930444 0.74820596 0.332601011 -0.107610255 -0.314101487 0.201781914 0.352606446 0.0924319327 0.206604615 0.0287387334 -0.0310584605 -0.00599730853 0.0652615502 -0.760766029 0.120380886 0.0309165288 0.34517619 -0.225554243 0.153837219 0.643128395 0.0512555912 0.0854860395 -0.190747961 -0.136685744 -0.705308974
