tensor_linearrelustack9weight 16
-0.161594719 1.04817355 0.344566554 -0.550404966 -0.335337281 0.369395286 -0.554924011 -0.187050879 -0.241028398 0.416953355 0.0232882164 0.411714315 -0.222573027 -0.38257581 -0.208483398 0.561605692
tensor_linearrelustack6weight 256
-0.522265673 -0.316301733 0.328024775 -0.336976588 -0.491494715 0.206844643 0.335334301 0.398375303 -0.554502189 0.0287309363 0.136514008 0.44818002 0.79814142 0.280748725 0.329873145 0.628490746 -0.0492894128 0.0654439181 -0.386953831 0.0440898053 0.0420459323 -0.74641484 -1.49283218 -2.19181418 -0.0784220994 -5.5238862 -2.49550581 -1.33923686 -2.07919574 -0.557268679 -0.553556621 -0.672794819 0.484466642 0.143247113 -0.265300632 0.394421041 0.332846999 -0.21446465 -0.138496548 -0.0779741481 0.64257288 0.0392099507 -0.0720546991 -0.135034636 -0.0636761859 -0.0520585142 -0.166468531 -0.223069295 -0.0753787234 -0.0287464652 0.18171604 0.0583771281 -0.00858473592 -0.102586947 -0.167956486 -0.291627437 -0.00319532026 0.73362875 -0.615209818 0.13379249 0.246528462 0.488293767 0.594202936 -0.194098949 -0.378397673 -0.0792683288 0.0935375839 -0.138728544 -0.106885731 -0.474032253 0.0312198624 0.180537254 -0.0825146884 0.447453707 0.455301493 -0.0483527146 0.340427935 -0.00253591151 0.0122291166 0.287728608 0.375854611 0.164951727 -0.327726096 0.338026464 0.405043423 -0.0635889694 -0.292596698 -0.436264873 0.599133074 -0.137982488 -0.226721048 -0.263572305 -0.424078137 -0.165069506 -0.207080945 -0.380493581 -0.430026591 -0.24916856 -0.112120375 -0.258767426 -0.195619792 0.386254877 0.29456839 0.483966857 -2.58469391 -0.57785821 -0.165299833 0.436891735 -0.0500747189 0.522800505 0.135609537 -0.0270258505 -0.49856469 -0.365433812 0.211032957 -0.340211987 -0.421331674 0.189600676 0.337103665 0.421483248 -0.656387866 -0.0966769457 0.194322512 0.395992815 0.610009074 0.20806095 0.293693721 0.539656162 -0.267124057 -0.387380719 0.272134006 -0.384429187 -0.91504091 0.41478169 0.0984575078 0.0488544963 -0.888700366 0.213955536 -0.294711292 0.214057475 0.706766725 0.0456642993 0.36859408 0.235954285 0.353307515 0.173188373 -0.555829167 0.361039042 0.409929752 -0.103734568 -0.473400533 -0.488774568 0.556763053 -0.235047936 -0.215153128 -0.461697221 -1.3654207 -0.147620142 -0.289210081 -0.526276588 0.0411196165 -0.0632464886 -0.0963345468 -0.169085383 -0.068310976 -0.161617577 -0.160162926 0.0174710061 -0.0165458322 -0.0362637974 -0.0730145276 -0.0641317442 -0.15579012 -0.107021555 -0.188536599 -0.119107485 0.436055273 0.108873092 -0.233965382 0.273681253 0.282488167 -0.066499874 -0.162767813 -0.145625696 0.532771528 -0.0767690465 -0.12890321 -0.117357194 -0.206232816 -0.0112563772 -0.089736551 -0.239378408 -0.896240234 -0.686587572 0.343596309 -0.74075985 -0.834820032 0.0519743562 0.198372662 0.363374501 -2.0603888 0.144551083 0.256388545 0.328115702 0.4130072 0.265595019 0.380676389 0.285640776 -0.520397246 -1.04075658 0.427846432 -0.652423143 -0.967607796 -0.217689827 -0.0112589831 0.284792811 -3.32733893 0.0622947887 0.45629099 0.0890947357 0.195467144 0.0200716443 0.0912480503 0.385228992 -0.599562526 -0.561802924 0.262290239 -0.404868275 -0.443107516 0.0675600618 0.239013612 0.327287555 -1.4056704 -0.0438137539 0.270349592 0.333934158 0.493507475 0.103554644 0.299690276 0.30873546 0.294612527 0.218630508 -0.29342562 0.23320739 0.232475817 -0.224210799 -0.725718975 -1.22970855 0.237719759 -0.506404877 -0.324826509 -0.257396191 -1.53106117 -0.322866768 -0.453626275 -0.497001082
tensor_linearrelustack3bias 16
0.177963421 0.187078089 0.137480482 0.311637729 0.246402562 0.57622993 0.119905971 0.52464956 0.22884807 0.510982215 0.281532228 0.215807289 0.0624291226 -0.139982909 0.29301706 0.28611058
tensor_linearrelustack3weight 2048
0.312640339 -0.893771946 -0.209130868 -0.119319916 -0.0163041335 0.155400738 0.565327227 0.0497298837 -0.27749607 -0.265048474 -0.211640805 -0.015481405 -0.0321651399 -0.210373819 -0.382082731 0.22786665 0.0515190773 -1.90522933 0.157649755 0.0495224409 -0.641247451 -0.0361452103 -0.0657830909 0.210354626 0.307796478 0.404258311 -0.363825828 0.298164636 0.262615502 0.18582727 -0.185470894 -0.0580822565 -0.520227551 -0.0717946216 -0.233352691 0.378712475 -0.055720441 -1.41149259 -2.45975089 -0.0325790755 -0.0320553146 -0.025005864 -0.385187209 0.464144796 -1.04920566 -0.565550447 0.0793416277 0.180527836 0.0110401614 -0.46831122 0.287327945 0.121848628 -0.151677638 0.20393832 -0.0652907342 0.0145569444 -0.125600159 0.156670332 -0.0456099659 0.57456243 -0.0772189498 -0.126469091 -0.0790257081 -0.0170826055 0.342055202 -0.170873672 0.00924326107 -1.67369449 -0.599080384 0.116571151 0.724352181 -0.0952609181 -0.389520079 -0.131394207 0.430480808 0.268984318 0.154355258 -0.126700997 -1.14247215 0.577778816 -1.01596117 -2.94498158 0.111356489 0.154201508 -0.406365603 -0.296494961 -0.099379912 0.37063849 -0.0624272302 -0.128979653 -0.146370873 -0.437598318 0.294833124 0.166963473 -0.055790063 -0.0869897455 -0.151465267 0.0218068808 -0.114119612 0.231884584 -1.47930408 1.35080326 0.206682578 0.227899253 0.119799025 0.00171213609 0.180987567 0.208084419 0.326956093 -0.0583083518 0.369561374 -0.454936057 -0.0232031383 -0.703340888 0.0259560682 0.0407562852 -0.72076416 -0.0692810863 0.361790568 0.373898476 -0.0610008612 -0.0814536884 0.120830715 -0.412474096 -0.158255994 -0.000174006418 -0.175959229 -0.125350639 -0.276781052 -1.1739639 0.048864875 -0.170489028 -0.340858907 -0.193873838 0.116318479 -0.271885216 -0.156445414 -0.274160355 0.215267837 0.222602457 -0.0753796548 0.0637745261 0.508356333 -4.24247646 0.0129947187 0.0263248943 0.183654144 0.0742885843 -0.0234345347 -0.107012436 0.0271732677 0.356845886 -0.0385349393 -0.368951827 -0.00085191679 0.0142027009 -0.000291979202 -0.356929094 0.388681173 -0.184474796 -0.398557842 0.0466597788 -0.050236132 -0.193358794 -0.0251591839 0.0474879183 0.0523340143 -0.0374760479 0.145901576 -1.44190443 -0.224475026 0.351650894 -2.73330092 0.986624122 -0.0314236619 -0.18484062 0.213519499 0.0170387048 -0.103208698 0.17004627 -0.194117919 -0.143011034 0.0828690827 -0.6510939 0.0281293634 0.41940093 -0.541335583 -0.442532003 0.650988162 0.0964859426 0.402997583 0.404251933 0.00202726689 -0.522605658 0.338217914 -0.346918434 -0.181928471 -0.0468815453 -0.309751123 -0.00608158065 -0.223738849 -0.0503737703 0.104428329 0.338550001 0.0753358081 0.0453940108 -0.0976998955 0.747674584 0.122033894 0.1080046 0.0564032272 0.0684703588 0.122464299 -0.194691405 0.056020163 -1.99101532 0.0838478506 0.0681952536 0.113252923 -0.102260143 0.0234489683 -0.0136307133 -0.372413188 0.295290589 -0.00393427722 0.241898254 -0.0903412253 -0.00544288661 0.59539026 -1.22015393 -0.411327511 0.00290679466 -0.401896298 -0.0222080946 -1.39301801 0.0444535576 0.0504816659 0.0223518386 -0.641503572 -0.0671295747 0.0324336477 -1.58347905 -0.369069815 -0.0332033522 -0.00827739947 -0.0211312678 0.149950579 -0.275823206 0.193771958 -0.565624475 0.2299207 0.135337129 -0.100009516 0.618599951 0.471522957 -0.0941459164 0.899531484 -0.502037764 -0.061025463 -0.430938661 0.40326634 -0.044413358 -0.0624333061 -0.120462172 -0.323351622 -0.456895649 -0.689561605 0.379505455 0.361584395 0.053752508 -1.2504077 -0.104358606 0.233321875 -0.327452153 -0.109416179 0.441150337 0.0790256634 -0.0925857946 -0.0121793281 -0.0136122229 -0.0762059614 -0.139798641 -0.0204829741 -0.402470231 0.248359174 -2.03585553 -0.0898151025 -0.159024641 0.543412149 -0.208538696 -0.218376979 -1.25131166 -0.0119525678 0.0877459198 0.241914332 -0.0534017049 -0.213590458 0.903515458 -0.13428916 0.592423141 -0.439136982 -0.381692737 0.00436978228 0.0312698334 0.0344433635 0.689069271 0.20582141 0.454897523 0.0459263362 0.802058578 0.160863191 0.673498333 0.10795182 0.0406140648 -0.664076924 0.00233543362 -0.135571986 -0.752928495 -0.347187847 -0.0659045652 -0.16290836 0.190875769 -0.231188878 -0.102639779 -0.165036783 -0.0835261047 -0.0692099631 -0.349850506 0.124908939 0.146017849 -0.0828304291 -0.160543546 -0.117052391 -0.554486275 0.322217196 -0.389064521 -0.345901132 -0.137931854 -0.00615974329 0.279381245 -0.317610055 -0.17994383 -0.338015646 0.756524324 0.308122873 -0.395004958 -0.130460128 0.021905737 -0.0198784731 0.0871678218 0.156803623 -0.188266903 -0.0857904926 -0.0273678936 -0.268402219 -0.0445838012 -0.103210725 -2.06538272 1.15526187 -0.324771702 2.74420881 -0.0571909286 0.214178756 -0.119466074 -0.279748738 0.0552032553 -0.159811512 -0.295767099 0.0888737589 0.169122681 0.552061915 -0.315636992 0.271824718 -0.250731409 0.220144838 0.153224558 0.426053077 0.254848391 0.0814304724 -0.0476356633 -0.90107578 -0.450807303 -0.111736886 -0.0264189113 0.155886546 -1.02195096 0.0417848341 -0.012564579 -0.0988442376 -0.685494006 0.386012226 0.0806252658 -0.0739393681 -1.36362684 -0.152686402 -0.70774591 -0.0167341027 0.00260641659 0.0694889128 0.111398175 0.19318375 1.07014954 0.25607574 0.0864977241 0.203644618 -0.272916764 -0.0414401852 0.0541215576 -0.220969498 -3.1770215 -0.168155059 -0.141481057 -0.37999329 -0.0236011203 -0.0388820656 -0.337016404 -0.513543785 0.131323472 -0.0560670383 -0.0478528552 -0.0580256246 -0.143878624 0.115965538 0.239156067 -0.281583965 0.0808807984 -0.127477646 0.247543558 -0.114911698 -0.0221695453 -0.755876899 -0.441836715 0.182258889 0.12530373 -0.821579933 0.268095464 0.0262305476 -0.22602804 -0.0334519185 -0.568006575 -0.046073135 0.0104775792 -0.174058095 0.922912359 1.48816359 0.00720345508 -0.473813564 0.437672228 0.074395664 -0.176154971 -0.184345767 0.766427875 0.120154351 0.127546042 -0.748797297 -0.0976518244 -1.73275661 0.140230954 -2.27234435 0.239581287 -0.154145449 0.023819834 -0.00229859282 0.404105365 -0.827276349 0.403635502 -0.025631329 0.0767969415 -0.142391831 0.130299121 -0.017198287 -1.04906392 0.0926720947 0.0874926448 -0.00575674232 -0.200777143 0.26162383 0.11632321 -0.0437939577 -0.256764531 -0.271442145 0.0639559925 -0.060452871 -1.35598183 -2.91411114 -3.60478616 0.180127218 0.0198144894 0.624205828 0.0374714136 0.330235422 0.217717931 -0.225837007 -0.0625635833 -1.11780512 -0.154016539 -0.00572064985 -0.227278441 0.549160779 0.190864265 -0.111344628 0.00949883088 0.299875677 -0.648931742 0.11968106 -0.227924094 0.0901012644 0.379246742 -0.194865823 0.254979074 -0.362974346 -0.0882200599 -0.301704824 -0.549079418 0.0746745318 0.314514428 0.0764555633 -0.427853137 -0.0980493724 0.0714756027 -0.198872522 1.09311783 -0.217813313 -0.406949431 -0.0470143743 -0.322030872 -0.732259989 0.129082516 -0.0258085076 -0.452212334 0.261627078 0.0769770443 -0.115589447 -1.11071754 -0.356744349 -0.843333066 -1.71570885 -2.3167963 0.185004696 0.100309871 0.391796291 0.0501883999 -0.161328509 -0.265813738 0.478141487 -0.0413782522 -0.907463133 0.194050893 -0.0125013106 0.143291026 -0.0583717376 -0.0145454118 -0.0941208005 -0.0149399303 -2.15722036 -0.473400235 0.316254169 0.0701239407 -0.221395642 -0.357769251 0.0774538144 0.197933495 -0.0542555153 0.696614087 0.062358629 0.585080087 0.3081159 -0.117516413 -0.149053708 0.0276219193 0.12218564 0.283638954 9.94706425e-05 0.106853038 0.286939561 -0.583488643 -0.112603463 0.0201267358 0.170150623 0.405147851 0.125116855 -0.0870158449 -0.274174362 -0.184238017 -0.280333459 -0.453353226 -1.22418952 -0.0377915986 -0.0819826946 0.0230784062 -0.0725646466 0.0637544841 -0.0782139525 -0.0698433146 0.042725794 -0.254024953 0.180254325 0.164051712 0.0715936124 0.0226985496 0.275781423 0.690076947 0.292319298 0.0724903718 0.623615921 0.0256969556 -0.720726132 0.0770291165 -0.0569742955 0.0390837267 0.0413707942 -1.25642347 0.463151455 1.0502851 -0.679259539 -0.184307337 -0.548862457 0.07630907 0.0954819247 -0.461610466 0.052420564 -0.0426603518 -0.668265045 0.150482357 0.0185983758 0.244012818 -0.355466247 -0.432228714 0.133782521 0.0718727857 0.494496614 0.0995188206 -0.175758719 -0.365069091 -0.164694995 0.130307809 -0.433900476 0.125429973 -0.222640768 -1.36288548 0.176257744 -0.919053018 0.0554702394 0.620676458 -0.00470443117 0.146727175 -0.843947709 0.301089704 0.1495976 -0.743767977 -0.0302656274 0.369412839 0.364600658 0.138536185 -0.465248227 0.311481446 -0.0682808459 -2.13659358 0.0819509625 -0.0957107693 0.287587911 0.0152948415 0.27781707 0.252221823 0.390545428 0.232642382 0.0270669591 -0.486980885 0.427565962 -0.185043842 -0.121184692 0.039472267 -0.317587286 -0.02620342 -0.0572843626 0.381246865 0.00825684331 -0.0391440839 0.0340819731 -0.132122234 -0.0256210547 0.0137124518 0.0613384098 0.821928799 0.738337517 0.39440167 0.0606780164 -1.25334609 0.000854660873 0.630926251 -0.00118084089 -0.230624914 -0.190013543 0.936750412 0.218322724 0.400525331 -0.20345971 -0.0575600602 0.149392977 -0.181935981 1.37290251 -0.0131100342 -0.0148237487 0.888954222 -0.00940624438 0.19253993 0.158223912 0.603364587 -0.2236581 -0.107796334 -0.0462021567 0.106537096 0.114927247 -0.273145586 0.542840779 0.402536839 -0.364711493 -0.145359993 -0.0857646316 -0.640186071 0.0372973531 0.379010707 -0.0846416056 0.0563265011 0.463079423 0.370435953 -0.0167935155 0.69022578 -0.0509770252 -0.0213416293 0.387024581 0.547156155 -0.382450193 0.425519854 0.0369819365 0.130503938 0.0798703209 -0.0209107604 -0.0959166884 0.190471336 -0.319058478 -0.126987711 0.167884573 0.678501487 1.57350254 -0.130533516 0.307338089 0.463430643 0.0446114689 -0.0111337798 0.386222035 0.193539903 0.383434683 0.581690073 0.185188994 0.129815415 -0.153138369 -0.033984717 -0.0326033793 0.37956515 -0.0965501666 0.374931484 0.0341954082 0.00755652925 -0.193105787 -0.0615813732 -0.0490436368 0.01220774 -0.0705191121 0.674179137 0.0746645033 0.347138524 0.0746002719 0.0228373855 0.568703175 -0.285848081 -0.0425672345 -0.713087082 0.299540281 0.12733683 -0.165558293 0.0825819522 -0.554731965 0.00235607941 -0.0903993994 -0.24291864 -0.970507741 -0.121870309 -0.340137333 -0.0826262012 -0.165525347 -0.0919117332 0.859080017 0.0117800441 0.00959043019 -0.121516794 -0.0145784523 -1.60904992 -0.0105277495 -0.384302944 -0.109852158 0.368187577 -0.0810722187 0.0913699865 0.0403536074 -0.0244768262 0.158568621 0.110525526 -0.557509899 0.809131622 0.412431657 0.570353568 0.334404558 -0.103166543 -0.0810565054 0.152357236 -0.0637979582 -0.0425145105 0.378246158 0.0927905813 -0.33302176 -0.178573951 -0.00292065484 0.484767318 -0.172106832 -0.0121244192 -0.247231498 -0.125351489 0.378677726 -0.00512904441 -0.271091968 0.282199353 0.315942705 -0.32767266 0.292872101 -0.208040565 -1.06362784 0.00129946833 0.822251439 0.168871164 -0.398284107 -0.617952883 -0.285732567 0.31050697 0.326647758 -0.289922506 0.037597578 -0.523026884 -0.644666493 -0.00841644406 0.0391966887 0.309361339 -0.19942221 -0.264831871 -1.1738292 0.177782863 -0.187268257 0.175342754 0.0740826502 -0.356498152 -0.404789954 -0.214005113 -0.188841254 -0.00728016952 0.226189226 -0.358261019 -0.388381332 0.507465363 -0.125766188 -1.20150352 0.467626542 -0.527407825 1.10184753 -0.130479023 -0.0327916406 0.8970294 0.0791991279 -0.0253778379 1.00999475 0.0995647237 -0.026986355 -0.166357651 -0.980943322 -0.474431396 0.123602621 -0.567032874 -0.190195158 -0.444853872 -0.564158857 -1.50406539 0.0999644771 0.103399813 -0.591511726 0.105651148 0.155298501 0.29283765 -0.0544313565 -0.428783923 -0.225100011 -0.107444033 -1.63645732 -0.184708104 -0.546147764 -0.241680369 0.0559683107 -0.262854218 -0.165136367 0.772093415 0.0018972978 -0.101221718 -0.181087524 0.720273435 -0.114439085 0.576448202 -0.19824928 -0.429032356 0.428877503 -0.0111220116 0.331434101 0.362271935 -0.202982873 -0.167530939 0.594208479 -0.024379788 -0.403013796 -0.15177381 -0.333646327 -0.19833751 -0.252181053 -0.0246796329 0.0439423583 0.296884418 -0.15960595 -0.0991383642 -0.0202635471 -0.140117168 0.0185814928 0.261888981 0.0069969967 -0.0813273489 -0.405468673 0.241173178 -0.149719745 -0.583562732 -0.477794915 0.829231083 -0.226749748 -1.11398411 0.11630597 -0.824637473 0.43096441 -0.159995332 0.0200448278 -0.4939138 0.308267683 0.0215878692 1.42829156 -0.593739033 -0.1597334 0.295738459 -0.272132486 0.261889786 0.0562359281 -0.11346896 -0.139365122 -0.00584946992 -0.0252693724 0.495512992 -0.00345952576 0.0587655753 -0.728015006 0.0324879549 -0.729083717 -0.195460647 0.100004949 -0.497954905 -0.240521848 -0.0121525051 -0.022246914 -0.0361489318 -0.128161177 0.0660313517 -0.120562494 2.28321147 0.0993727595 -1.11606693 0.0580848791 0.0763742551 0.0406901687 -0.0718662366 0.0767433569 0.0871624425 -0.10024862 -0.173088446 -0.167357445 -0.11079897 -0.0250606835 -0.202845022 0.00924941618 0.123814769 -0.33904618 -0.327620953 -0.0663580671 0.147691429 -0.0474381335 0.116450906 0.708913088 0.0663541034 0.318528265 0.103532806 0.00246353028 0.222513154 -0.114907444 -0.470876962 0.329344124 -0.140951097 -0.1708211 0.238252938 0.377754778 -0.786758602 -0.0325739123 -0.221436471 -0.244736314 -0.0583748333 -0.802341521 -1.61489093 0.380652398 -0.225335211 -0.67871654 -0.530673623 0.458119184 -0.341860354 -0.449070156 -0.615628004 0.21729736 0.606442571 -0.2781941 -0.0485568568 -1.01875603 -3.6991055 0.0986081734 1.43716705 0.0831185803 -0.0468193106 -0.190854624 -0.292351425 -0.147837833 -0.4952133 -1.1278398 0.240313753 0.150954023 0.0848849043 -0.341606885 0.178352386 0.327857316 -0.258200586 -0.547471225 0.0596298501 -0.242390007 -0.729043722 0.0118452366 -0.0219037402 -0.0346190184 -0.045193933 0.290265173 -2.2857039 -0.153175235 -0.23211728 -0.688413262 0.692257941 0.0185366273 -0.149713144 0.0732844695 -0.398675531 -0.209698662 0.0293490812 -0.319318503 -0.0630037636 -0.0590140931 -0.690928578 -0.0450148806 0.345680237 -0.386834711 -0.321321189 0.211222574 0.0292901155 0.309591889 0.116616577 -0.0971895978 -0.797451556 0.323373169 -0.776319683 0.227886111 -0.0614986643 -0.828517377 -0.0628419816 0.0195489507 -0.163800746 0.340094835 0.544133008 0.277646542 -0.118072264 -0.459581852 0.514877319 0.184228733 0.152494937 0.0253852811 -0.376712441 0.156888172 -0.503462553 -0.0124683147 -2.48115826 0.0189155024 -0.145228326 0.139894724 -0.339397401 0.217249587 -0.0727471709 -0.22837618 0.55057478 -0.0280604288 -0.0460246205 -0.0639031455 0.389097065 0.379759312 -0.870020926 -1.35813069 0.114720538 0.655927658 0.120324075 -2.35293722 -0.262684941 -0.17336002 0.120880775 0.189513117 0.0077568749 -0.0528353974 -0.0925447494 -1.01362312 -0.577639461 0.145566881 -0.00538906502 0.0327081308 -0.840025961 -0.178508475 -0.541735291 -0.060540121 0.0406336486 -0.239249364 0.299146265 0.313877732 -0.185913831 0.314917892 -0.801103413 0.0443495363 0.436982691 -0.191970766 0.298660457 -0.688323557 0.129757836 0.414011329 -0.502435923 -0.266290754 0.145966679 0.154471487 0.117242329 -0.477984726 0.234536469 -0.0138325524 -1.16487002 0.0764892399 -0.317612797 0.309975237 0.0325950161 0.0914641693 -0.167319015 0.80069685 0.147105709 0.00757827936 -0.713143229 0.246680588 -0.194519565 -0.121930204 -0.292399704 -0.509614944 -0.049851615 -0.0677127838 0.0549714826 0.0422149971 -0.0922335535 -0.024778476 -0.192182049 -0.125354618 0.45497337 0.0209356491 0.653657734 0.456960648 -0.0249344241 0.0116962632 -1.22261584 -0.151620612 0.636821568 0.025712803 -0.396330118 -0.237137139 0.124658182 0.535021782 0.461543947 -0.109630376 -0.0865957811 0.136592597 -0.296725631 1.58837783 0.0655132979 -0.207216769 0.435090423 0.0401609875 -0.30747968 0.311356634 0.615797281 -0.455295533 -0.158472657 0.416355729 0.131355807 -0.231746033 -0.349944204 0.384733647 0.427244425 -0.433406472 -0.111910902 -0.280462772 -0.710087001 -0.216287374 0.435855061 -0.0028012218 0.103785343 0.975899994 0.247859776 -0.0497838706 0.618242383 -0.173210368 -0.0999279916 0.653468966 0.428963006 -0.286477357 0.524289191 -0.0522670299 0.0893975273 0.0572036467 -0.125703335 -0.109384164 0.202450395 -0.227575496 0.128173202 0.349936575 0.425313145 0.818473637 -0.173417524 0.167762265 0.611226618 -0.146519706 -0.181730628 1.19666719 0.188173398 0.173652455 0.099339895 -0.299267948 0.155785397 -0.195177659 -0.0905940682 -0.260191917 0.316232681 -0.147899121 0.0674385577 0.255590767 -0.187065616 -0.310882419 -0.0464730449 -0.0700618327 0.0613988675 0.787745535 -1.08108592 0.140190601 0.423633009 -0.000307687471 0.229584366 -0.450756043 0.221127242 -0.143288895 -0.471925884 0.074664712 0.437117428 0.175744474 0.29590112 -0.372807205 0.305119991 -0.0909786299 -1.32391965 -0.0659889579 0.0561190657 0.357515663 0.156490475 -0.150183976 0.145729154 -0.37948072 0.374211609 -0.56178683 -0.411061257 0.233528093 -0.603031635 0.0493583791 0.326414764 -0.263983577 0.309387356 0.0944600403 0.290480554 -0.0847846568 -0.0741235688 -0.0180776827 -0.0150586069 -0.0925831199 0.198750257 -0.0494983047 0.342282027 0.209253743 -0.315634906 0.122346282 -0.780654013 -0.0180028081 0.0283347722 0.169966325 -0.390585244 -0.180481255 1.05106735 -0.300787926 0.28497678 -0.423265874 -0.153644577 0.0119419238 -0.0382338576 2.51685882 0.0409839675 0.0723764747 1.05577099 0.042055767 -0.172423884 -0.0356046893 1.08348393 -0.427648574 0.0267424043 0.0150474859 -0.161062121 0.304626822 -0.0219585672 0.900008678 0.428426594 -0.0835605115 -0.0952309668 0.213047326 -0.907141685 -0.260614574 0.538316548 -0.0877263993 0.150236815 0.0347685479 1.47533226 -0.159736678 0.465170711 -0.304004669 -0.0506086498 0.0408173725 -0.347801358 -0.302861422 0.419953495 -0.293342561 -0.0936505497 0.18538782 -0.1672602 -0.0202862676 0.32518369 -0.340284526 -1.50909948 -0.0644704401 0.121071331 0.765707731 -0.177717224 0.218853772 0.0571810901 -0.130377352 0.14775759 0.320650071 0.235729724 0.200805172 0.723345876 0.384731203 0.240871459 -0.221732244 -0.0400773734 -0.106567651 0.475126624 -0.292384148 0.760978997 -0.355751753 0.0604624934 -0.289937168 -0.0415213034 0.0365780592 0.0177178048 0.273180336 -0.815463841 -0.218251914 -0.199976146 -0.0465339124 0.293509871 0.0364655405 -0.175355539 -0.206973612 -1.64174485 -0.404509157 0.261095703 0.206485569 0.0332455784 0.0793876201 -0.124803692 -0.18304202 -0.0454313345 -0.223176345 -0.172264025 0.104897358 0.0182187278 -0.302537113 -0.39272216 0.829719901 0.439528257 -0.379538 0.0878887028 -0.5803563 -0.54632628 -0.102097981 -0.178799167 -0.338608265 0.118705936 -0.160516694 0.13546291 0.00608192431 0.025979938 -0.0319660418 0.0686280206 -0.044050239 -0.706574976 -0.138556719 0.849661946 -0.429611862 -0.711831689 0.315073371 -0.244452849 -0.0949407369 -0.483412206 0.627099454 0.490110785 -0.22783649 -0.195721149 -0.275425315 -0.306656986 0.0104943328 -0.0714512989 0.379146457 -0.257872134 -0.315156907 0.0119042983 -0.0968119428 0.0249374844 0.0603435189 -0.0388712622 0.266112983 2.40591192 -0.316139102 0.0796770006 -0.139429465 0.233012795 0.110115908 0.231556594 -0.025154721 0.149666831 0.158680007 -0.189109176 -0.147530973 -0.0646219328 -2.31879354 0.350598335 -0.0140335755 -0.214126989 0.956382215 0.805151761 -0.0724148378 0.304802775 -0.080752559 -0.0153104709 0.109561928 -0.30323571 0.0437032282 0.0380267687 0.150987878 -1.32597613 0.184662759 0.00436980929 -0.049192775 0.260136187 -2.22749472 0.0626356527 0.386545658 -0.175561875 -2.79098296 -0.062272843 -0.26161322 -0.034933798 -0.333956361 -0.00456742756 -0.0146864783 -0.0972966701 0.0560537018 -0.392602205 0.230898559 0.315143347 0.0796054155 0.00918243639 0.157222807 0.45492968 -0.185999215 -0.646528184 -0.0474323072 -0.228768066 -0.0319471434 -0.0737877414 -0.0129853263 -0.0165589694 -0.136664569 -0.777748287 -0.516595483 -0.15418233 -0.0124116912 0.150062591 0.273282647 0.185081735 -0.104704827 0.246523187 -0.120671801 -0.230037346 -0.00957857445 -0.290179998 0.0104314573 0.0798545033 0.0310836826 0.316624373 -2.66138935 0.155419379 -0.349810541 0.0411354862 -0.470685005 -0.124787763 0.334455132 1.55106282 0.345182151 -0.637859106 -0.492394954 0.324889123 -0.263359129 -0.689376175 -0.0145260282 0.0498093851 -0.150303543 0.145942718 -0.0725431517 0.167241514 0.101008058 0.00602298137 -0.947342098 0.965401828 0.127666563 0.157262892 0.00579746254 -0.26129514 0.0364968441 -0.0166243352 -0.294503897 -0.165761247 0.0599849671 -0.211372629 -0.958538592 -0.118488282 0.185539931 -0.372938693 -0.36470452 -0.72821492 -1.36743855 0.12369556 -0.054976292 -0.399053603 -0.272514373 0.452829421 -0.601692438 0.033403635 0.124768361 0.63575393 -0.201848656 -0.0251500364 -0.0709263161 -0.782681227 -0.109498501 -0.212175936 0.287137479 -0.0738908425 0.355756968 -1.42546558 0.176785484 -0.0925617963 -0.000351038761 0.178556681 0.0306641385 0.177341893 -0.212770432 0.0336550884 -1.926072 0.584967136 -0.106619991 0.284387916 0.173284784 -0.213877469 -0.0970753953 -0.41772598 -0.258786917 -0.690217912 -0.0477242917 -0.199747369 -1.6890775 -0.216277808 0.267970562 -0.858151436 0.457927287 -1.21073639 2.02701759 -0.322941989 -0.754722178 0.194222108 -0.513754547 0.12226209 -0.284236968 0.159666911 0.202394918 -0.164452493 0.0269251931 -0.610622823 -0.0836400986 -1.23227262 0.135364264 -0.208549112 -0.0893775374 0.021607032 0.432039559 -0.288505077 -0.232064009 0.135886788 -0.199284583 0.0561701618 -0.304647207 -0.876821101 -0.21119912 -0.495506763 0.412775218 0.246297166 -0.385876954 0.0455358885 0.193793401 -0.206786469 -0.342181772 -0.128208175 0.0864545852 0.100334786 -0.842572689 0.0311334133 -0.466290444 -0.127100289 0.09811984 -0.118270062 0.324596882 0.0324169397 -0.416612536 -0.374374986 -0.188949257 0.175154597 -0.177580059 0.33851409 0.797858179 -0.101697326 0.280021757 -0.0266889408 0.140912041 0.106359974 -0.234424427 0.12254668 -0.0272642504 0.084295325 -0.0542075373 -0.0500718579 -0.0826015547 -0.362519354 -0.0730291232 0.0981192738 0.74012816 0.660387456 0.0272490792 0.0590839759 -0.203649908 -0.169163182 -0.122507796 -0.391483396 -0.0403507687 1.34925687 -0.134126693 0.0485807136 0.0075341044 0.0844575241 -0.337025821 0.0504369289 1.81591904 0.22594206 0.362683356 0.109489672 -0.211193144 -0.470408589 0.0124863172 0.432994962 -0.638863504 0.181238353 0.965973139 -0.00300266501 0.0948796645 0.0855212584 0.127060294 0.99782294 -0.292731732 -0.332559049 -0.524599969 -0.233854294 0.18455106 0.476031423 0.274760425 0.0653178468 0.222443029 -0.12920931 -0.0520818718 -0.51812309 -0.608761787 -0.108842656 -0.295609474 0.286224842 -0.87961477 0.301853776 -0.532090843 0.0640242174 0.237785161 -0.141908735 0.103287637 0.49771744 0.245561719 -2.22747254 0.30681929 0.464803368 0.412319958 0.0451978408 0.445939928 -0.0172359403 -0.238913581 -0.069989033 -0.145843729 -0.129624009 -0.295686871 -0.201195434 -0.199558288 0.143082261 -0.232816443 0.0386544168 -0.162575319 -0.237777159 -0.42653504 0.6094262 -1.16637313 0.0536780842 0.00640599662 0.644803584 0.290912032 -0.270764083 0.248564616 -0.538684964 -1.81018937 -0.258065581 -0.421213686 -0.0696088001 -0.0654491261 0.00857750606 -0.102554247 -0.319127142 0.119420655 -0.0759466216 -0.0619704686 0.431076497 -0.142485961 0.0498942286 -0.225654751 -0.883382857 -0.0897624344 -0.0225866418 0.0185459424 -0.0454433784 0.20224756 0.398191601 -1.20896816 0.053674113 -0.330337703 0.0748668611 -0.380286932 -0.547519326 -0.0528046265 0.214214996 0.549279928 0.80774343 0.081653364 0.152625784 -1.38951635 0.0586836711 -0.0176488105 -0.0349242166 -0.0241934434 0.37711671 0.222293556 0.15200232 0.66094619 -0.154020622 0.0652712286 -0.266670883 0.163572758 -0.152572408 0.0255915951 0.28390801 0.155612722 -0.227868065 -0.207762435 -0.0245185122 -1.443753 -0.199379787 -0.123987488 -0.00421396689 0.547317505 -0.202488437 -0.0176307019 -0.312855363 0.0136326328 0.220332667 -0.0741959661 0.0416174158 0.233156264 -0.0206057001 -0.100503676 0.00451767072 0.0523383543 0.610908449 0.215120077 -0.484021723 0.166879714 0.0282201581 0.0636463985 0.0294950232 -0.423121423 -0.168760568 -1.31833434 0.0785018355 -0.0950605124 -0.656386793 -0.0104790302 0.0263162535 -0.121056832 0.0254090149 -0.252578437 0.366655976 -0.0926499292 -1.44667554 -0.237753704 0.00966377556 -0.0182079189 -0.0768584609 0.0694542825 -0.245126456 -0.560110211 -0.129884526 0.0123077389 -0.0296378694 -0.102128938 -0.177207664 0.00357732782 -0.375882149 0.0112724071 0.492192119 0.277706653 0.0861908272 0.590208352 -0.169674411 0.239708692 0.20514825 -0.0130738951 -0.0101703182 1.107903 0.0656429604 -0.387998372 0.387847513 0.145551935 0.0987822488 0.00179425429 -0.425636888 -0.196334973 -0.0705362707 0.00702029373 -0.496909142 0.189834803 -0.171910569 0.0823994204 0.0871607363 -1.02261031 0.384049118 -0.0890420377 -0.681340933 -0.182499498 -3.9853878 0.195482686 -0.0791333616 -0.156945169 -0.168176726 -0.0577610545 -0.613573074 -0.0625634268 -0.251596451 -0.580828488 0.0571019948 0.40544495 0.558947682 0.87672472 -0.208677188 -0.114910357 0.0519111902 1.030689 -0.0709863827 -0.184580922 0.193323672 -0.177556664 0.0655026883 0.0730333179 -0.467654884 -0.0187474694 -0.301555812 0.0127906911 -2.61643314 -0.0360862948 0.545265675 0.133525312 -0.174364194 -0.0535462834 -0.685058594 0.11950618 -0.414977998 -0.0783512592 0.707490385 -0.0460403077 0.136697695 -0.0526994728 -0.00203820667 0.37503013 -0.484529197 -0.10159874 0.00960379094 0.100237839 -0.335514605 0.0309369862 0.216864109 -0.760378003 0.0110066682 -0.274828553 0.0585427172 0.227950945 0.229757786 -0.0547616072 -1.85684049 -0.276723951 0.040127594 -0.221341193 0.0366789959 -0.245568797 -0.11819578 -0.895207167 -0.136183783 -0.264765054 0.243483901 -0.576976359 -0.159974247 0.00980777573 0.103898399 -0.089629598 0.52524662 0.0665735677 -0.452034622 -0.0446955338 0.0184202064 0.0248669907 0.060403198 -0.298438847 0.285900027 0.103922471 -0.143626869 -0.0954062343 0.076423794 0.0446847267 -0.239273906 -0.568515837 1.25812173 0.380658984 0.613450825 -0.343404382 0.183556244 0.0530725084 0.178924963 0.279838592 -0.0917057917 -0.333023101 -0.329828113 -0.0866074339 0.548810542 -0.148806363 0.0783741251 -0.280377448 0.0922685713 0.302618653 1.10969138 -0.0504631065 0.142384499 0.00308950222 0.057956364 -0.157094717 0.295333564 -0.308602989 0.122943677
tensor_linearrelustack9bias 1
-0.514849126
tensor_linearrelustack0bias 128
-0.306373 0.842655182 -1.26511681 -0.22302486 0.857181489 -0.62124002 -1.14694464 -0.202513739 0.56156373 -1.21576858 -0.305576682 -0.967218101 -0.206729934 0.242272168 -1.0703733 1.01273131 -0.38066718 -1.35995674 -0.86527276 -0.233359829 -0.156542391 -0.16367498 -0.188186884 -0.293375283 -1.15098619 0.922518253 -0.389599442 -0.192912728 0.0816830099 -1.29060078 0.328716636 0.164434642 -1.04854071 -0.487239748 0.167430922 0.0287467204 -0.226146385 -0.739142895 -0.882682204 0.428389132 -0.464790732 0.194448262 -0.319344074 0.649475336 -1.33672702 -0.640780985 -0.636036813 -0.223381013 -0.141139701 -0.159360141 -0.469516963 -0.358326763 -0.171419427 -0.805037498 -0.801701486 -0.410084575 -1.10296512 -0.799760342 -0.44045192 -0.899508238 -1.10473394 0.269927591 0.0262766555 0.825414598 -0.360269189 -0.88182658 -0.668378413 0.657916903 -1.07302797 0.213049933 -1.10114646 -0.268290073 -0.908993542 -0.405975133 0.812171817 -1.00992525 -0.998351932 -0.768614948 -0.864132583 -0.437260062 -1.03964138 0.790484428 -0.518383265 -0.381450117 -0.614330351 -0.143064961 -0.0077633583 0.727699041 -0.33675611 0.58879298 -0.231198624 -0.611367524 -0.987276554 -0.410529196 -0.818690479 -0.661254585 -0.405299306 -0.442027032 0.0669154599 -1.19576299 -1.2896837 -0.846992373 0.422182649 -0.0793260187 1.1014992 -0.220467046 1.01750314 0.921030521 0.210964039 -0.123779513 0.856135428 -0.323654652 -0.324943572 -1.16324186 -0.418639898 0.623752773 -0.488356322 0.125621021 -0.769270241 0.702715635 -0.257391483 -0.729315937 -0.742581427 0.0910553932 -0.472195655 0.835106373 0.19885388 -0.419216096
tensor_linearrelustack6bias 16
0.0867142156 0.583686471 0.661462247 -0.181342676 0.150264651 0.6301651 -0.133119181 0.120382763 -0.355778188 0.546521068 -0.40358457 0.542848885 -0.00932587124 0.144382507 0.241355971 0.529320955
tensor_linearrelustack0weight 2560
-0.48740375 -0.290475488 -0.271463424 -0.00541886268 0.0333489776 -0.138824493 0.0246993806 -0.109726079 1.27156889 -0.420559049 -0.0887374282 -0.581960142 0.331255317 -0.18786706 0.123125948 -0.043852631 -0.0791815445 0.152784541 0.11298307 -0.461271197 -0.156846449 0.302455366 -0.309062421 -0.00689592119 0.00285382126 0.102789171 0.00783766434 0.0512426794 -0.378558636 -0.0381368287 0.031064501 0.100439124 0.708707035 0.214755848 0.0221729595 -0.0830588415 0.702519953 0.0110237859 -0.027869774 -1.75147557 0.170585841 0.195943728 0.338595241 -0.0768422857 -0.119171567 -0.102165088 -0.0335579515 -0.115174592 0.137901083 -0.211867124 -0.126191169 0.0339829102 0.209074512 0.0957330763 0.101429857 0.585298955 -0.446088403 -0.00232342188 0.0491243005 0.168987036 -0.244311139 -0.182506412 0.0808663294 0.0105159404 0.118033305 -0.0119103827 0.000371658971 0.0283489712 -1.07845628 -0.89214009 -0.0759597868 0.892997861 0.0686575547 0.249248102 0.306951612 0.0161196627 -0.199181646 -0.0425743721 -0.225480452 -0.0818861425 -0.171938881 0.0747525692 -0.0563195907 -0.00436355406 0.0328786522 -0.123958103 0.118983477 -0.0858079866 -0.241260976 -0.177738488 0.106331773 0.497343153 0.368616879 -0.280820787 0.259901673 -0.0400585346 0.472933501 -0.0327839553 -0.263354987 -0.873988807 -0.0525630377 -0.109872058 0.0297001209 -0.05598161 0.00282878499 0.0148727298 0.0347166881 0.102191731 -0.147353426 -0.0597921684 0.0522194803 0.301068038 -0.357059002 -0.390486419 -0.972764671 -0.0206293706 0.520309031 0.361705303 0.30007863 0.400036037 -0.0289316587 -0.0418707654 -0.0142694404 0.0555949919 -0.0364357531 0.0466170795 -0.0162642542 -0.80711621 -0.0928360373 0.0857640132 -0.221675813 -0.19931002 -0.166127697 0.0400473028 -0.115308113 -0.0567887984 0.129051119 -0.0768479183 0.00666982867 0.0130796228 0.272071749 0.122565337 -0.200428396 0.0642389283 0.239047989 0.658294857 -0.205075711 -0.384201914 0.0206308607 0.274373978 -0.206665069 0.309361219 0.510651886 -0.0189740099 -0.325903058 -0.107320674 0.161740899 -0.19112812 0.0964766145 -0.709838569 -0.120495543 0.0791242644 -0.134285167 -0.122829482 -0.089654468 0.277095973 0.0319838598 0.00631401921 -0.683213353 -0.340760052 -0.0763697475 1.0506351 -0.254454076 0.0804495141 -0.0301786121 -0.0650414079 0.289372623 0.138143465 0.0184649657 -0.148500755 0.0458653495 -0.0755274892 -0.0245451741 -0.0321708322 0.0495330431 0.00295277429 -0.0198621489 0.0422843061 0.125052154 -0.139376774 0.174472213 0.00213103672 -0.190957263 0.0729786307 -0.441468269 0.0315429009 -1.04085612 0.172142491 0.166023672 0.109370887 -0.276326925 -0.268322468 0.199777037 0.154429421 0.0919983536 -0.117302977 0.0274436753 -0.0811390206 1.07259297 -0.0778877065 0.0246024188 -0.800687492 0.158597723 0.033644136 0.140040874 0.0810949951 0.0254183915 -0.566463053 -0.181742251 -0.176526889 0.0259449612 -0.110017478 -0.162856311 -0.0738882571 -0.403077304 0.0422257595 0.0566414148 0.100271232 -0.234659299 0.0149792386 -0.178523004 0.205140606 -0.0171462893 -0.518494248 -0.530364454 0.105526045 0.828599513 0.419759363 -0.861708403 -0.32869792 -0.214596584 -0.0676510185 0.328208506 0.143241197 0.0375664905 0.217041016 0.00140347623 0.036746189 -0.570725143 -0.271351755 0.0317854919 0.897704482 -0.189728066 -0.420769036 -0.133517504 0.0683631822 -0.277831703 0.284138829 0.194266006 0.230289578 -0.480389982 0.264885008 0.00842752866 0.0722551495 -0.0483233668 0.132827878 -0.0925303251 0.0208739992 -0.725788593 -0.166444793 -0.189777851 1.01100469 -0.0672678053 -0.0210409127 0.155038431 0.0458570868 -0.0252424777 0.0302079655 0.217271984 -0.0462398902 -0.235239118 -0.0484114587 -0.0460389815 -0.300636649 -0.161236495 -0.425534517 -0.484701604 -0.314056545 -0.70972693 -0.180463448 -0.0608152114 0.820690453 0.436445951 0.127377033 0.12605907 0.0202611815 -0.182726637 0.129340738 0.0329546705 0.210203737 0.0232692361 0.0597476028 -0.008545327 -0.00721274549 0.000628861424 -0.00368316332 0.00381060946 -0.0181140713 -0.0186793562 -0.0259195976 -0.00782600138 -0.0122925099 1.14925778 -0.0180301517 0.0371708684 -0.0272590443 -0.220101923 -0.128800005 0.00912808627 -1.0739578 0.194075227 -0.129959062 0.157064632 0.298014909 0.0379663557 0.1933413 0.0261602066 -0.00398638286 0.733907759 0.179918975 0.176785916 -0.98745507 -0.00711592659 0.0588953756 -0.153874859 -0.125930384 0.0138684316 0.0108615672 -0.00915263966 0.131810084 0.0481162742 -0.0120487288 0.0309166797 -0.0207428001 0.0976146981 -0.715811849 -0.00704682851 0.0149306953 -0.0510609448 -0.483537644 0.0702262744 -0.239522874 0.121571235 0.070379734 -0.10248483 -0.0285340864 -0.0490187593 -0.0572781712 -0.112228431 -0.0207514949 0.111598209 0.0453505516 0.337598979 0.0189485531 0.0994019136 0.0408519991 -0.0442871302 0.144458696 0.517240345 -0.014740726 0.217357889 -0.347643703 -0.220765725 0.313419759 -0.326164991 0.0354882441 0.472755224 -0.181518584 -0.103352338 0.283675313 0.204712197 -0.0134394271 -0.313030154 0.0990820527 -0.239221588 0.431610912 0.0858849958 0.0706264153 0.458222359 0.138674363 0.147683412 -0.661157131 -0.562329292 0.0776330158 -0.0187223312 -0.0578584373 0.36939463 -0.409129024 0.0440594181 0.0312912688 0.154600829 0.206516728 -0.439060241 -0.440614462 0.110600196 0.0116420574 0.052968625 -0.00622974895 -0.341150522 -0.349707961 -0.62772572 0.304763436 0.735949993 0.0893086344 -0.283522695 0.16194351 -0.218724728 -0.218024641 0.35334745 -0.718539715 -0.235987455 -0.0611206926 -0.11191722 -0.170031801 -0.123848192 0.0877959132 0.097491622 0.102217697 -0.625880837 -0.0242188983 -0.0183974672 0.699481964 -0.279915512 -0.384432018 -0.376076579 -0.0551889837 0.294318885 0.438453972 0.383407027 0.364120156 -0.499602616 0.0591624193 -0.0849226937 -0.0129145216 -0.123689197 0.25686422 -0.0956677794 -0.533347428 0.115960985 -0.466428548 0.0254881717 0.394578695 0.0580749102 0.402634263 -0.799605906 -0.00172041683 0.47539553 0.0927983224 0.111033969 -0.474232584 -0.389994413 -0.0609806813 -0.17654638 -0.167557627 -0.0422755778 -0.616040528 -0.0718465969 -0.0109778354 0.197804689 0.103097528 -0.107294694 0.509460449 -0.793847978 0.0804912075 0.567907929 0.100836217 0.301117659 0.432350308 -0.135709733 -0.546933413 0.0768712834 -0.167184144 0.0780595317 0.016883608 0.0196618605 0.0422027707 0.00236260914 0.0081295073 0.338863999 0.108573124 0.028458057 -0.556606054 -0.744548619 0.0379107632 -0.0546919107 0.0164343733 -0.030826306 -0.0563908033 0.00461524818 0.552846074 0.000472980464 -0.0317889377 0.014039306 -0.0219587982 -0.0224674437 0.0331364721 -0.0247206725 0.0236084741 -0.091871053 0.0143716838 0.00776034081 0.0974163562 -0.0195165556 -0.0248010773 0.615754128 -0.00306930952 0.326656073 0.0480399542 -0.310988098 -1.39260733 0.232073739 0.0329607911 0.262122154 0.028856419 0.084558852 -0.0204521455 0.0201138631 -0.0393179506 0.594605148 0.15611209 0.126701653 -0.596893609 -0.246376589 -0.529651165 0.146043077 0.00841966458 -1.07778299 0.0698199347 0.244369701 0.0054522492 -0.152384251 -0.037389528 -0.110979564 -0.0567853339 0.0463710986 -0.10283608 -0.0812859833 0.238471434 0.354017854 0.194458187 0.408018827 -1.28003228 0.265039772 0.190564036 -0.314229101 0.0209597852 0.407736242 -0.0311177466 0.0885833576 -0.494535685 -0.0277596246 0.143534139 0.163367853 0.228077784 -0.0496480279 -0.00143586937 -0.0690263584 -0.0599798113 -0.133184075 -0.106844284 -0.137523443 0.393256485 -1.03906167 -0.057713028 -0.185862467 0.0741922483 1.03275788 0.303236663 0.178147539 -0.66920352 0.0227678698 0.240661934 -0.310023487 0.0898474455 -0.267934024 -0.0115113305 -0.185916454 -0.265973955 -0.429157853 -0.198275283 -0.00267045712 0.565343857 0.0212651975 0.232714921 0.203905135 -0.197883904 0.304432034 -0.285514534 0.0826325715 0.265356243 0.116110452 -0.169324338 -0.0982509032 -0.00742339296 0.0251477286 -0.00384902069 0.0192789715 0.05062408 0.305868059 0.325050384 -0.36795339 -0.220009238 0.138987973 -0.2400188 -0.109910399 0.044047229 0.460754693 -0.827445805 0.221814826 -0.506251395 0.267412931 0.170949399 0.134737998 0.0312016867 -0.0740172118 -0.00771575933 -0.0145426067 0.0675404221 -1.46923268 -0.120199665 0.241019532 0.46754244 -0.0729213208 0.0948441029 0.116009481 -0.0925560743 0.267918438 -0.10838332 -0.0624509975 -0.416307867 0.0940655917 0.231904849 -0.0150968386 -0.027916709 -0.0194934644 0.0530192181 -0.0216371547 0.0545492284 -0.850911677 -1.02251744 -0.0264792163 -0.345578402 0.153666228 0.210048944 -0.263969332 -0.091879636 0.0690395907 -0.0771853179 -0.0849508941 0.0662988946 -0.048430942 0.816026509 -0.110072874 -0.130782887 -0.108095005 -0.17258285 -0.0327281728 -0.113266937 -0.559310913 -0.649654686 -0.435590476 -0.234488055 0.568674147 0.251553208 0.276513457 0.392958552 -0.13484706 -0.0443610884 0.0415184796 -0.0974700898 0.495143026 0.227269515 -0.507982314 -0.337233454 -0.188336581 -0.232174456 -0.00797455199 -0.0211344939 -0.750270069 -0.228689909 -0.0914751291 0.652087152 0.0539724939 0.347175211 0.190936387 0.0915646553 -0.0175834261 -0.314960003 -0.156292096 -0.132972673 0.0121949548 -0.0960252583 0.0790253356 0.0222690608 0.0684275925 0.18060872 0.0652582794 0.0373387225 -0.669665337 -0.143169433 0.0185306575 1.27194929 -0.229194731 -0.622102141 -0.0570580736 0.024735881 -0.238806292 0.169607893 0.0728741735 -0.115317956 -0.175868452 0.27003628 0.0151307601 -0.136308551 -0.0466125607 0.0949733481 0.0426589027 0.0967571512 0.130608648 -0.107014045 -0.0172330607 -0.570280492 -0.0820665583 0.0307055525 -0.0155505836 -1.04014301 -0.150089517 -0.0960665718 0.024452189 -0.18738471 -0.0312294755 -0.0771395341 -0.0501292162 -0.343703061 -0.26440382 0.110571817 -0.030116532 0.0697427541 -0.0330570415 -0.0638903007 -0.0558156818 -0.0683189034 -0.406935424 -0.0276977457 -0.174282402 0.0809611306 0.354541123 -0.0129036084 -0.0708676726 0.529006541 0.0813442618 -0.0829050615 0.0525218137 -0.0124451704 0.0854541883 -0.00607322063 -0.000160446754 -0.0138741909 0.199626565 0.174092352 0.166434228 -0.488617629 0.0604352541 -0.902496099 0.0635612905 -0.0159260593 -0.0746328458 0.184399873 0.0933329985 0.692453682 0.190050483 -0.089593403 0.0599873364 0.118953198 -0.0321234353 0.0498212166 -0.0131140593 0.0903781652 0.0355180949 0.0136779044 0.0491352417 -0.0294889603 0.190677002 -0.0782700256 -0.437908888 0.0281992294 0.518391669 0.0441873558 -1.27863634 -0.546474755 0.069750376 0.11798463 0.143920928 0.0309562515 0.299677432 -0.084015213 -0.0557476953 0.0365472883 0.178690925 0.341407299 0.135370463 -0.0462756567 0.0418820381 0.0196157694 0.0208914317 -0.0380905904 0.209060907 -0.871800303 0.221766815 0.109998345 0.160662517 0.14260225 -0.262139827 0.0804846734 -0.116967939 0.156454161 0.000117611897 -0.0352952294 0.277677208 -0.39127773 -0.103297241 0.0572171248 0.443412155 -0.186613843 0.0704597235 0.0140028857 -0.450257719 0.616623402 0.0901545361 -1.27466476 0.100471407 0.164666966 -0.0811444819 -0.0588811338 -0.0259170718 0.0798521638 0.0245144274 0.0660173595 -0.972512543 -0.528691709 0.0118361302 0.850120366 -0.429293126 0.0746895373 -0.318010837 -0.0415594727 0.377042264 0.0962492824 0.0284371246 0.338381648 0.431980342 0.24173291 0.0470527075 -0.0534764454 -0.0933067203 0.0659854412 0.00316726789 0.0409979559 0.509985209 -0.161344826 0.0297649894 0.450981319 -0.365509808 -0.174417675 0.0875864998 -0.108489268 -0.816917658 0.280510187 0.0716240704 -0.91048038 -0.00861383509 0.0340818837 -0.0746993795 -0.00170901581 0.00606485084 -0.85015285 -0.0437121801 0.00671348628 0.0487758256 -0.0206706431 -0.00543967867 -0.0494757779 -0.801119149 0.0603052862 0.0301876608 0.003570762 0.388885051 0.186056793 -0.0789030865 -0.158370599 -0.0839295685 -0.0638028905 0.00320472871 -0.0118409619 -0.0526717156 0.0236295834 -0.0126479929 0.0205398556 -0.0549408607 0.392512262 -0.182951227 -0.177704677 -0.304562509 0.0840101615 -0.309016794 0.0429847576 -1.1401068 0.481634855 0.166020393 -0.670865893 -0.00281969388 -0.127110854 -0.493239224 0.0596010461 0.0024717187 0.0759573802 0.0563308708 -0.00927889813 -0.279841036 0.0644175485 -0.00536496472 0.00054797437 -0.182502687 0.0178594775 -0.0924216285 0.0339125432 -0.0540304072 0.0460549742 0.0643980578 0.608104467 0.159249216 -0.0405227542 -0.0068655354 0.0078212535 0.14834708 0.0477403216 0.0797857493 -0.0425796509 0.0892753303 0.461689383 0.278989643 -1.37464571 -0.201683551 -0.192236289 0.16848664 -0.0607316308 0.0757028908 0.0853225365 -0.254055232 -0.662877023 0.018812472 0.009289952 -0.208587512 -0.153622299 0.0834873319 -0.0201773848 0.373511076 0.304556251 0.690636873 0.310065717 0.278762192 -0.784605145 -0.0372903347 -0.240570784 -0.45092538 -0.0268116985 0.450168878 0.295428276 0.0494918115 -0.0683856755 -0.143605247 -0.0131685799 -0.151601613 -0.0764092952 -0.073852323 -0.0168629307 0.028760124 -0.0207661819 -0.117206335 0.0402963422 0.0892312974 0.0521421544 -0.00300688716 -1.33225071 -0.12122798 0.0131331347 0.242192328 0.84710747 0.502486229 0.0413575135 -0.405968845 0.16182676 -0.81711638 -0.127621621 -0.0228135474 -0.0721965581 0.0578338578 -0.101017535 -0.258981496 -0.180507705 0.0618382618 -0.753783524 0.283411026 0.00229272223 0.0875344872 0.244859859 0.778850257 -0.0669365302 -0.057212837 0.0750579685 0.0683041364 -0.082067892 0.0350186378 -0.0886397213 -0.0180091634 0.286939412 0.004746689 -0.0832177699 0.484349728 0.383505553 0.19961594 -1.14785397 -0.246483549 -0.132373288 -0.0530362204 -0.0452828854 0.513219297 0.284927547 -0.479336083 -0.466106981 0.172325537 0.0654975101 -0.0229871161 -0.0167974085 -0.0271463506 0.0688806772 -0.0709115937 -0.0243039839 0.982616007 -0.878338456 -0.0499996878 0.0822874233 -0.0024503048 0.267153889 -0.167054191 -0.136042863 -0.694503903 0.350392133 -0.154836074 -0.0442860015 -0.0380217992 0.141571954 -0.432337403 -0.428082108 -0.225608468 -0.0509957857 0.0209732465 -0.00993447099 -0.472244471 0.00369147048 -0.0584678687 -1.13454711 0.104070596 0.00665585417 0.0780567601 -0.0630492121 0.230648443 0.223522469 0.0876095891 0.0435658768 -0.0335755795 -0.241874397 0.243155867 0.164240241 -0.01582014 0.0803268254 0.190972567 0.231173471 -0.137902692 0.0862844437 0.144675031 0.293760478 -0.0493281968 -0.492463142 0.0227492265 0.0307813864 -0.868465006 -0.392755181 -0.30171591 0.173708215 -0.369784325 0.234865859 -0.0347778723 -0.0592189357 0.16445303 -0.404126734 0.00141085591 -0.0973835364 0.952132463 0.00687693479 0.0268368013 -0.839871347 0.2408043 0.00252320548 0.205783248 0.383428663 0.163758159 0.0951004699 -0.128800288 -0.562902272 0.00865243375 0.296821266 -0.338317364 -0.114673264 0.0809150264 0.014768241 -0.00226234598 -0.0422001667 -0.188564852 -0.261036426 -0.285802752 -0.162503392 -0.0397946052 0.206558049 0.146565124 -0.694871247 0.147712007 0.0136727272 -0.17527537 0.18544364 0.0272269677 0.0505681932 0.19692035 0.0720449537 0.154968247 -0.278981984 -0.0189127382 0.122680694 0.0841153786 -0.0834698454 0.195109725 0.149872854 0.218067825 -0.0689688548 -0.310809195 -0.016925117 0.121415742 0.361749649 -0.74806267 0.156708583 -0.425643682 0.00539779896 -0.135994747 0.197166607 0.140951291 0.518178999 -0.0691767558 -0.10959316 0.746616006 0.189918712 0.0676587671 0.0929831862 -0.369221658 -0.0227194037 0.0602243319 0.0968569145 0.677622199 0.156100899 -0.364874989 -0.36059624 0.0454170518 -0.067093648 -0.0721574351 -0.294478148 0.167515069 0.0630215779 0.0209375117 0.0579324774 0.0852937102 -0.0432288311 0.0480074175 0.0751822144 -0.25618571 -0.367210209 -0.115097485 0.0975625739 0.309345782 -1.23541284 0.399007887 0.130178273 0.0114733139 -0.077450648 0.0183920395 -0.00566882873 0.0216128994 0.0727593228 0.0439152718 0.0537882149 0.271112621 0.300258905 0.173302323 -0.58102262 -0.63616699 -0.38880527 -0.425145388 -0.00304862834 0.213658646 0.245058805 0.130205259 0.418225408 0.357366204 -0.100091912 0.573067367 -0.354841828 0.0607553832 0.182754815 -0.11194209 0.179320276 0.144475386 -0.199693277 0.0657449141 0.553135455 -0.235767767 -0.134264022 -0.0730929077 0.175636768 0.19668144 0.404311031 -0.287080079 -0.477678031 0.369933128 -0.080860287 0.261490971 -0.0196762588 0.0328818932 -0.130764723 -0.0490475446 0.0755371079 -0.447100073 0.256571382 0.0422073752 0.0487775765 -0.133161783 -0.167008996 0.252640009 0.0726866573 0.312808394 -1.09013069 0.0957554281 -0.657584488 0.0300622918 0.0608603656 -0.0107426988 -0.0253803656 -0.0231138747 0.0275695715 -0.0403875671 0.0241425093 -0.207899094 -0.231911242 -0.0553052649 1.02719104 -0.500902653 0.216556937 -0.208492875 -0.0048199892 0.370123386 0.0489404388 0.0174762253 -0.582961142 -0.0420726836 0.0374688245 -0.0929383412 -0.00461666612 0.177831277 -0.575782299 0.232648253 0.119606182 -0.0335439071 0.391153187 -0.0258152094 -0.393972725 0.585300028 0.0486906767 0.257929981 -0.0367389508 -0.197685331 0.144212708 0.041798491 -0.0660191029 -0.155311376 0.0857921541 -0.0508456454 -0.261626482 0.0319282636 -0.478002816 -0.0991416276 0.00190301996 -0.503790557 0.259322882 -0.110872254 -0.686770916 0.345251381 0.115587071 0.019209696 0.00687208399 -0.282575011 -0.0367776789 0.014538086 0.382145226 -0.524203598 -0.0917627588 -0.413031459 -0.119377293 0.0553826205 0.725024819 0.0622192323 0.00822824147 -0.14248544 0.407057136 -0.152564377 0.442169011 0.083765246 0.181583494 0.200633541 0.118480407 0.0485390201 -0.224516287 -0.195782632 -0.155501395 -0.0508207493 0.164444074 -0.03593022 0.109839447 0.024823714 -0.0036066894 0.0956178308 0.0286567025 -0.0429238006 0.13977471 0.0716159046 0.00113452878 -0.0538927242 0.151571766 0.0305385627 0.00778851565 0.049146723 0.673714995 -0.356911391 -1.97918284 0.369959742 -0.0222433358 0.0144285196 0.150664508 0.110539801 0.0230345689 0.138571873 0.118074566 0.0907308236 0.105068363 -0.591760337 0.568226218 0.153614536 -0.386191249 -0.49276486 -0.0409876294 -0.325206101 -0.261441946 0.291995734 0.30089429 0.123605475 -0.0709192306 -0.0420513004 0.0626019761 -0.117773339 0.0217269566 0.00634755241 0.0753002837 -0.139817849 -0.0175300557 0.140735924 0.218124524 0.0809975266 -0.501044631 -0.198048726 0.0784491524 0.329540074 0.424523622 -1.40030289 -0.262610227 0.0107796807 -0.203898311 -0.170042485 -0.109198026 -0.0101619866 -0.102974117 -0.0374184661 -0.0474969931 -0.0905201361 -0.119861282 0.00270469044 0.122962601 -0.731004536 -0.00771863898 0.0944955274 0.0836860389 -0.0861198083 -0.161480755 -0.00860648975 0.598242819 -0.343098044 0.0363885649 -0.00111464097 -0.228261784 0.0327327251 0.137379527 -0.136198714 0.707990587 0.542816639 -0.175553575 0.132061303 0.299544454 -0.261565536 0.123808071 0.0842325315 0.0485277027 0.224011257 0.0908190683 0.0741070211 -0.384825379 -0.147996515 0.014852006 -0.924885809 -0.060653232 -0.234661788 -0.0653805286 -0.0316512994 0.0155406315 0.107257918 -0.0292159002 -0.0556852967 -0.479925573 0.0727498308 0.0349709503 -0.138877958 0.0542490222 0.366516382 -0.00997528434 0.186516061 0.360136598 -0.196192279 0.375472248 -0.474062473 -0.81777972 -0.326727301 -0.0703390762 -0.136995047 -0.404858768 -0.193532422 -0.0254655536 -0.159160092 -0.0376706198 0.180590078 0.0286727827 0.134277895 0.157509163 0.496783644 0.0445100628 0.0546011068 -0.336600423 -0.0907925293 0.183875278 0.00821862929 0.00940196682 0.101417311 -0.0208272543 0.0365304276 0.0900621787 0.0976064429 -0.0151086161 0.0753406435 -0.0849597454 0.0350691266 -0.166550756 0.629487872 -0.00302779372 0.221748173 0.121050127 -0.480931371 -1.17772293 0.427886665 0.436027825 0.0152643565 0.135528892 -0.350787222 0.21226649 0.0188043341 0.101138502 -0.112386614 0.536207557 -0.279212445 -0.153832421 -0.426462442 -0.150735125 -0.266462535 0.624562681 -0.265016764 -0.0674528033 0.363265157 -0.156837016 -0.00160734297 -0.0678309351 0.052005183 0.0506115258 -0.0408774465 0.0994075537 -0.845390558 0.000463433098 0.241199315 -0.121108189 -0.226838768 -0.164685622 -0.33863315 -0.027466489 0.0251148567 -0.075362809 0.0455271453 0.076358214 -0.0255766083 -0.0122319842 -0.0710906312 -0.0334562473 0.154928863 0.26972574 -0.108942971 -0.0683967248 -0.0379807763 -0.270273238 0.297727495 0.5030545 0.117023818 -0.346551627 -0.0983415619 0.069829762 0.525216997 0.0490424484 -0.429247767 0.190116212 -0.00984519906 0.210753381 -0.0214844514 -0.199168026 -0.241732091 0.204181671 0.297094166 -0.548751652 0.129029214 -0.0284491349 0.237613559 0.130948722 0.0725207627 -0.500031948 0.262131602 -0.128828436 -0.0587548055 0.0399859883 0.107913241 -0.286569476 -0.233654872 0.40852952 0.0826271176 0.037982367 0.0335100852 0.0332326405 -0.0180807263 0.0438881032 0.00595738227 -0.0107162157 0.652879953 0.428177565 0.133596435 -1.30064178 -0.14406684 -0.0132573294 0.0287374407 -0.00416078791 -0.0150187705 -0.0465661436 -0.0139274998 -0.0545217693 0.20380044 -0.102992982 -0.138093144 -0.0623062737 0.00405556289 0.0118958009 0.0271440279 -0.0183062442 0.0970559791 0.118086465 -0.00363387121 -0.327799827 -0.109565407 0.0588282011 -0.0384513736 0.151818141 -1.04974115 0.196523324 0.0151498085 -0.0476749875 -0.0425690711 0.139398083 0.0256282743 -0.0297118369 -0.0266977772 -0.0243140887 -0.0233180765 0.0194077883 0.0231774896 -0.0477398001 -0.0504808538 0.033801198 -0.0158302132 0.87427026 -0.0459038876 -0.0103928372 0.0276959203 -0.0914038047 -0.0848996565 -1.42447174 -0.0890106112 0.073973082 0.133016825 0.0180670191 -0.0423709676 -0.00618705899 0.0175530314 -0.00644896086 0.0435559042 0.0179729294 -0.0261403881 -0.259211659 0.276274711 -0.0530562513 -0.0733629018 -1.0560751 -0.106018804 -0.0229047872 0.042382136 0.158979475 -0.201482698 -0.10117735 0.15293704 0.00512921857 0.114543863 -0.220966026 -0.131175205 -0.0835425034 -0.577200174 -0.0255362224 0.260675639 0.542115211 -0.1901986 0.196738765 -0.574669302 0.0908071101 0.192676887 0.0662070736 -0.270387322 0.354601741 -0.0747746229 0.046358522 -0.0584266372 -0.026556829 0.0108394269 -0.469134569 -0.0134467017 -0.00427011261 -0.499275357 -0.333808869 0.0314649343 0.173219115 -1.43022275 0.00105480745 0.0877622589 -0.0349677168 0.68087393 0.520138025 -0.0270511825 -0.094242461 -0.0285699442 -0.0191658847 0.00789252948 -0.0437202491 -0.0599942207 0.0395649262 -0.0475009046 -0.0859902948 -0.0515261292 -0.020129595 -0.0677180812 0.14759542 -0.0301805697 0.0922713354 -1.60683393 -0.0359950699 1.07627952 -0.0734119564 0.355339944 -0.0737461746 -0.254148871 -0.254692882 -0.272166044 -0.0316515379 -0.102239721 -0.206687659 -0.126327589 0.0330203809 0.350744009 0.340973556 -0.0579964742 -0.276565701 0.132028207 0.186852217 0.037308719 -0.0105974516 0.840569079 -0.406483948 0.253762633 -0.017556211 0.00128894567 -0.0091264369 -0.0347946361 0.135414228 0.013364817 0.0480210409 0.00677848933 -0.000832437538 -0.00242051692 0.146514058 -0.0149265146 0.0530566387 0.326400995 -0.0415560305 -0.0456349514 -0.00121257349 0.714547336 -0.879959881 0.0464018397 -1.3482399 0.305885583 0.0605778545 0.37740773 0.0647746995 0.000962629274 0.223227784 -0.0716602355 0.189104497 0.705691338 0.352282792 0.12890254 -0.835804522 -0.362071753 0.126387775 -0.220155641 -0.058825165 -0.314810455 0.09745536 0.0662250966 0.1075342 0.246006265 -0.00641505513 0.199917778 0.0940529332 0.116352208 -0.066791974 0.0111791557 0.164236203 0.260193884 -0.145159543 0.308074117 -0.0653689355 0.804608941 -0.183670014 -0.493207335 -0.0596706644 0.23987174 0.105710894 -0.431337148 -0.716089487 -0.15313828 0.170640737 -0.136559248 -0.0311327577 0.015382519 0.141660169 -0.0343825221 0.0629743487 -0.295136034 0.296997458 0.328692466 0.355603665 -0.734733343 -0.0359213948 -0.901354015 0.112396151 -0.0708756894 -0.359133661 -0.0740712807 -0.323955745 -6.03964945e-05 0.0611000322 0.0734125823 -0.141154721 -0.0415060036 0.0243807919 0.00208255532 -0.660387516 -0.116084076 -0.0550734811 -0.111087322 0.0741821378 -0.270241112 0.06015376 -0.866306484 -0.0203743298 0.676810324 0.0839776546 0.207831576 -0.0347467363 0.0195558928 0.184756055 -0.596384048 -0.450638175 -0.475918084 0.107083701 0.15082638 0.0480191745 -0.678361475 -0.0205177069 -0.304582655 0.405138791 -0.0207314212 -0.0958174691 0.165569514 -0.223883286 0.0889775902 0.235821083 0.183271617 0.296687335 -0.814904928 0.269062191 -0.181550682 0.0329173058 0.0908255726 -0.116548434 -0.0602988936 -0.154699892 0.0873187557 -0.24371551 -0.0293058194 0.0412748381 0.311295748 0.10703025 0.342388093 -0.78121382 -0.376493871 -0.257893622 -0.353962928 -0.530319095 0.12070886 -0.0528802648 0.398910344 -0.236954063 -0.343417943 0.109880351 -0.0674639046 -0.152889669 -0.108459935 -0.0628678352 0.031376116 0.368625075 0.0474754684 -0.240760252 -0.579475462 -0.0949581712 -0.288242847 0.459169179 0.244318336 0.399445325 -0.0441342369 0.0896560401 0.0488190651 0.159371853 0.0841666386 0.0842556506 0.149639383 -0.0738235936 0.0493983999 0.344501793 0.115249716 -0.164402112 -0.302027136 -0.120586865 0.162058026 0.031196557 -0.916016281 0.826961219 -0.132064834 -0.210900173 -0.461436659 -0.171728969 0.0819193348 0.140803233 0.0362047292 0.0974715799 -0.00341183785 0.0798662752 -0.0401511304 0.307958901 0.158688709 0.511756837 -0.385027647 -0.142881095 -0.218804866 -0.260290891 -0.496549994 -0.071310617 0.136105135 0.114790961 0.150440887 0.0666301474 -0.0680348352 -0.072673738 -0.0709530413 -0.023066638 0.101710007 -0.00149659894 0.339382857 -0.0297859572 -0.548397362 0.0528483652 0.0239996258 -0.0390196331 0.11337807 -0.0420029201 -0.0730890781 -0.0135873305 0.0284459256 0.354155093 -0.590506136 0.0126955509 -0.0179477297 -0.103677258 0.136922032 -0.0750853196 -0.0064311903 0.0708747283 0.38131541 0.0765977129 0.104223609 -0.205119222 0.117759429 -0.103910789 0.15987137 -0.0323306173 0.638948202 0.275988847 -0.421320736 0.0547938421 -0.121915549 -0.198482469 0.225739479 0.057700187 0.0562757589 0.100468554 -0.0392792523 0.0460655838 0.0719686523 0.0869077072 -0.0343094915 0.0827356875 0.065279007 0.0622131526 -0.629482865 0.0312980674 -0.458094478 0.0433365367 0.0136963017 0.523270488 -0.0757372379 -0.0341080762 -0.0894666538 0.041631002 0.0364660993 0.247981906 0.079873696 0.0492579155 0.118923813 0.278153658 0.0200693179 0.0487435684 -0.44523558 -0.209783033 -0.0966664404 0.0241214018 -0.840069354 0.364946693 0.180040061 0.110812582 0.134453386 0.0517219342 -0.0294555724 0.0160035696 0.0764689669 -0.0165554509 -0.0241703819 0.113546558 0.150612563 -0.15638119 -0.00590782799 -0.0399755463 0.105542503 -1.25692987 -0.34558636 0.0135422507 0.251668155 0.25496915 -0.354787201 -1.67396581 0.222949609 0.0814796835 0.266945481 -0.235136673 -0.0911195949 0.0542393476 -0.0262467694 0.0747387856 -0.580800533 0.0651106685 -0.111834779 0.531424582 0.15083918 0.171531111 -0.59967351 -0.0191838276 0.710047483 -0.138855785 0.100708917 -0.920509994 0.0900904983 -0.0751038119 -0.0063301865 0.172650546 0.0384641103 0.145457104 -0.185973108 0.0421523564 0.0687311292 0.0979352891 -0.0189860202 0.201166838 0.0666601136 -1.30195832 0.0943798423 -0.0706159025 -0.0919068158 0.735295892 0.498710632 -0.420201778 0.0872773901 0.0711073354 0.0656784773 0.0371855833 0.0384895615 -0.0541491359 -0.0631625578 0.0482441932 -0.0818831623 0.151611388 0.226279005 0.167024404 0.346075714 0.0132149896 -0.0170116015 -0.0164652094 -0.168068275 -0.0643770024 0.20929943 -2.49243569 0.196232915 -0.30289945 -0.00621441333 -0.00940683484 -0.00233082706 0.130918637 -0.0411891751 0.128426671 0.417558581 0.500556886 0.208362043 -0.915516078 -0.106687054 0.194532439 -0.0913630202 0.244469196 0.333393961 -0.0155591201 -0.125442624 -0.20462364 -0.000210214857 0.20306477 0.0283358004 0.0137703624 -0.0129415113 0.0206442084 -0.00538663566 -0.00214734441 -0.0770975351 -0.09077508 -0.0324830934 0.114049733 0.993429542 0.0316318981 -0.0382663272 0.00426765298 -0.0583726801 -0.0238260645 0.00769964373 -0.830445886 -0.0606287681 0.0287240967 0.00477548921 0.0452664234 0.0276198536 -0.00770651549 -0.00287765218 -0.0296806879 -0.38012141 -0.049944438 -0.106244862 0.975547016 0.150819004 -0.166968048 0.156344607 -0.0023779911 0.0675602257 0.00425005192 0.0480910763 -0.458564103 0.149211928 0.109598167 -0.0509444252 0.282510787 -0.0638198555 0.0340809673 0.0118235052 -0.091550149 -0.174829349 0.497964263 -0.00790352654 -0.197647035 -0.0133214528 -0.0923761576 0.173584387 -0.011286498 -0.00142107811 0.481223464 -0.604913235 -0.615444362 -0.042926345 0.50552851 -0.0297601521 -0.326187015 -0.0710352883 0.297203839 0.0867225081 0.15605706 -0.0526806898 -0.0641476959 0.143629402 0.152424052 -0.661460817 -0.00548642175 -0.235101223 0.189472303 0.410445839 0.367632031 0.054133784 0.102113269 -0.0317351781 0.245582044 0.104379833 -0.0413659215 0.0216526557 -0.0070491801 0.00429545157 0.0575377569 0.142175972 -0.0492655933 0.112112217 -0.0117080742 -0.0328783318 0.0573559925 -0.0149800852 0.00588690536 0.726158738 -0.000446450023 -0.0826409906 -1.14987338 0.0683743656 0.0589210913 -0.0731251165 -0.00568170799 -0.0355340764 -0.0838851854 0.00189823715 -0.147454485 -0.254430294 0.00591377215 0.027469473 0.460160047 0.0840468407 -0.882417142 -0.0879936591 0.0796037614 0.0735778958 -0.4408741 -0.315417945 0.111430906 -0.144258186 -0.229128227 0.0746019334 0.0299364943 0.00603298889 -0.00534476992 -0.0395491607 -0.000190026796 0.0781477988 -0.0924988762 -0.0179517139 0.177955493 -0.0141557939 0.30055961 -0.0330916904 -0.987749159 -0.229031995 -0.301912308 -0.247040927 -0.164807573 0.0405086577 0.0287836045 0.0656298622 0.0172985569 -0.00623812852 -0.780656874 0.0109861977 0.0957194939 -0.217390284 -0.260857373 0.0300936289 0.159526214 -0.49017778 -0.0276509989 -0.100629799 -0.112594604 0.328732133 0.180575088 -0.0701081306 -0.123204812 0.153220206 0.202724472 -0.721281886 -0.772056162 -0.313740641 0.320542693 -0.00247171475 0.252993613 -0.235052451 -0.168319657 -0.230307654 -0.446084857 0.571817935 -0.0918537825 -0.0274916887 0.0468970351 0.0580676943 0.0941258371 0.179934129 -0.651669204 -0.00886640418 0.128619462 -0.0417391025 0.0064211213 -0.0448178053 -0.043764744 -0.0929887071 0.020166494 -0.363343656 -0.0413008928 0.0159501228 0.883838296 0.120983943 -0.804552197 -0.0644859895 0.0282452498 0.15928708 0.430369407 0.384076566 -0.374824584 0.127001032 -0.0839534476 -0.0907328725 0.0978842974 -0.0970132351 0.0238372665 0.0229008235 -0.04899038 0.328513831 0.436079532 -0.749325573 -0.399423838 -0.488195837 0.174503326 0.280598044 -0.0306792594 -0.0561087504 -0.669980824 0.120303981 0.222509593 0.0959070101 0.13161774 0.0961576998 0.00934231468 -0.0779191554 0.118046947 0.00739747658 0.113383122 -0.00203436567 -0.0111457203 -0.0831735805 0.351378679 0.215383783 -0.135309249 0.340378344 -0.135257989 0.447667897 -0.478933126 -0.249426365 -0.0344339982 -0.0276029725 0.206369042 -0.251974076 -0.220731139 -0.0696788058 -0.0980734676 0.0227417499 -0.0446127504 0.406470448 -0.0983247831 -0.0624189191 -1.32790506 0.0772046298 0.0457508527 0.125299394 0.0044618533 -0.055690892 0.0424813405 0.0121382726 0.284084558 -0.0970285237 0.196433172 -0.0831793919 0.102166213 -0.00837893877 0.151046038 0.0734455585 -0.0259867348 -0.0337412097 0.118992358 0.0399705432 -0.0227113478 0.504515111 -0.204517886 0.0407711305 0.0319720879 0.506749451 -0.715394378 0.132600293 -1.03905988 -0.29066658 -0.0231182054 -0.561053455 -0.456681937 -0.136344492 -0.356132686 -0.0987819806 -0.121920526 -0.577286601 -0.236424848 -0.171330705 -0.241825879 0.845409334 0.259766519 0.482147962 -0.241084233 0.0298806001 0.0850439668 -0.0983387604 0.0812421441 -0.254241139 0.0136580635 -0.313802779 0.185529768 0.107722744 -0.347118706 0.153379038 -0.567060947 0.553403914 0.256274313 0.207380697 -0.719185948 0.0583668128 0.0146068148 -0.167993307 0.00230762246 0.618164241 -0.0232650191 0.0941185951 -0.494167149 0.134966999 0.0327116027 0.346787512 0.235726207 -0.00513403723 -0.0276199691 -0.02368908 0.00684842328 0.358266294 0.245538995 -0.0364140384 -0.34115091 0.0356423743 -0.0036003904 -0.681225777 0.18884033 -0.25827387 -0.0223013982 0.092618674 0.461876243 -0.104544871 0.0809821859 -0.0286628269 -0.0416884162 -0.0260537453 0.0445774421 -0.0904315636 -0.00662580412 0.338518471 -1.45059252 0.0187217351 -0.179676712 -0.0105024017 0.312211961 0.144169852 -0.0577273667 0.208419755 0.157913685 -0.270665556 -0.442567706 -0.369637072 -0.358774722 -0.00552832708 -0.0407260992 -0.057286121 -0.252899975 -0.0881949738 -0.194335908 0.165501401 -0.762193978 -0.498467416 0.923749506 0.36992839 0.341743857 0.209708139 0.224029705 -0.153230906 -0.0256574694 -0.0835278109 0.0952373669 0.198158041 0.0935664624 0.237509325 -0.0159906857 -0.00732559897 0.1215664 0.0118241152 0.0231793113 0.82405442 0.0797264576 -0.0549057834 -0.134359717 -0.358171552 0.0354248285 0.0215294603 -0.0898520499 -0.237446636 0.079294838 0.0144851981 -0.680122137 -0.0319519341 0.0140135465 0.043020092 -0.0448976979 -0.0457542948 0.322253376 0.041633781 -0.07161621 0.0781927109 0.350523531 -0.137397021 0.089806281 -0.264498025 -0.152658507 0.12331222 -0.0365431532 0.412291676 -1.25827634 0.163598165 -0.338788241 0.0561689921 0.0118040787 0.0403069668 -0.0361413434 -0.00740943616 0.0431784317 0.00560905505 0.0539630912 -0.837845266 -0.250067383 -0.0681861341 0.717017829 0.00624029199 -0.00793025456 -0.0752610266 -0.02198774 -0.275994986 0.0376076624 0.0150478212 0.628005803
