tensor_linearrelustack9weight 16
0.148968786 0.127475828 -0.120516539 0.246795014 0.137226924 -0.402416319 -0.159282699 -0.178038135 -0.156998992 -0.111241527 0.270362467 -0.283229828 0.190580338 -0.257785052 -0.202514738 0.219915092
tensor_linearrelustack6weight 256
0.696480274 -1.42306912 0.443447918 0.0384791344 -0.413712531 -0.95149827 -0.242256984 -0.302599192 0.175863162 -0.0456073023 0.684631824 -0.788452744 -0.128775492 -0.529242694 0.420990169 0.0945418924 0.309161007 -0.724136114 0.0674702823 0.125833035 -0.256823182 -0.576556325 -0.101365745 -0.941552401 0.259505808 0.51935631 0.485426664 -0.753722131 0.139329433 -0.323603481 0.0687108189 0.566163301 -0.0319409817 0.769172728 -0.561643064 -0.283486336 0.776562214 0.270183831 -0.199201211 0.494827747 0.151592702 -0.38310352 -0.152207419 0.362496436 -0.232137755 0.299337268 -0.0262152944 0.4803406 0.43723613 -1.034567 0.801249504 1.21958756 -0.438699931 -0.467175871 -1.33562899 -0.160614803 0.292677253 0.173171446 -0.635429919 -0.792603135 0.117065959 -0.716345191 -0.46168682 0.106207915 0.261777729 -0.184246674 0.234544337 0.272952616 -0.252910852 -0.394829392 -0.015559392 -0.951378822 0.343172789 0.0499406122 0.291868299 -1.01690149 0.099315837 -0.662917018 -0.0689046308 0.43079415 -3.74070668 -0.011114521 -0.0617068186 -3.26054859 0.0797367468 -0.137773499 0.0101719657 -0.0835696533 -7.57012129 -0.333880305 -1.14153099 -0.163463026 -5.88139868 0.029655762 -5.88407421 0.411908805 -0.192697465 0.861510515 -0.420189649 -0.198836401 0.197043031 0.0435832329 0.0169728547 0.342891991 -0.455004752 -0.43721503 -0.181698248 0.150020599 -0.0217999723 -0.00844568014 -0.245310143 0.0946673751 -0.177047953 -0.182373479 -0.282845557 -0.183855385 -0.75512284 0.678983331 1.39360476 0.538397968 -0.497193843 -0.0731924102 -0.158256233 -0.21680592 -0.028543666 0.331812292 -0.0673871115 0.0657100603 -0.245370477 0.808467329 -0.253971785 -0.0896569267 0.196369231 -0.346938014 0.482516706 -0.762545526 -0.536491394 0.13849467 0.0435977653 1.01935661 -0.0533792973 -0.927300572 -0.0240538567 0.0402382575 -0.0693178028 0.486141413 -0.798312545 -0.525205851 0.316257685 0.221378416 0.576615214 0.024310369 -0.563780904 -0.332817256 0.0497983396 0.578701735 -0.095461823 0.101157591 -0.00297984132 0.752513051 -0.375432432 -0.153578162 0.123851232 -0.509329081 -0.196547583 -0.0303142741 -0.0942012519 -0.494623035 -0.0756465122 -0.258733362 0.681106746 -0.804491997 -0.418594241 -0.578089416 1.19971657 0.12263716 -0.0649728402 -0.478622437 -0.305351943 -0.227490321 -1.27805686 0.75616312 0.843960047 0.110021442 0.170941085 -0.162552178 -0.297786713 0.0946215913 -0.160364807 -0.092347987 -0.213279188 0.086067766 -0.722819686 -4.21631479 0.636019051 -0.519801021 -0.16156365 -0.148018479 -0.53770721 0.0697653592 -0.191235855 0.419558674 0.472842038 -0.243789122 0.0563224964 -0.217409924 0.953021348 -0.353961408 -0.915201366 0.0627456829 -0.370887578 -0.97595042 0.236028388 0.0675126687 -0.126076579 0.0666224658 -1.3683362 -0.515410304 -0.569366574 -0.0987226963 -0.875140309 -0.000343567983 -0.794501901 0.291149408 -0.5555861 0.31354773 -0.360985249 -0.454600036 0.396678627 0.352655381 -0.352940828 0.342207223 -0.732474864 -0.422212511 -0.486178577 -0.109454803 -0.282277584 0.0619805567 -0.392798573 0.178254277 0.808097243 -0.538832486 -0.94082135 0.116776653 -0.245132104 -0.191496938 -0.160954267 -0.229953617 0.204784006 -0.310224354 -0.874390185 -0.277009606 0.774091184 -0.330608159 -0.574456692 -0.0527661256
tensor_linearrelustack3bias 16
1.16835499 0.288400263 0.755904377 0.60989207 1.01337004 0.120703995 0.623637378 0.462716967 0.383333772 -0.533832312 1.12378275 -1.91692674 0.958557904 -0.481488049 0.958858073 0.509857416
tensor_linearrelustack3weight 1024
-0.270572126 -1.93005311 0.305524141 -0.0571600832 -0.120574139 0.147006392 -0.431355268 -0.502159238 0.00426224014 0.282805294 0.300258398 0.218959078 -0.256582081 0.165179387 0.0365083851 0.21860455 0.361033469 0.300165504 -0.356148362 -0.0398617461 -0.712370038 -0.980736256 1.67199695 0.0880042389 0.149191394 -0.412783414 -1.1852237 -0.406236857 0.263106525 0.791502714 -0.623707414 -0.604810655 -0.220797762 0.134604543 -0.264082849 -0.0126396893 -0.726505876 -0.743076622 -1.12895441 0.140942857 0.20248802 -0.372393638 -0.718707621 0.621893883 -0.0373623818 0.340897143 0.334047109 0.178763822 -1.14917338 0.919590473 0.0914222449 -0.552289605 0.00711739156 -0.203812167 0.0424237996 0.538196802 -0.00267164176 0.000941995298 -0.613554835 -1.27442479 -0.863890767 0.166279107 -1.71036077 -6.68854713 -0.218229666 -0.461318731 0.669181526 2.63013053 -0.427972555 -0.350553185 0.181125745 -0.723691761 0.0392254964 0.950017452 0.608271778 -0.132546782 0.351242751 -1.14728236 -0.063718155 -0.362377971 0.175357059 0.467399359 0.298918515 -0.210882977 0.0533736646 -0.223737851 -0.84757942 -0.687125027 -0.43031165 0.491647899 -0.981884897 -0.208264485 -0.461859614 0.440273106 -0.230407938 -0.536833525 -0.0580101088 -0.918484628 0.348556727 -1.15210438 0.271925032 0.269601882 -1.12023294 -1.29378796 -0.0296950545 0.22785759 0.0059170099 -0.201106146 -0.0186553355 0.0523496196 0.101164542 0.00665832544 -0.714072526 0.268719882 0.273029089 -0.131743833 -1.84220672 0.0856070071 -0.751101911 0.0640295669 0.030512834 0.0202316977 2.43184519 0.512703896 -2.35026097 0.127109453 2.29885149 -5.18226194 -0.68591547 -0.0859744921 -0.727622747 -1.23464513 0.536049366 -0.527134836 -0.00836751983 -0.139745072 -0.86405015 0.131256536 0.0569525771 0.0503431708 -0.234242514 0.610646963 -1.15912783 -0.150470719 -0.642195582 -0.0880567357 0.466179073 -0.197244838 -0.65709281 0.000275794853 -0.189835563 -0.10242641 -0.727268636 0.112593323 -0.501972914 -0.47524485 -0.421554536 -0.728299081 -0.147766083 1.00316989 0.591968 -0.315969944 0.0465476252 -0.305964708 0.229611173 -0.753357947 0.00168314157 -0.236334696 0.146176502 -0.608404338 -3.22823215 -0.823191464 -0.332182884 -0.204878867 -0.203928769 0.623021662 -2.87773156 0.422641814 -0.0312843844 1.00660241 -0.114338636 0.049070403 0.174610958 1.42880356 1.1042347 0.367527694 -0.259163171 -1.52870262 -0.410027206 0.384297848 -0.433759868 -7.78382111 0.446226627 -2.06384778 0.816864848 -0.712179899 -1.16695929 -0.152626649 -0.795629621 -0.0984972194 0.130932003 -3.65427375 0.138999417 0.259351313 -2.25825191 -0.413152248 0.0457365923 0.0846381932 1.21940506 1.41539264 -0.747819841 -5.79664564 0.229584768 -1.3095969 0.132336125 0.224318504 0.257086188 0.080766663 -0.628760695 -0.554075599 -0.39566794 -1.43330026 0.340285838 -0.0277646706 -0.477990001 1.1207298 -0.143841833 0.605985224 -1.76410317 0.0675780848 0.526541114 -1.09082472 -0.13866289 0.302307963 0.000401582918 1.83381498 -0.183652818 0.204913318 0.147596627 0.647543252 -0.911899447 -0.249437124 -0.630700171 -0.0389702953 0.0477360524 -0.228479654 -0.729160428 -0.469147116 -0.285846502 -0.599927366 -1.09602773 -0.212559327 0.530838788 0.0770852268 -2.25051832 -3.63505507 -0.503302097 1.04365861 -0.0675084963 1.88926709 0.488826275 0.37989822 -0.50933522 0.09069971 0.381776959 -1.4170661 0.791356385 0.0607469045 -0.186877608 -0.204244837 0.690145195 0.23519516 -0.762590766 -0.321796626 -2.06908369 -0.307061642 -0.544706285 -1.46067226 -0.0273352247 0.23065564 -0.703394473 0.478458315 -0.270555824 0.19446139 0.418244749 1.76242435 0.203287601 -0.494439602 -0.771750569 -0.113286398 0.444995582 -0.329662561 0.332328618 -0.282205135 -0.150315583 0.102488197 0.328250796 -0.479134738 -0.0861926302 -0.576230586 -1.15750706 -0.253654987 0.117376417 -0.629914641 1.07958019 0.640465498 0.359775394 -1.05927193 -0.310707808 -0.366553932 -1.22550762 -0.652899206 -1.03193116 0.110433683 1.01653147 1.13822281 -0.0469663255 0.1233624 -0.787244081 0.08744023 0.208337367 -2.26380968 -0.403712153 1.33127856 0.0339497663 1.03727496 0.268029064 -1.00975299 0.0808271095 -0.0827243403 0.451465309 -0.020228859 -0.59349072 -0.196705595 0.143455833 0.1024011 -2.89105296 0.382029027 -3.39518094 0.0492368788 0.0699448213 -0.186506331 0.0429537706 -0.0770655572 -0.0853645205 0.153157055 -1.36422813 -0.077340208 -0.198520496 0.685308456 0.105684638 -0.106561683 -0.702102184 -0.0100475838 0.186699927 -0.0538245887 -0.448848993 -0.0583694912 0.329051077 -2.42884827 -0.290509433 -0.0597028621 -0.351771444 -0.238713309 -1.24335587 -0.167427808 0.0255513098 -4.10096407 -0.637071013 0.11348477 0.279928416 -3.19055605 0.0542489663 0.864222288 -0.167278305 -0.597389638 0.711631835 -0.462948948 -0.448162019 -0.983092129 -0.145330861 1.28541613 1.09133959 -2.35554624 -1.60317779 0.695614874 -2.11765075 -0.790976167 0.294338256 -0.191290244 -0.915184736 -0.0260341652 0.418044686 0.174112648 0.99800384 0.246344388 1.87766004 -1.04020822 0.00416821986 -0.4669514 -0.820401788 -0.323322296 -0.638316929 -0.3946805 -0.581201017 -0.192625448 -0.296982437 -0.250341147 -1.46409619 0.564980745 -0.691830575 -0.236473173 0.152336404 1.17702281 -0.13107422 -0.64079541 -0.575734913 -0.40409705 0.268841475 -0.772854149 0.571731746 0.462103605 -0.650493145 0.284006208 0.0837316141 -0.22303842 0.842725158 -0.610837042 -0.586529255 -0.602861226 -0.00351376203 -0.808718443 0.451871425 0.0331677012 -0.438728273 -0.400440693 -0.350246221 0.003201043 -0.52961117 0.284800321 -1.29690456 -0.00969668292 2.04738379 -0.153137147 -0.41157788 -0.270263523 0.669765055 2.41232109 0.0857836455 0.847659886 0.174618468 -0.911464274 0.606873572 0.103883632 1.42945588 -0.106370233 0.0610398464 1.06040132 -1.69582057 -0.433298677 1.10826433 -1.78261673 0.19164969 0.00379414624 -0.230105042 -0.452332854 0.274326414 0.283334136 0.352042586 -0.972362876 0.0300856605 -1.15094876 -0.0124804331 -0.0596276075 -0.955555558 -0.762804687 -1.17380702 -2.14057136 -0.732046723 0.234018356 -0.55134958 0.089356631 0.252994537 -0.113234498 0.533091307 -0.772039413 -0.0322678685 -0.0944183916 -1.51792634 0.923518538 -0.757833004 0.249345511 0.109773993 -0.186121702 -1.10120392 0.0966565982 2.7436204 -0.0258393772 -0.351207435 -0.53816545 0.206226692 -0.659620941 0.628489614 0.399520934 0.680377126 -1.44648993 -0.43459782 1.20912075 0.39319241 -0.195465907 -0.171266124 1.89768815 0.829197705 -5.71039248 -0.156889483 -3.17548323 0.0471369326 -0.299203932 -0.148639336 0.738169849 -0.340815127 -0.127713844 0.289498478 0.134114742 -0.418059438 0.732787073 0.127350017 0.460525185 0.541001439 0.0637776554 -0.58422184 0.16158542 -0.351583302 -3.89118266 -0.598041654 -0.65210712 -0.13451463 -0.447830558 0.355279654 0.0757411122 0.33880198 0.445559502 -0.00589091145 -0.0359229706 0.665263832 -0.365306705 -0.445459843 -0.0306070596 -0.201102868 0.0430485345 -0.0561333299 0.288710892 0.108904526 -0.13603586 -0.307622999 -0.510984302 0.404985964 -0.435662121 -0.136595562 0.618633628 -1.42850721 0.169072554 -0.394133806 1.23715842 1.51163995 0.0523953773 -0.485479593 -0.096533753 -0.438970208 0.196047753 -9.98808861 -0.334399968 -0.11388462 -0.0599420331 -0.758987188 -5.20187283 -0.222360805 0.908116996 -1.48729753 -0.0967449471 0.520056427 -0.124174133 0.296779186 -1.37733138 -0.403417528 -0.0699316338 0.0247746632 -0.825022161 -0.703953624 0.496000499 -0.460737795 -0.592262745 -0.473122567 -2.66657567 0.161161333 0.255618304 -0.853156209 -0.205152109 -0.274258196 0.024351472 0.180446133 0.221625045 0.929347277 0.338506311 0.988556683 -1.05821931 0.20909299 0.352166295 -0.159286037 -1.37656343 1.51521909 -0.0596957691 0.467230499 -0.0678409338 -0.691024601 -1.09241879 0.299917996 0.0805715472 0.0635902658 0.420188427 0.0504487269 1.39173603 0.242107511 -0.656732619 1.30323792 -0.672959149 -0.690069795 -0.913727522 0.243887037 -0.228889048 0.246162489 -0.0767503604 -0.49462834 -0.656054556 0.297964603 -0.0491719395 0.770115554 -0.0636245906 -0.132241741 2.62071228 0.667414606 1.068959 -3.14414859 -3.20079517 -0.0893466473 -1.17169261 -0.879039586 -0.0777226463 0.0899065882 -1.84595919 -0.738241017 0.630915284 -0.257974237 -0.105210841 -1.06245649 -0.603273034 -1.78177953 -1.23528337 -1.3216213 -3.58014345 0.358546227 -0.363966942 0.0765551031 0.074933216 -0.199721828 0.179403484 -1.63010323 0.0298914928 0.806403756 -2.95300221 0.422072411 0.127631649 0.101920068 -0.0855321586 0.616370857 0.0474591516 -0.983701766 -0.188526809 0.429078579 -0.517563641 0.205048621 0.282392889 -0.924604058 -0.0822442845 0.0404763184 0.0329633839 -0.86410749 0.614634693 -1.26747501 0.512966454 0.0098407343 -0.256880909 0.16656585 -0.0110331299 0.366448998 0.819266975 -0.524992764 0.569946766 -0.426193297 -0.168935329 -0.182029054 0.0957359672 -1.90076423 0.638296425 0.0775255114 0.0196716823 0.507983744 -0.451222569 0.218308613 -0.0797579885 0.0723150373 0.0959234685 0.134860665 0.825792372 -0.740092993 0.235359564 -0.364431083 -0.974959314 0.0486475378 -0.0804079473 0.166753098 0.0677363351 0.850642323 0.179884911 -0.125870124 1.1464169 0.0948096514 0.118240066 0.30840838 -0.71461761 -0.0455973223 0.192056358 -0.0165461637 -0.469423354 -0.468779057 -0.0714618936 0.386297852 0.461742103 -0.353266835 0.490476847 -0.276827425 -0.926412463 0.0617856793 -0.250992626 -0.271559894 -0.077835761 0.122988522 0.932520986 0.807525277 0.246544108 -0.0680607185 1.11141217 0.390595406 -0.489522874 0.673533678 1.27602661 0.19142133 -1.62427449 0.239101008 0.654106081 0.377632022 -0.575658798 0.00910254475 1.52926826 0.073536709 0.0324885696 -1.13423908 -0.853625298 0.216739371 -1.46664965 -3.46929359 -0.670900881 -0.0553431213 -0.676750541 0.331540078 0.511664927 -0.465854257 -0.837640166 -0.0158939771 0.655126929 -2.52247286 -0.121882655 -0.40547803 0.0975665152 -0.957320988 0.634572566 -0.970579863 -0.28739807 -0.89040947 -1.3988893 0.302399963 0.185072616 -0.0743286833 -0.0593712851 -1.22842371 -0.501132011 0.657227039 -1.58926797 0.487537026 0.42397365 0.248075828 0.338947296 0.283959657 0.107076928 -0.669903696 -0.329805493 1.09799361 -0.0107382545 0.02040077 -0.27695331 -0.484846503 -0.210607693 -0.139457569 0.246919543 0.154625624 -1.19858027 -1.89670622 0.607610881 -0.387974948 -2.38718247 0.455134839 0.102606311 -0.260385126 0.173440352 -0.176604345 -0.0133927828 -0.793658435 -0.569505334 0.339459091 0.222948715 -1.2777741 -4.61505985 0.628364086 0.923544168 0.366332114 -0.114174172 -0.873493612 -0.0863572732 0.00844215229 -0.0561203361 -0.435055286 -0.53933084 0.37738964 -0.0539499521 0.303587228 -0.0949583352 0.312035203 0.175900742 -0.224737212 1.11558533 -0.194950342 -0.582942188 0.0274509247 -0.297025621 -0.0386956297 -0.231775269 0.68857801 -1.10099375 -0.455069035 0.108424537 -0.173751518 -0.329123348 0.359132469 0.0510275401 0.836268485 -0.155494437 -0.584756911 0.368079245 -0.432621926 -0.292645842 -0.107834019 0.777060866 -0.134769529 0.292135209 -0.238912329 0.671639621 0.100256257 0.473032534 0.194503427 0.20091705 -0.551430285 0.137922019 0.461507231 -0.193126857 0.214491352 -0.520427585 -0.0790020525 0.337362558 0.902880967 -0.207312718 0.790090919 1.36420119 -0.112342939 -0.370549738 0.69274044 7.81442261 0.0103447689 -3.28861785 1.48698008 0.0714072958 -0.782962978 0.120049961 -0.283008188 0.0485594012 0.0758927539 -1.30003357 0.316139758 0.750919878 -2.08824682 -0.575325012 0.192920864 0.528683186 -0.421748936 1.08623314 -1.70959115 -0.654510856 -0.6633569 -1.9763701 0.364839613 0.152609244 0.219699398 0.0880666226 -0.0418865085 -0.913758755 -0.604587138 -0.0191554092 0.190784976 -0.138407618 0.0181826875 0.539958239 -0.342324585 0.389267415 -1.68884373 -0.196232274 0.418011129 0.153834611 -0.26257965 0.0100926813 -0.143156976 1.14774585 0.0105608981 0.362775236 0.903428316 1.07684076 -2.42114377 0.310338169 -0.310408443 0.574250221 0.152712986 -0.29005 -0.678667963 -0.25950861 -0.658533752 -0.992369592 -1.81697309 -0.578401029 0.561938941 0.0738788992 -2.33516645 -8.63833904 -0.246135145 -0.151740864 -0.736487925 -0.540675998 -0.067448318 -0.160178155 0.456101716 -0.149093851 0.100171506 -0.219124064 -0.119060375 0.449178219 -0.24040243 -4.26428318 -0.27650252 0.109533623 -0.674552381 0.32751146 -0.0233766511 0.0579338521 0.462942481 -0.153679878 -0.398399442 0.233169958 0.893562913 -0.637220502 -2.13830066 0.0747030228 -1.38098919 -0.919066191 -0.75142175 0.172244698 -0.0306031741 0.521252275 -0.901156485 0.162955567 -0.484604746 0.326784015 0.0259706564 0.453372151 -0.415210605 1.73958313 0.228682786 -0.261009067 -0.225044042 0.108996756 0.157988608 1.20024931 0.365581065 -0.529441833 0.135925561 -0.570833325 0.555269897 -0.254640162 -0.15386492 -0.611812651 -0.238058746 -0.525649369 0.1570317 0.936784387 0.497216523 -0.58294183 -0.0142081315 -0.631181359
tensor_linearrelustack9bias 1
0.126560166
tensor_linearrelustack0bias 64
-1.26786649 0.893527567 -2.36957526 0.117092967 -0.241931856 -0.587399125 -0.451330066 1.00355232 -0.0814660266 -0.967041194 -0.67351532 0.286128938 -1.01513219 -1.44870114 -1.17407858 -0.627061963 -1.34042335 -1.14334059 0.901869714 -0.530722797 -0.683555126 0.857872903 0.191389263 0.37266013 0.00950645376 -0.71544373 -1.73519468 -0.362416893 -1.62439609 -1.67629409 -0.595766425 0.885637105 0.12556307 0.375106782 -0.612008035 0.312945068 -0.79080677 -0.510276675 -1.12333643 0.988032818 -0.231297866 -1.01492465 -1.11908686 1.02846205 -0.246830672 0.856545329 -0.910349667 -1.65955508 -0.986229062 -0.661697626 -0.0868578851 -1.60864353 1.1554482 -0.469519436 -0.397405118 -0.396619648 -1.25655937 -0.835435808 0.846506298 -1.10924184 0.921693325 -0.147648633 0.0197895411 -0.261759102
tensor_linearrelustack6bias 16
0.0963745117 0.640915275 -0.0423349626 -0.328311801 1.00882232 0.838885665 1.28340578 0.858524621 0.833954036 0.396339566 -0.254112631 1.46969283 -0.112998612 1.43110478 1.27151108 0.500137508
tensor_linearrelustack0weight 896
-0.406866521 0.0502090715 0.436352879 0.319749534 -0.549553692 0.671775699 0.772559464 0.995518386 0.282701612 0.389406055 -0.435311764 0.114256255 0.0902017802 0.612518489 0.0629232973 0.0605436973 0.00849122088 0.0402562469 -0.00130862498 -0.168267667 -0.0205704179 0.10519518 2.23845029 -0.00974438898 -0.1479536 -0.124447189 0.00829168409 -2.69893909 -0.333729833 0.0624409877 -0.589658916 0.158331007 0.814656556 0.236785755 0.595345855 0.474143952 -0.874780655 0.261534214 0.489873797 0.263228923 0.00716760196 0.183239803 -0.404575497 0.085458912 0.152613327 0.243066683 -0.174293876 0.981807888 -0.134643778 0.655295789 -1.00804436 0.212655604 1.60448313 0.157491744 0.178790212 -2.62881327 -0.52197206 0.185482845 -0.00607891288 0.0811688751 -1.26334417 -0.555820346 0.687209725 0.146899939 1.51070011 0.220069721 0.0791727006 0.0414600186 -0.133630633 0.290403932 0.0163081195 -0.0195949282 -1.18062198 0.285114139 0.159710467 -0.366622686 -0.127066255 -0.0636997744 -0.3491638 0.12191876 0.850403965 -0.138310596 0.022957379 0.634099722 -1.16906464 0.148864001 -0.41983977 -0.981640995 -0.335186452 -0.782035112 -0.867734134 -0.792437732 0.935231626 0.0625840649 0.444701344 0.922991157 -0.00592896482 0.0664704815 0.21710968 -0.126445383 0.110745393 0.164692804 0.261541665 0.322185963 0.532036781 0.0243482981 0.294953316 -0.125357926 0.318254113 -1.36519504 -0.445774466 -0.729593694 0.147001609 0.425574929 -0.00664488086 0.0348652937 -0.155309573 -0.188743636 0.125722751 -0.173349187 0.258924603 0.987448692 -0.13556698 -0.0390914939 0.117949583 0.120808594 -0.393692642 0.0129358899 -1.0575546 -1.29425383 0.446038693 -0.260927647 -0.24785316 -0.277066797 -0.438159734 0.0910534635 1.13203883 0.587085903 0.0248052515 -0.0635877401 0.307857215 0.0909276754 0.571596205 0.276452988 0.177447557 0.345983863 0.410458714 0.538523316 -1.46100342 0.025577385 -1.64861012 -0.274858117 -0.021543378 0.277588695 0.60163027 0.272810876 0.232933104 0.137692526 0.201025054 0.784383237 0.416955918 0.825924635 -1.32971907 -0.0069459877 -0.049905777 0.308829874 -1.36925411 -0.777281761 0.389804572 0.108385533 -0.625414729 0.247857943 -0.204822287 0.887276709 -1.25234532 0.155132964 0.830715299 0.0299330335 -0.209281355 0.519489467 0.0104391482 -2.51905084 -0.00355999637 0.31475535 -0.732924879 -0.238616496 0.0363883413 -0.789818466 -0.275619656 -0.754841268 1.51743197 -0.44629842 0.825354159 -0.111928225 -0.802461445 0.567212224 -0.676282942 -0.331196785 0.0474403761 -0.0182118416 -0.0615275912 -1.20325351 0.532530129 -0.741717219 0.177158028 0.0197547562 -0.358687431 0.111067221 0.221112266 0.532024801 -1.34562981 -0.172719464 0.117257133 -0.148339123 0.419722676 0.843362868 0.527181625 0.353256434 0.415664285 0.121254086 -0.294602573 0.250581145 -0.642453372 -0.293474466 0.367280364 -0.040115308 0.0515318513 0.0259270109 0.327604324 0.204828456 0.27668786 0.264097184 -0.872347772 0.026721254 -1.78514254 0.510652125 -0.0642779619 -0.190882027 -0.0642107874 0.179075107 -0.112289429 -0.0407995954 -0.637802184 -0.187074929 -0.691814125 -0.247595206 -1.66594112 0.0483992286 1.40494013 0.463082343 -0.193607479 -0.627466917 -0.306606889 -0.0406319089 -0.148739159 0.24851346 -0.110192925 0.0883113295 -0.0869942456 0.018412387 1.16708791 0.0412771255 1.25259471 -0.828773558 0.00773974415 -3.74949074 -0.380651563 0.0344261937 -1.12444127 -1.20861757 -0.98291719 -0.694103241 -0.33865878 -0.651421368 1.67959309 0.0291996747 0.233440608 0.105212294 0.0423914827 -0.0200289395 -0.0862232521 -0.00479483651 -0.332698762 -0.129236728 -0.138858989 0.494975984 -0.21884881 -0.0913052335 1.05130911 -1.07287502 -1.19137943 -0.375029027 0.330991209 -0.966917932 -0.594517291 -0.0326609984 0.03096807 0.0272912495 -0.164573163 0.817006409 -0.875748277 0.0471891314 1.90707731 0.1334842 -0.0640782714 -0.0509639643 0.162270144 -2.01986408 0.541455865 0.065023452 -0.167048633 -0.0674331933 0.146062419 0.551628172 0.270121336 0.283974856 1.0284121 -0.0592095815 0.370743215 -1.14456451 -0.590539992 0.711854398 -0.0136890775 -0.255529493 0.918753624 0.218866765 0.000464815093 0.92458725 -0.454540014 0.622362494 0.0292967446 -0.0580157302 -0.419027746 -0.424135387 -0.232440144 -0.275701791 1.3018676 0.208204091 -0.143602565 -0.172982574 -0.042978622 -0.155843288 0.420805901 0.0252452325 1.12307549 0.130342796 -1.29791057 -0.451004922 -0.451924562 -0.324512869 0.476553291 -0.000404099381 -0.0522536002 -0.221454248 -0.10274414 0.294765234 0.647822797 0.077222988 -1.58814096 0.0829773471 -0.420127273 -0.0860066488 -0.22482188 1.28334141 0.216595516 -0.513532221 -0.839807332 -0.631621718 -0.370359004 -0.0757230595 -1.06277096 -0.152008086 0.899715483 -0.0303094238 -0.409895092 0.333770782 0.128535137 0.645219147 0.67511946 0.701105416 -0.0155009152 -0.0481960811 0.0421631932 -1.50612652 1.73899245 -0.583493829 -0.215779781 -0.488834023 0.263865352 -0.115668125 -0.0814896375 0.185485482 0.148005188 -0.21533376 0.427084416 -0.100677751 -0.298901528 0.478819162 -0.521465242 0.267365545 0.062676318 1.15650845 -0.54617542 0.00957720634 0.158726797 0.654564917 -0.108266532 -0.0493206307 0.209813297 0.050594531 0.0475652963 -0.0867490545 0.259298712 0.160046682 -0.837694108 0.143269271 -1.69588089 -0.45026052 0.19292064 0.113446087 -0.0484713092 -0.299466729 -0.0108433086 -0.0895158425 -0.179431409 -0.263017297 0.575929165 0.0843592212 0.140920877 -0.0557686947 0.844722092 0.746417224 0.160868719 0.137836963 0.0482196286 0.251792431 -0.178339839 0.095419541 0.104970962 1.32710862 -0.7085886 0.549054563 0.208630443 -0.0936355144 0.26884979 0.0101053901 -0.0310517233 -0.0626281202 0.636960506 -0.177698195 0.0024303426 -0.0912525579 0.57648623 -0.631827652 0.894354224 -0.322869748 1.1013447 0.326526999 -0.00452867849 -0.199873105 -0.102662206 -1.5613414 0.27402842 -0.0432572253 0.403865069 -0.684131384 0.114502698 0.00398226781 0.832054138 -0.114407137 -1.19704568 0.363376379 1.15730321 -0.238389328 0.225611836 -0.975399256 0.775532186 -0.171745926 0.309682757 0.523600519 0.649432659 0.412763447 0.034825027 0.420302361 -0.897528887 -0.0223273076 -0.910731554 -0.937159538 0.0824946687 0.493249685 -0.945677221 0.168802515 -0.243386522 0.0125973327 -0.0725973472 0.446381748 -0.295983553 0.227586344 -0.103846185 -0.235697925 1.52505291 -0.469663531 -0.181184992 -0.359039873 -0.30244559 0.055345118 -0.868065476 -1.04421258 -0.010533304 -0.8791852 -0.912588 -1.01776159 0.123373628 -0.0234135017 1.09838724 0.609918594 -0.0285641532 -0.0101317354 0.192218572 -0.322567105 0.527174175 0.274187535 0.00558003504 0.544221759 0.0459518656 0.396200627 0.232088387 0.0569288172 -1.67903078 -0.296408027 -0.00894956943 1.0264163 0.524950922 -0.106164731 0.152671963 -0.30509302 0.104439944 0.333998889 -0.23799254 0.471824586 0.22422795 0.206031904 0.841634691 -1.32288039 -0.0678078607 0.245760366 0.120145038 0.0916626006 -0.0329243578 0.308565259 0.168130547 0.292486787 0.292849362 -0.105615593 1.03544712 -0.034116935 0.203847975 -1.56141198 0.0209669676 -1.74526012 0.301213413 0.00492017809 0.878173113 0.0906659737 0.120189182 0.866474211 -0.540477216 0.220217347 0.0165707264 -0.494528919 -0.954286993 0.389511943 0.146953478 0.000752443273 0.398118943 0.882187366 -0.418073803 -0.258759856 -0.165931359 -0.985440195 -0.257574499 -0.688193202 0.76484406 0.71560365 0.298503995 -0.0790483281 -0.088058047 0.439615995 0.627549887 -0.0241655 -0.122367807 -0.177333489 0.0652165636 -0.277904451 -0.313563406 -0.444146633 -0.698373735 -0.0157972928 -1.13167989 0.228832126 0.233789623 1.47765493 -0.213606641 -0.0214047413 -0.0715794116 0.0326653942 0.0733614117 0.22653164 0.390970528 0.147740737 -1.09656727 -0.100941077 1.63939726 -0.0437724926 -0.0552843064 -1.79274654 0.613732874 -0.0721239895 0.417629242 -0.327342749 -0.098570697 -1.26997697 0.734974265 -1.00845993 0.596538961 0.0876780599 0.564455926 -0.869415879 0.0670534745 -1.63692141 0.373133183 -0.0136372196 0.211695626 0.140664652 0.515093565 0.570139229 0.877170444 0.328702152 -1.11389279 0.0942738429 0.359065235 0.514044881 0.0420555025 -0.89941901 -0.44783774 0.391215146 0.501967609 -0.332076073 -0.603245676 0.407502025 -0.50383383 0.202269971 0.124514632 -0.374628246 0.00198070495 -0.769261599 -0.341303825 -0.15511182 0.329812527 0.0787592828 -0.469728261 -0.0762972832 0.216117889 -0.143103406 0.149434671 0.0956317335 -0.663507879 0.161928803 -1.0227828 0.886406541 0.0248713233 -1.41762769 0.39279893 0.227468252 0.175133929 0.096528478 0.06459824 0.33538419 0.0104725203 0.494379908 0.573764324 -0.0898676142 -0.940118551 -0.180649862 -1.97858524 0.368992388 0.384882361 -0.0747944042 0.40559271 0.212104321 -0.00847571902 0.586827695 -0.899779558 0.194090471 -2.08612442 0.0972890332 0.425164759 0.438854456 0.434399992 0.226745605 -0.375431836 0.526997983 -0.369610399 -0.423095226 0.734830558 -0.566686094 0.262572587 -0.44843477 -0.878866911 -0.218617558 1.2199018 0.416234821 0.0151538244 -0.823353529 0.153106153 -0.0949219465 0.0537861064 -0.0747770444 0.117904224 -0.220601872 0.0625555068 -0.36811617 -1.02120042 0.0512205362 -1.30958378 0.666010797 0.0233635828 -1.6427865 0.0847771689 0.123290464 -0.103550695 0.128257737 0.107459716 1.00446904 -0.232140169 0.40101102 -0.19776161 0.00320878159 1.12231505 -0.410768896 -0.466048479 -0.831694245 0.0767437443 -0.135787502 0.180620953 0.185650826 -0.0630058125 0.0774158314 0.275232375 0.341736913 -2.00291324 0.0466339998 0.579172909 0.357446551 -0.0975315571 1.23766232 0.0412387736 -0.232085273 -0.696932197 0.147928014 -0.175193265 1.64871633 -1.98960423 0.396615475 0.241860569 0.0303952172 0.0585330464 0.178587571 -0.0461671874 -0.216150612 0.574318171 -0.095094718 -0.0581704788 -0.179035768 -0.170121744 -0.571228921 -0.0481487028 -0.384314865 0.173762336 0.0571789928 0.669373691 -2.32046437 -0.139642566 -0.654337108 -0.0556442104 0.13105081 -0.374404281 0.0705186352 0.0986016914 -1.07502317 -1.5081507 -1.32189238 -0.0777669996 -0.0124277305 0.967680633 -0.0213511568 0.05361275 -0.167522088 0.492187411 -0.138726681 1.25342011 0.436778218 0.222502887 0.955091119 -0.416028202 0.809400082 -0.531485021 0.223611444 -0.462388158 0.317024142 -0.119513661 0.371567279 -0.114466317 0.123414665 0.0352885649 -0.00393790472 -0.0191270169 1.33920908 -0.216128409 0.98463273 0.103085458 -0.0800763816 0.101396374 0.0690742135 -0.0206480008 -3.89797139 0.123215109 -0.248842224 0.0516518615 -0.00412419252 0.00616811728 0.119372696 0.147871539 0.17473352 -1.89152098 -0.00129113079 -0.0208805092 0.0436295308 -0.134884462 1.58158255 0.248520136 0.167030334 -0.0151168099 0.0839731544 0.0682247281 -0.5263924 0.961331129 -0.291662425 0.300029725 -0.0769514292 1.39321971 -0.980712414 -0.135684237 -0.257319152 0.351360053 -0.21565257 0.50282985 -0.79270041 0.206943408 0.478457451 -0.273087382 0.235384762 -0.55619365 -0.0304826181 -1.03172684 0.606013179 -0.397045881 0.596797049 0.322435975 0.157676458 0.32279405 -0.852250278 -0.010236904 -0.655384958 0.14019376 -0.634095252 1.16569233 0.00598446233 0.834099054 0.0826439485 0.0119044883 -3.33471632 -0.0732195079 0.327664673 -0.0200413205 -0.00513226772 -0.0211748108 0.13423562 -0.0856065303 -0.0448531359 2.01941323 -0.0112441257 0.0138711222 -0.00599352922 -2.28258562 0.031947054
