tensor_linearrelustack9weight 16
0.151479647 -0.230580181 0.132415563 0.125518233 -0.123265445 0.139642552 -0.294149816 0.218801349 0.213142946 -0.142386198 0.234091789 0.307081729 -0.127337262 0.308999598 0.163352743 0.140895262
tensor_linearrelustack6weight 256
-0.95494163 0.0711660311 0.449229747 -0.630122244 0.264378071 0.1440157 -0.58125478 -0.12164966 -0.46860683 -0.615173101 -0.520755529 0.0985282138 0.104901589 0.387385011 -0.324766666 -0.332420379 0.149175629 -0.446615934 -0.364102334 -0.20074977 0.11656034 0.305378526 0.59031409 0.657271802 0.265031695 -0.170898363 -0.0645669475 -0.410917878 -0.227307796 -0.246471003 0.745780885 0.845179498 -0.245733812 0.167489529 -0.172194213 0.135769159 0.129073694 0.205295712 -0.629018605 -0.177703515 -0.249897242 -0.845316887 -0.475377053 0.310138136 0.572399139 0.209767058 -0.438355237 -0.213685915 -0.499029785 0.112320416 0.0333916061 -0.200459421 0.193509087 -0.203468412 -0.248749644 -0.170646042 -0.529212236 -0.693012118 -0.468693256 0.154226437 0.543210208 0.405911684 -0.431517154 -0.388452023 -0.122698702 0.131629109 -0.437877089 -0.101237275 0.394334674 0.798287392 0.75582689 0.546828747 0.217235699 0.178260759 0.275527298 -0.505165875 -0.209655285 0.0115731433 0.518933296 0.351730615 -0.665736914 0.0995777696 -0.265080065 0.175133318 -0.157797128 0.312530369 -0.666997671 -0.248992965 -0.0526896939 -0.911078691 -0.316396683 0.487616509 0.784564257 0.0926607698 -0.460775703 0.094148986 0.233093902 -0.214646429 -0.66727984 -1.24011755 0.131414011 0.640334308 0.0661402717 -0.0641432926 0.137129977 -0.189705268 -0.0668737739 -3.44857478 -0.250517935 -2.40201735 0.239083499 0.474476188 -0.0952375308 -0.129947901 -0.303332537 -0.175061971 -0.0258117802 -0.711243033 -0.0504132211 -0.203117475 -0.0443638228 -0.0729833692 0.120894127 -1.01593292 0.121587574 1.2044704 -0.208096668 -0.205447152 -0.429605156 -0.0784962028 0.825198472 0.0755875036 -0.231003463 -0.0756946504 -0.0386705697 -0.37192589 -0.0933330283 -0.230996519 0.0968895182 1.35662436 -0.0520605482 -0.836375654 -0.133694932 -0.211790159 0.526928008 0.22558327 -0.493323803 -0.507744789 0.271516889 0.321644515 0.514606118 0.526212633 0.687485814 0.84378463 0.0219569411 -0.256958485 -0.117214553 -0.305181712 0.0184901841 0.250432938 -0.0555096976 -0.0870358497 -0.00814954657 1.36147928 -0.283367217 -0.817480743 -0.0260794461 -1.50744534 -0.370039463 0.196136072 0.112248473 -0.159298673 -0.243690446 -0.641219258 -0.605763316 -0.781195462 -0.0341376886 -1.55685353 0.500195086 -1.01025259 -0.773157358 -0.152865708 0.776903868 0.465156227 0.454669386 0.399273902 0.329665184 -3.14356661 -0.70164305 -0.950552523 0.604765534 -0.149658442 0.252315432 0.36158365 -0.350655705 -0.0959684402 0.385928214 0.716383636 0.642602146 0.450973034 0.447400481 0.567462087 0.209348083 -0.262974381 -0.113234155 -0.25474298 0.0314854346 -0.0964600295 0.636118948 -1.30390084 -0.6742872 0.727428436 -0.226811811 0.0492347442 0.386237323 -0.298653126 -0.246222556 -0.36831367 0.356385857 -2.96239257 -0.0706332028 0.0847228616 0.256711364 -0.0278661922 -0.898851693 -0.0104600945 0.0529698879 0.204543829 0.490341067 0.384147316 -0.42132622 -0.724088848 -1.30539262 -1.47073627 -0.912958324 0.679614902 0.688252807 -0.0827189684 -0.511603415 -0.802798212 -0.767908454 0.00798471458 -0.25412637 0.469825953 0.587049544 0.135715783 -0.574354827 -0.271977544 -0.461378932 -0.533000112 -0.666368246 -0.303338885 -0.162953168 0.528813362 -0.527152717 -1.03902447
tensor_linearrelustack3bias 16
0.034156885 0.678279519 1.03916907 1.10976672 1.25018537 0.360044479 -0.21757558 -0.449914962 0.329810619 -1.16454005 -0.299223185 0.757888675 0.825017452 0.985411465 -0.0629694313 0.696968853
tensor_linearrelustack3weight 1024
-0.129053712 8.9729414 -0.869377911 -0.164219141 0.136874661 -0.301186651 -0.170527741 -0.235229164 0.0159831811 0.734022856 0.384884596 -0.597766638 1.68993533 0.00837285072 0.351999193 0.244680136 0.0932517573 0.0538665205 -0.193971589 0.210183725 -0.145533606 -0.451026648 -0.434706479 -0.208694622 -1.35307157 -0.745201707 0.139392212 1.14084101 -0.159628764 -0.644608259 -0.0218834952 0.110040031 -2.09745502 1.05231869 -0.135820493 -0.0213369261 -0.561218262 0.643382251 -0.386483908 -1.63639224 -0.485271633 -0.548029661 0.910933793 -0.334404618 0.916908741 -0.283775926 0.215562537 -0.411691308 -0.34555608 0.0383190587 -0.495166928 -0.0523801558 0.615002513 0.885830104 1.2878449 0.206153065 -0.720873237 0.498974681 -0.741361201 -0.212147295 -0.207469419 -0.55330658 0.60030973 -0.0476073846 -0.156892478 -5.25960493 0.0776751265 -0.181568086 -0.27043882 -0.152804434 -0.178276747 -0.944220781 0.392610103 0.430216283 -0.259850323 -0.6966241 0.0380016267 0.484019756 -0.298695594 -0.00794307981 0.0811723545 0.0315876827 -0.249119341 0.0919293687 0.663452327 0.330311418 0.00592412287 -0.0212063808 -0.542251766 -0.803092062 -0.237269714 0.117109761 -0.65701443 0.133747414 0.45460102 -0.523993373 0.352192521 -0.676883042 0.0436017364 -0.360524178 1.56229365 -0.480951697 0.0457148626 0.358349591 -0.112280741 0.510286987 0.00240299804 -0.547298312 0.364796937 -0.187378958 0.582321227 -0.0557982251 0.0805759355 0.0436334573 0.242705137 0.628646851 0.176024571 -0.0386764556 -0.630516946 -0.0157866199 0.394572079 -0.131209791 -0.126936257 0.134419501 0.132999763 0.278322786 -0.408320576 -0.322286367 0.20145753 -6.05018616 -0.41848141 0.0655474514 -0.295560986 0.169487566 0.094008483 1.34986663 0.124443822 -1.0270679 -0.700912833 -2.25528502 0.393039107 0.0486104675 -0.189972863 -0.337769926 -1.52788079 0.391313225 0.1216515 -0.353145301 -0.738847494 0.0691077858 0.226588294 0.555001855 -0.155280054 -1.761397 0.636056185 -1.05869782 0.174357727 -0.43957442 0.392786175 0.465223819 -0.5048666 -0.452360451 -1.10184872 0.088834323 0.74852097 -0.175700113 -0.391376466 1.18426096 0.297545552 0.650704741 -0.0974772349 -0.0981720015 -0.529073417 0.42816633 -0.256073177 -0.269942254 -0.220002741 0.0609638989 0.86918211 0.1517905 -0.203224152 -1.27118325 -0.354285777 0.414013892 1.38105297 -0.299794793 0.419440717 0.0240787677 -0.770342708 -0.0487017632 0.133509412 -0.253904194 -0.0262964834 -3.91953993 -0.417093396 -0.0297308862 -2.17701244 1.37412667 0.120981194 -0.00350948074 -0.337784797 -0.416105777 -1.46461511 -0.674906552 0.60762459 -0.319795907 0.788336813 -0.899709344 -2.65742755 0.823567152 0.247909218 0.155695021 -0.287967324 0.108239233 0.204687744 0.263570815 -0.867038965 -6.5243001 -0.0927903801 -2.24264884 0.296222717 -1.89230466 0.320465297 0.399398804 -0.151713222 -0.614504278 -0.527160823 1.18372512 -0.642358303 -0.753365517 -0.18482475 -0.257921904 0.610118508 0.0676548481 -0.290443718 -0.279267848 -2.17646265 0.131506369 -0.0449582152 -0.073621206 -0.0340819918 -0.452038646 -0.668723345 0.210846752 -0.0162510835 -0.274751693 -0.930985749 -0.58204937 0.222526759 0.0676233247 0.156339899 0.390002489 -5.17304802 -0.16129601 -0.402548224 -0.201003239 0.600253165 1.23469698 0.822760403 -0.434749305 -0.0305024702 0.1342251 -0.577355087 -1.29636145 0.0486160927 -0.65866977 0.645009935 -0.420937061 0.422717899 0.313946456 0.160123035 -0.39093861 -1.43703604 1.45349908 -0.49982807 -0.254928499 0.165685713 0.0402895473 -0.611460209 -0.247649655 0.325658858 0.225538388 -0.437482655 -0.217279568 -1.03759873 -0.214727432 0.00183095492 0.172339886 0.344575495 0.538068533 -0.468320966 -0.494006425 0.328099072 0.499322712 -0.143632084 0.380996168 0.0957127213 0.350143492 0.518747687 0.508821547 -0.0819542408 0.069728449 0.436975092 0.221361801 0.0538897328 -0.728313386 0.375150055 -1.34306431 -0.430107474 0.148782626 0.135244027 -0.300648212 -0.00346087269 0.207261235 -0.603702724 0.346670747 -0.564014077 0.238645464 -0.537135124 0.461198479 -0.136451647 -6.9084363 -1.26602936 -0.101754174 -0.270420045 0.383858949 -0.575995803 -0.715245068 -0.0907813534 -0.0510514863 0.942991376 -1.42179871 0.370040476 -0.508607566 -3.87023973 -1.76324677 -1.08179486 -0.785502613 -0.469259411 0.274231136 0.307360142 -1.00563931 0.149289876 -0.1252767 -0.622846067 -0.305724531 0.366909653 0.708178163 -0.527313173 0.769851387 0.185426548 -0.207199469 -0.279824913 -0.469949037 0.358734906 0.153670445 0.876252711 -0.326101184 -0.424309224 0.0866288394 1.78545058 -0.0628234372 1.1122154 -0.0262235329 -0.00213836576 -0.614059329 1.39339828 0.347279936 0.153713867 -0.428913414 0.181414708 -0.705657423 -0.187568754 -0.09411183 0.891872883 -0.0116637228 -0.291326612 -0.154309019 -0.511035383 -1.29073524 -0.261892855 0.418647319 -0.112233013 -0.65713501 -0.0818292648 1.26459181 -0.426515043 -1.68653321 0.101423308 0.393619865 -1.25265348 -0.382516384 -0.43131566 -0.124277078 -1.0661267 -0.0877729654 0.615446627 0.0573681295 -1.43946087 0.148176044 -0.0566275194 -0.154392466 -0.0578124486 0.0652104318 -1.41488791 -1.10675848 0.156285957 0.237095773 0.358389229 0.216855869 0.739166558 -0.219851956 0.278463036 -1.36937582 -1.4988066 -1.03215539 -0.1850086 -0.43336758 0.710004628 1.10596609 -1.671996 -5.83414364 0.459572822 -0.167294234 1.13872087 0.36104843 1.01821756 1.02446878 -0.009650819 -0.00884668343 0.428412318 -0.0415190533 -0.128200173 -0.329288661 -0.550301075 0.270185024 -0.0752436593 -0.176994562 -1.42849898 0.0915701017 -0.616621554 1.09542382 0.0804360956 -1.67186475 -0.00860990677 -0.0111243753 -0.276612729 -0.579699636 0.275056869 1.62745321 -0.171525404 -0.288454771 -0.0204588622 0.161321774 -0.1306431 -1.00732362 -0.947095156 -0.180808738 0.306105167 -0.863745213 -0.0700228065 -2.10860586 0.306940615 -0.861772776 -0.306023329 -0.556553721 -0.23849608 0.500881433 0.0228953231 -0.113028102 0.974462986 0.637860596 0.422768623 3.32313943 0.146336496 -0.477647156 -0.0335640796 -0.55027324 0.10413941 0.331916004 0.0872903764 1.01806569 0.10161598 -1.19308841 0.810782433 -0.0184794161 -0.252026409 0.41177696 -0.565107703 0.108228527 0.546837032 0.408924341 1.92506349 0.204240412 0.0927587077 -0.0713962689 0.315057307 0.166628867 0.408713639 -0.204707906 -0.168069497 -0.332972527 0.347788155 -1.33224189 -0.434876829 -0.669458807 -0.327044189 0.968533397 0.600856304 0.972732604 0.134520084 -0.944815755 -0.346829653 4.03055525 -0.0947868899 0.0967907682 0.0787077919 -0.241201788 0.568367243 -0.917850316 -0.186782584 0.127378717 -0.667940259 -1.4095732 -0.475491345 -0.644496202 -0.423983872 -0.475219488 -0.0428786129 -0.200428665 0.263533175 -0.480525374 0.0820021778 0.136842653 -0.185451806 -0.107673891 -0.950852096 -0.443513066 -1.37632334 -0.260057241 0.350781888 2.66391993 -0.302413315 -0.371716291 0.344881833 -1.10302651 0.182783633 0.0819351748 1.10503888 0.141098902 -0.475858748 0.136163414 -0.644384444 0.680901885 -1.45384657 -0.449168891 -0.314631194 0.140394971 -0.166090146 0.209313169 -0.183306992 -0.376445115 -1.32691121 -0.352255195 0.0634655058 1.83140016 -0.522780418 -0.116183765 -2.36612272 -0.0900746584 -0.176185369 -0.0111842128 -0.14267239 0.39289403 0.249713138 0.333714962 -0.541472256 5.80013895 0.227794826 -0.636566877 0.281211406 0.85485673 -0.872843325 -0.620727777 -0.0518876687 -0.171567917 -0.242993101 0.0157578718 -0.113782771 0.132287249 -0.782672465 0.3695907 0.182733417 0.0916571468 0.168831453 -1.20652533 -1.87090468 0.238607273 0.186369613 0.0162958801 0.378876925 -0.499945372 0.343207717 -0.401326448 0.724879622 0.497050136 -0.398102105 0.36191684 0.529637814 -0.101632938 0.104910627 -0.00100545282 -0.336270511 0.10942553 0.736264825 0.0115041146 1.21782267 -0.576252282 0.31964016 0.340014249 0.0685586184 0.733488798 -0.0664150044 -0.359437138 -0.530609131 0.526935458 0.920789361 -0.800240576 0.138327315 0.736969769 -0.883644879 0.0968837216 0.295012474 0.547766745 -0.150975302 0.35808146 0.785836399 0.645798266 0.0522052795 -0.291425675 0.322258204 5.16165304 0.470030487 0.499018312 0.40547502 -0.29307127 0.0331907608 0.752382338 0.00727927592 -0.691101789 2.10687661 1.60650015 0.584863305 0.023193825 0.0427272879 -1.13600969 -0.234083161 -0.524480343 -0.261524647 0.206646368 0.163023278 0.00976687204 -0.171539143 0.13992326 1.22309327 -0.934802771 0.912305415 0.546945512 -0.265787929 0.00251819915 -0.0239277761 -1.6118201 -0.301021606 1.42156434 0.0303485114 -0.300143927 0.267444044 -0.157115564 -0.354495019 -0.247585565 0.637356222 0.0614098683 0.925372958 0.71727252 -5.12773228 -0.189505175 -0.349244326 0.547783256 0.82944572 0.1513744 -0.623451293 -1.28421128 -0.18358703 -0.225621611 0.878575265 0.187118307 -0.776609838 0.205431402 -0.179549068 0.238668129 -0.510826826 -0.412572473 0.337520838 -1.22097158 -0.0125535978 -3.6325593 -0.764542103 -0.160617769 0.287218124 -0.0612904057 -0.036343582 -0.517679334 0.143050149 -0.218388453 -2.56032419 -0.962078571 -0.954741418 0.896090627 -0.183976933 0.083723031 1.30249333 0.198415339 0.112365216 -0.0455874838 0.03439698 0.398602575 -0.193574876 -0.243918523 -4.03389215 -4.46212006 -1.34631634 -2.10740399 -0.075204134 -1.69424176 -0.446336895 0.334329039 0.92632699 -2.15520263 0.106356628 -0.420112073 0.2596488 0.0867158249 1.20493889 -1.04563808 -0.407791734 -0.543886006 -1.64233625 -0.466111243 -1.03004372 0.155125484 0.280740917 -0.147101909 0.330181867 -0.101680987 1.29923165 -0.277912587 0.0941867009 -0.143952236 -0.541712701 0.628434777 0.215600803 -0.996313274 0.102922313 1.08730042 0.445769727 -3.84713197 -2.10273838 0.488677531 0.107894279 -13.2139969 -1.44712114 0.238763422 -0.435180515 0.204157189 0.00167138351 0.324816585 -0.11904607 -0.550155401 -2.23520374 -0.394900411 -0.204478383 -0.122263454 -0.662792623 -0.278778791 -0.150252521 -0.339304745 -0.0488245562 0.323297977 -0.31279093 -0.0254120808 0.566340864 0.0681685507 -0.367113888 -1.19599414 0.364130378 -2.88202 0.0492431186 -0.840082049 0.216452271 -0.324730456 -0.524608612 -0.795917451 -2.01838613 0.466408879 -0.32485649 -0.484548777 0.470158279 1.31825781 0.0856375247 -0.059925966 1.04320574 -0.411683023 -0.445494354 0.295922279 -0.41758278 -1.00369716 -0.0543064475 -0.379419357 -0.00485118153 -0.0300657991 0.0247661732 -1.81101859 -1.70204711 0.182386205 -1.02441752 0.0295716114 -0.250394285 -0.0457226485 1.08277512 -1.12535858 -0.0893176273 0.155760482 -0.0699712485 -4.45648861 -0.679355443 -0.117400579 -0.0451465324 0.155152529 0.26233685 0.386635393 1.58096933 -0.383826524 -1.30066311 -0.699491143 0.0462749526 -0.157486454 0.30876562 -0.56059283 1.00314069 0.192869365 0.250198483 -0.0378158912 -0.260293394 0.0351814702 -0.280017644 -0.146356568 -0.77285105 -1.60249007 -0.630130589 -2.19440055 0.339100391 -1.57148671 -0.0940276533 0.514616013 0.229097366 -0.918212771 0.073804386 -0.316244394 0.364519775 -0.156362757 0.107263908 -0.406123072 0.187675968 0.13451013 -0.670441508 -0.604150176 -1.51655793 0.747373462 -0.0907995701 -0.027928602 0.0798460394 -0.507507205 0.681780219 0.0899967626 0.567492723 -0.365108848 -0.626808167 0.310455978 0.192090482 -0.284472167 0.106113747 0.624859869 0.85353297 -3.11510468 -0.73776108 0.200267106 -2.38235378 -2.26911139 0.366932839 -0.243147641 -0.590833962 -0.0568961278 -0.275158405 0.0891872346 0.293301433 -0.134477392 -0.135023654 1.15933609 0.188474655 -0.0492843017 0.370422214 0.325279772 1.97696328 0.408780664 0.876878321 -0.560547292 0.834249198 0.145079657 -1.11868858 -1.82673633 0.94400984 -0.122518606 0.0775992796 0.0536111221 0.0675997362 -0.112198755 -0.230458811 0.553100526 0.279496789 -0.487766206 0.415564418 -0.13415584 -0.638479352 -0.0930579603 0.664882898 -0.0370007195 0.228141591 -1.28641248 0.214241818 -1.04137135 -0.600566745 0.717826307 0.391903907 -2.86304331 -1.43622148 0.672635674 1.2531594 -0.154711321 0.499401987 -4.33336163 -0.181706265 0.245914668 -0.202338189 -0.00258508907 0.158995256 0.400804251 0.651146173 -0.749971807 -0.0486456528 1.02786851 0.324177861 -6.60924387 -0.532512665 -0.0665543154 -0.113834694 -1.54099905 0.073844336 0.234430507 -0.329344481 0.19864887 -0.959689975 -0.367936313 0.026578635 -0.271038502 -0.38014859 0.167718723 -2.03834414 -0.203673199 -2.76879859 0.178360745 0.270272285 -0.270272195 -1.61050332 0.716377854 0.153853133 2.4303267 0.888800025 -1.19968987 -0.521471918 0.373386085 0.107415184 0.102033406 0.80898273 -1.22605789 -0.00604390353 0.00286978134 0.383415401 0.189655766 -0.464807421 0.32773453 0.835175335 0.110203959 -0.338650525 0.161183521 -0.685435116 -1.28694057 -0.249626994 -0.12132173 0.372840405 0.00305465446 -1.1095829 -0.0186255407 -2.01386404 -0.717666268 -0.587416232 0.0351250432 0.549786925 -0.17659457 -0.00884203147 -0.0144364731 -1.210096 -0.773280025 -0.778734863 -0.61731714
tensor_linearrelustack9bias 1
-0.450298548
tensor_linearrelustack0bias 64
-0.546296716 -0.257261783 -0.185422197 0.292992115 -0.636326849 -0.289237589 -1.19555831 -1.65339434 1.20610702 -1.01646161 -0.483806044 -1.51804698 0.247404441 0.77412492 -1.38875604 0.483510733 -1.31460094 1.05464804 0.940629244 -0.536851764 -0.660552919 0.230890274 -0.550013483 -0.255675137 -1.08754432 0.133580938 -1.02258992 0.847604156 -0.461454064 0.835564911 -0.0538560674 -1.00521886 -1.70606363 -0.671608806 -1.040892 1.04437649 -1.03196907 -1.27408421 0.0422408767 -1.49173772 -0.238795817 -1.11887038 -0.487370461 -0.668762147 0.326455235 -0.134802878 -0.372837245 -0.901894987 -0.302603185 -0.632560253 -1.6084615 -0.724086583 0.980027378 -1.22262049 -1.21210551 0.457018942 -1.40952098 -0.502819359 -0.037387874 0.43776536 -1.87815297 0.822230101 -0.905113161 -0.576080084
tensor_linearrelustack6bias 16
0.836853623 1.02119076 0.984187663 0.945705712 0.810076118 1.16384065 1.32297206 -0.13920182 -0.011252922 0.503998935 -0.119343184 -1.13811922 0.692470074 -1.29428029 0.269255102 0.458504319
tensor_linearrelustack0weight 896
-0.159476101 0.204771712 0.0586321503 0.0874205902 0.0559518188 0.100043289 0.393797785 -0.0536215417 -0.273273647 0.044345215 0.278344721 0.0483225286 -1.69751227 1.5681864 -0.0667135864 0.338861644 -0.0145204412 0.00183353852 -0.0185997654 0.0182438642 -0.160968706 0.118871674 2.06405568 -0.0153970914 -0.0334594212 -0.0154681616 -2.29117012 0.032227926 0.250562817 0.657475412 -0.265943527 0.171809807 0.522113204 -1.25417829 1.6587919 -0.382197529 -1.05978954 -0.43425861 1.26372993 -0.43977806 -0.0352328457 -0.554448903 0.457476825 -0.09396597 1.02435005 0.173580095 0.248020813 0.781323195 -0.125931829 0.507224441 -0.516085207 -0.0770384669 -1.27754056 0.348882854 0.127250731 0.06564264 0.0629987568 -0.0259417817 -1.21352172 0.130251914 -0.0249236859 -0.120331332 -0.442011893 -0.0687596351 0.474599361 0.0726170093 0.432272792 -0.106499463 -0.117249727 0.522005677 0.383820325 0.0245677251 0.374304533 -0.747016191 -0.341590524 -0.423859179 -0.195127368 -0.29859525 0.146982953 0.0243083742 1.04755187 -1.484761 0.0111250384 -1.2438345 0.037784569 -0.519367158 0.478660911 -0.470930189 -0.0457087271 -0.0970458686 -0.408257008 0.139811888 0.693570197 0.0358318277 0.0206151418 0.853895426 0.389161736 0.276635557 0.227724999 0.560830355 -0.530343354 -0.440027803 0.145721212 -0.678364635 -0.0587245822 -0.735022664 1.31917119 -0.58464098 0.247730419 0.0855198577 -0.678995609 0.746381402 -0.200633243 -0.0143205617 0.136629626 0.130788356 -0.0702480972 0.982322931 -0.618471861 0.407456249 0.180225417 -0.0989865735 1.39724028 -0.396847934 -0.33754456 -0.327437937 -0.132100493 0.00423347251 0.0721941739 -0.232689127 -0.0379728824 -0.978815913 -0.253319681 -0.752931833 0.348847359 0.0738892555 -0.682049215 0.139227644 0.0355183259 1.3950808 0.406325638 0.0689731538 0.397690952 -1.12017322 -0.0955413282 -0.974490047 0.0694716722 -0.427658558 1.09591806 -0.0769469514 0.445361733 0.225747377 0.00944282208 -2.33487701 0.955301523 -0.327262282 -0.314760298 0.0445534997 -0.0348913074 1.21099663 -1.49273562 0.276312172 -0.29569447 -0.200515911 -1.72816706 0.130948693 0.00250739115 0.128798947 0.103378251 0.0676932856 0.207215279 0.170890033 -0.585102499 -0.325685769 -0.0612785779 -0.0092179291 2.43914318 0.0722022578 -1.23663962 -0.461876094 -0.0386482589 -0.0701921955 -0.0585488006 -0.0644457862 -0.0662336349 0.120783173 0.00291630323 -0.538884521 0.877555251 -0.4987441 0.241701812 -0.0491782166 1.71549821 -0.741795778 -0.0633522719 -0.224489465 0.428734541 0.0816729441 1.24534297 0.0975611284 -0.0108279577 1.36402643 -0.563753188 0.758287907 -0.764400244 0.912679136 -0.57091862 0.272963881 -0.0957551152 0.141449779 -1.49891174 -0.280216843 -0.209710479 -0.0731588304 -0.0781332478 -0.11047253 -0.682363033 0.16174008 0.924847543 0.0175600853 1.05532527 0.158603892 0.0685743168 -1.50021815 0.00593753159 -0.113423616 0.242344365 -0.0316471457 0.00531148957 -0.0362816378 0.602466583 -0.224370494 0.597640514 0.0120079601 -2.22961307 0.301454812 -0.258043379 -0.414261609 0.549704671 0.0812180489 0.0370170288 -0.00984881353 0.169511124 1.02376044 -0.1379399 0.939948916 -0.232321173 -0.015890561 -0.314127147 0.245768517 -0.553536773 -1.44604206 -0.0824657232 0.000793220184 -0.101772927 0.187283054 0.194136098 0.00441366015 0.465399832 0.049132254 0.893547475 -0.279529005 0.520238042 -1.54810822 -0.174633086 -0.935551405 -0.546626925 0.044001285 0.0984747186 -0.0101612275 -0.420266718 0.121453546 0.551867425 0.331607819 -0.500962138 0.146148369 -0.315510452 0.0898513123 -0.0942910016 1.4563235 0.193277523 0.00912637264 0.589339852 0.23853834 0.0762061551 0.423481733 0.270555884 0.339968473 0.0268896278 -0.0960051268 -2.11381197 -0.340782911 -0.252210528 0.584917307 -0.738317907 0.332040727 0.0107571641 -0.355390877 -0.14976725 -0.0580642335 -0.660871685 -0.234254748 0.297567785 -0.73047179 0.791163445 0.24250865 0.0911420137 -0.657878995 0.283815086 0.0398884453 -0.141946569 0.0884254053 0.264261037 -0.233122543 0.565754235 0.253886223 0.166747376 -0.21447213 0.30259937 -1.9382509 -0.919977248 0.524769783 0.103161879 -0.189691693 0.0122920517 0.0665478185 -0.0477750115 -0.229458496 0.316746682 0.275094092 -1.4551537 0.064878121 0.48876673 -0.458449095 0.0266655665 1.3914597 -0.279129356 0.0338442028 -1.1847837 -1.56341624 0.203633234 -0.205338374 -0.368965328 -0.459057599 0.23579514 0.0577541217 0.804252982 0.594353616 -0.0159012619 -0.0926420018 -0.178705975 0.267881274 0.0969328955 0.110303178 -0.0708737895 0.223557815 0.0296428595 0.356891394 -0.409956396 -0.0825495571 1.84561324 0.197920278 0.098292321 -4.24873829 -0.278303832 0.307582706 -0.259371132 -0.446070313 0.0677914172 -0.994385481 -1.64255929 -1.364205 0.915327072 -0.0296928883 0.494788736 0.402400404 -0.1117476 -0.45560661 -0.00587179372 0.0583486855 -0.204819039 0.0991780162 -0.0167794321 -0.135585099 0.141040757 -0.0980759636 1.20876765 0.041063752 0.986586452 -0.782209098 -0.0124142412 -2.8123281 0.274716347 -0.166288689 0.0442429334 0.166272596 0.0606045611 -0.72949481 -1.13768756 -1.07789862 0.583864629 -0.0837900862 -0.134820029 -0.251965851 0.0708445162 -1.52355683 -0.488023758 0.0063996627 -0.172965631 0.0699773282 -0.0790476128 1.03335023 -0.407903194 0.447136849 0.483079225 0.0343045443 1.12995863 -0.400870591 -0.128569558 -2.81774187 0.207683429 -0.0984878615 0.820293009 0.135239914 0.154336601 -0.00781045575 0.38906464 0.479573518 0.386997759 -0.644336104 0.0309511777 0.447889239 -0.178804398 0.0764622837 0.0223024804 0.0301546417 -0.0975407735 -0.176028177 -0.178309932 -0.600980878 0.182387725 -0.364796221 0.00832403265 0.0564792007 -0.947580695 0.401653111 -0.0489661731 -4.12243748 0.211737454 0.131245643 -0.0800388902 -0.201377124 0.897444248 0.233729124 1.10814309 0.64699626 0.175447538 0.313633263 -0.208838195 0.171866566 0.229709089 0.141839802 -0.307199985 -0.00379707478 -0.988933563 -1.25300908 -0.166120172 -0.862082839 -1.52033842 -0.860086501 0.80856508 -0.0161422249 0.645060658 0.578769028 0.0452355705 -0.0607802458 0.0955152661 0.137960121 -0.607647836 -0.296782315 -0.0904214978 -1.31268954 -0.323640317 -1.06867063 -0.0318540968 -0.111663066 0.617432237 0.230578661 0.0418536216 0.800452232 -0.0910205767 0.112983011 -0.433223039 0.522852302 0.0100284824 1.18746865 -0.731844783 0.487236649 0.183899745 -0.022243822 1.32335162 -0.575081468 -0.155072153 0.063389793 0.301887155 0.0948930234 0.287397772 0.0819376856 0.230649576 0.0698422194 0.781107545 0.210583434 -2.00674176 0.0260751415 -1.25515997 -0.0631467104 0.0669416711 -0.0159429237 -0.253609627 -0.0888600275 -0.269076109 -0.0019625749 -0.241663367 -0.332400709 -0.125737131 -0.212040275 0.516758859 -1.40544295 -0.194619939 -0.42435804 0.339814931 0.294767857 0.636673391 -0.101724766 0.475290895 -0.393026918 -0.012495243 -0.798752129 0.642305315 -0.508583665 -0.529770613 0.198585972 0.971595168 -0.344531089 0.0248427466 -2.27580953 0.0849918574 0.0807113796 0.0219932608 -0.0936107263 -0.499972016 -0.19307369 -1.51002491 -0.546806395 -1.09263253 -0.0211965628 0.683241427 -0.364650369 -0.200159818 -0.148770645 -0.860898972 0.187029347 -0.611614764 -1.39572442 0.28150475 -0.233234793 -0.967612326 -0.43391487 -0.138021514 0.16708371 1.06039333 1.1112479 -0.0597289018 -0.342511386 -0.278504431 -0.000411042129 -0.281078428 0.136766434 0.372870028 -0.40749377 0.616823375 0.0147982202 -0.342591554 0.083996661 -0.217189372 -1.69570506 -0.0612492971 0.362873375 0.0374810956 0.108633928 -0.6276232 0.041268222 -0.266604006 1.43443453 -1.67669415 0.418759704 0.564159632 -0.0244696587 -0.126628563 0.743170619 -0.0388752967 -2.11256051 0.138215497 -0.226096034 -0.10602238 0.263089329 0.354047149 -0.813297153 1.12180448 -0.319761157 -1.77002895 -0.263597637 0.789828658 -0.391482294 0.181212917 0.505615473 -0.956326067 -0.0189779475 -0.20357734 0.0496066101 -0.413114697 1.11998284 -0.207098708 0.687500417 0.253003538 0.210976064 1.25681913 0.091462329 0.242070496 -2.28584623 0.927084923 -0.276281714 0.453808606 -0.172516897 0.53143245 -0.553546131 1.34974456 0.121913642 -0.496546596 0.260793418 0.183668777 -0.679446518 -0.11218901 -0.845931172 0.290141135 1.12644958 -0.309529841 -0.122302018 -0.135014787 -0.885370195 0.0508297756 -0.690530181 0.679212749 0.725844502 0.686629713 -0.098695226 -0.123457789 -0.217872053 0.10496746 -0.17042172 -0.0528495386 0.148090705 -0.0487667397 -0.500882626 0.556333065 0.064735204 -1.43297565 -0.0265904292 -0.00669930596 0.0906525776 -0.138243556 1.72028601 0.254182816 -0.194512039 0.237618953 -0.251209229 0.0437248759 0.323340535 -0.0805809647 0.355798125 -1.77935636 0.0858044326 -0.306370258 0.283259302 0.0591097251 1.10043299 -0.536245763 0.0241885222 0.572266519 0.781684697 -0.0427827574 0.935785472 -0.231754348 0.381235838 0.368196636 0.284550279 0.374655724 -1.34530342 -0.845270097 -0.293094337 0.507436156 0.0636357591 -0.155911088 0.0309069809 0.198164955 0.0639578775 0.0776583925 -0.106389731 -1.05520189 0.0727740303 -1.25795138 0.649993896 -0.0656911358 -0.806955874 -0.410278082 0.197342679 0.312936544 0.373372942 -0.540908515 0.105099067 0.650442779 0.648765445 0.437816948 0.0113986116 0.618585527 0.746508181 0.132602498 -0.155197516 0.192071378 -0.0951521099 0.0323379599 0.0475195609 0.139358386 -0.149040267 0.79765588 -0.208161443 0.773437321 -0.0900565237 0.228153691 -1.24561167 -0.147941589 -0.752228498 0.143903866 -0.362241149 0.0600709654 -0.0141188288 -0.0495192595 0.312355906 -0.112120897 0.25796932 -1.52823198 0.0547311492 -0.406866699 0.110819936 -0.233516663 1.76922786 0.164729953 -0.284104615 0.437829584 0.280410886 0.00302044186 0.628233373 -0.375185698 0.105983257 -0.179802626 0.283327729 -1.82294202 -0.517252862 0.185968667 0.346168727 0.510445297 0.173374087 -0.0562825054 -0.323059052 -0.271306992 0.16753161 0.512970865 0.443271786 0.13075465 0.0671980232 0.598121941 -0.68326807 -0.199294746 0.184485614 0.263111055 0.0401323624 0.24657321 0.160164744 -0.0166676845 0.159430146 0.326793343 -0.130487338 -1.01664972 0.0783753842 1.14334106 -1.51358616 -0.0449149013 0.437658787 -1.17534077 0.134617954 -0.586339176 -0.780145884 -0.744707882 -0.96096164 0.149049863 -0.569056392 0.625796556 0.0993628353 0.748844445 0.547231555 -0.00386594702 0.363016009 -0.443529695 0.0407327414 0.109285556 -0.00807111431 0.135716543 0.788896501 0.184209004 0.621882796 0.891842127 -0.0753307343 -0.228057384 0.371948719 -0.115645707 0.27097559 0.0755578279 0.120420791 0.358530581 0.146825358 0.143056422 0.979648709 0.607474864 0.698895097 -1.77996325 -0.0605455711 0.637534201 0.249283895 -0.844515622 -0.875869989 0.487269789 -0.0166698694 -0.602643371 0.313242465 0.700697958 0.37826106 0.671896935 0.303293049 -0.732007623 0.405234188 -0.482163936 0.153862327 -0.160185114 -0.363285959 0.106584288 0.0624143593 0.0820611045 0.122582935 -0.00683319429 -0.0405428335 0.142369673 -0.0571642518 2.1503346 0.000372623879 -0.285528153 -0.185937703 0.0205746926 -2.64838433 -0.537846863 0.0803658366 -0.309578747 -0.934057951 -1.01387918 -0.996945143 0.591104984 -0.149730667 0.392742246 -0.119005144 0.81488055 0.699216485 -0.0727680624 0.372191012 -1.79197514 0.062947996 -0.621227086 -0.499056429 -0.226869836 0.041860573 -0.363640785 -0.0841137245 0.904040635 -0.17935811 0.82601887 -0.402726829 0.108993329 -0.500575602
