tensor_linearrelustack9weight 16
-0.211923242 -0.179911807 -0.133480459 0.281761259 -0.133015916 -0.185219616 -0.325554341 -0.221038029 -0.197508514 -0.203094736 0.208980605 -0.176094711 -0.204819813 0.189666882 -0.274167567 0.251558572
tensor_linearrelustack6weight 256
-0.362342298 -0.25708282 0.611433148 -0.182723552 -0.650353134 -0.188860446 -0.880487084 0.0170051493 0.409072965 0.497103363 0.187596291 -0.233186856 0.929582477 -0.452960372 0.385348529 -0.431950629 0.0847193152 -0.179458097 0.713557124 -0.469426572 -0.149726883 -0.14888145 0.59362942 -0.409059376 0.792033613 0.921560109 -0.127309978 -1.04342389 -1.16388512 -0.152560368 -0.540934801 0.0985520259 0.186616659 0.0975048468 0.275601089 -0.397670746 -0.286952138 0.46201098 0.501387298 -0.222643405 -0.717817008 0.056237001 -0.191159472 0.906602621 -0.395956397 -0.181668937 -0.358135045 0.426770568 -1.31505287 -8.47500324 -0.894469321 0.246331424 0.730161965 -0.334406912 0.161546558 -0.0813273266 -0.563955367 -1.51263452 0.158355638 -0.695459366 -0.37396425 0.261605442 0.193082482 -0.485771 0.42297712 0.131441638 0.242701069 -0.362077296 -0.34284851 0.333309114 0.499071687 -0.294325739 0.470480502 0.141164735 -0.374169379 -0.0204252303 0.515392184 -0.287620217 -0.421906084 0.206027687 0.501232147 0.354889452 -0.059107922 0.148379862 0.107840508 -0.0635109693 -1.92566395 0.113247618 0.075623095 -0.548690975 -0.183145016 1.50798345 -0.0938140154 -0.052421499 0.00965454336 -0.604376912 -0.78710115 1.0179522 -0.441648901 -0.172368765 -0.114221886 -0.259113997 0.335704029 -0.150784224 0.199665368 0.21449998 -0.123808555 0.829658747 -0.79913789 -0.025011234 -0.191479802 0.36429891 0.871842623 -0.197904646 -0.0547693186 -0.0473400541 -0.180260673 0.0646751001 0.358177483 0.114623427 0.195635349 0.74002099 0.275575012 -0.110230625 0.894004464 -0.207403094 0.0695861876 0.0867555961 -0.569936335 0.88828665 -0.19717294 -0.0758733153 -0.299519897 -0.140089676 0.334520936 -0.33394143 0.0669538304 0.517148912 -0.135536656 0.580879569 -0.274374127 -0.194348395 -0.227491915 0.38745144 0.539417922 0.274524033 -0.0748405233 -0.340842187 -0.119214676 0.167559981 0.683413565 -0.0786467567 0.228456497 -0.40554443 -0.201485336 -1.76616859 0.915007234 -0.110345699 -0.408558756 0.452915996 -0.358458698 -0.311421275 -0.231006637 -0.00695498567 0.194305316 -0.0372756906 -0.290370017 0.21987313 0.121043235 -0.569781363 0.291583687 -0.000228710429 -0.496791512 0.310183585 0.296644032 -0.274132609 0.00795127917 0.116711058 0.240594253 -0.474207014 -0.269015461 1.58998156 -0.516641974 -2.30419779 0.3253344 1.20201278 -0.776899457 0.269720793 0.30728057 -0.314752787 -1.46209621 -0.769509017 0.792072117 -1.21397448 0.0642144904 -0.597034454 -0.433207244 0.30580914 0.65970552 -0.533032537 0.289037377 0.379204959 -0.223875836 0.412034899 -0.398658633 -0.22144562 -0.303296566 0.6458565 -0.425505847 -0.818883181 -0.487207025 0.434783429 0.693900645 0.0811544135 -0.685414672 0.504305303 -0.12400949 -1.15181136 0.362701535 -0.597273231 -0.29256317 0.0516487658 0.224804476 -0.118609875 -0.182431176 0.0370100215 -0.0340919383 -0.200405926 -3.26658821 0.40021497 -0.226953775 -1.10288227 0.203931078 -0.441856682 -1.07128751 -0.0427311324 -0.0662278235 -0.994985521 -0.505351722 0.0555402152 -0.153822929 -0.0486277156 -0.156358436 -0.235849127 -0.745975971 -0.0364447124 -0.150151059 0.520782232 0.110671714 0.0720580593 0.268245399 0.0231354944 -0.575454533 0.443624169 0.367666394 -0.56163609
tensor_linearrelustack3bias 16
1.68607605 0.997615695 -0.31118238 -1.35605526 1.62541783 1.57651544 0.00731868483 -0.122246116 0.49894014 1.61517429 1.32533038 1.89806378 1.25325358 0.362072676 0.949891269 0.281512707
tensor_linearrelustack3weight 1024
0.576091707 0.235122874 -0.0102066379 -0.235025927 -0.0215951372 -0.11932303 0.201636627 -0.0901019946 -0.345047504 -1.49959159 -0.285134494 -0.379536361 -0.00274745328 -2.46170044 0.931686997 -1.19121516 0.841746926 0.609352827 -0.531172037 -1.21532285 -1.50109088 -0.580633938 -0.0556857698 0.901186466 -0.4435817 0.0352709554 0.397692055 0.278536499 0.389832586 -0.0996482 -0.780039608 0.118107244 -0.507711351 0.184881926 0.413445979 -0.140414134 -0.696148157 -0.88771379 -0.92424953 -0.193589866 0.405895501 0.284513921 -0.222624525 -0.599271715 -0.220169693 0.0419342779 -0.198622867 -0.334632963 -1.87307465 0.0783547908 0.410234123 0.267389923 -0.412708879 -1.14014983 -0.334139466 0.239827678 -0.970950663 0.296193361 -0.617691457 -0.208711401 -0.376009971 0.245272905 -0.0735399276 -0.798056304 0.702889502 0.143673927 0.696630001 -0.6306054 0.0337247476 -0.115300804 0.574870884 -0.328426063 -0.0893206596 -2.43385172 -0.554488301 -0.0499958061 -0.116346635 -0.99901253 2.17067432 -1.47141218 0.881705344 -0.0361760184 0.913491488 -1.71437526 -1.18632948 -0.330483198 0.0521876737 0.287104279 -0.346229434 -0.092886366 0.384524584 0.149018571 0.117824569 0.548815012 -1.40485919 -0.756106198 -1.27874601 0.426712275 0.443165153 -0.210908055 -1.77166867 -0.967705548 -0.459915429 -0.00360427238 0.343042552 0.705454826 -0.285256803 -0.588690817 -0.409145623 -2.9568367 0.185544074 -0.663758337 -0.396420568 -0.195227504 0.305449039 -0.32739228 -0.310920835 -1.37522805 -0.767733276 -0.467385173 -1.0389514 0.0322381221 -0.56275481 -0.170020401 -0.353274226 -0.162753627 0.120280959 -1.42176402 0.157115638 0.503339052 0.636644363 -0.537391961 0.24147822 0.357016832 0.0248965416 -0.286960781 -0.330958456 1.19675422 -0.171788558 1.42432511 -0.0735050067 0.167575464 1.06810021 0.250582695 0.164588913 -1.06979501 2.59338546 -0.109875411 0.0983006731 -0.0766570568 0.383340269 0.657969058 0.285508007 -0.303620756 0.5376212 -0.0405174792 -0.377424747 -0.0430319421 -0.58975625 -1.97202051 -2.02302551 0.250485688 0.383629531 -0.186151907 -0.265249789 0.195680037 0.256536931 0.618960381 0.208495319 -0.00779651105 0.574716508 -0.234080717 0.0820637569 -3.08541489 0.693939805 -0.0655750483 1.63461328 -0.0198672712 0.194272399 -0.859263062 -0.435808659 -0.212925538 0.224473074 0.0839510635 -0.395115018 -0.188634872 -0.0376025178 -0.499949157 -0.49461025 -0.605525792 0.525531352 -0.737614155 -1.02610326 0.00373816607 0.305672944 0.41169101 0.0196786299 0.195869237 0.104952984 -0.00421854295 -0.595665455 -1.05363417 0.192947179 0.695703447 0.221479669 -0.688096404 -0.202293783 -0.680340827 -0.906024456 -0.0862267837 -1.72857058 0.681273639 -0.256307572 -0.42835626 0.748000264 -0.121483669 0.541586399 0.00962841045 0.452429205 -0.384821057 -1.78612471 -0.025181219 -0.590531707 0.452965885 1.43428504 0.182763472 -0.0435416624 0.222523391 -0.578923404 -0.301152319 -0.283017009 -0.463203162 0.175399706 0.287237078 0.127842888 1.40653658 0.774939477 -0.590715528 -0.284536541 0.248796001 1.20781243 -0.0821560025 -0.0501580536 0.268880874 1.23431373 0.508289218 -0.222448751 0.00290937047 0.502863705 0.272445291 -0.503549874 0.488103151 -3.30558133 -0.227535084 0.495651782 -0.331296116 -0.607978761 0.0939114541 0.260788172 -0.185522735 -0.0437865965 0.362933934 -0.197393596 0.322205752 0.224485114 -1.6730026 0.847956121 -0.483853996 -0.369302601 -0.0331257731 0.280190051 0.318919837 0.614352643 -0.2453565 -1.02277637 -0.710450351 0.0172962509 0.157845557 -0.3691369 -0.00664103637 0.402384579 0.569747567 0.0686876848 -0.0181637295 0.95917511 -0.0782680213 -0.0231719874 -0.541054845 -1.1029104 -0.183331162 -0.552449226 -0.152850121 -0.534047008 0.151317596 -1.09978247 0.0936145708 -0.14436771 0.00687959557 -3.98459411 0.00894018263 -0.361863106 -1.04346442 0.14460066 0.032476075 -1.10192561 -0.60384798 0.23028034 -1.06971788 0.572610497 0.289269388 -2.64532304 -0.114821829 -0.408033073 0.0707236305 -0.19045791 -1.61240411 -1.30498183 0.472183347 -1.01385903 -0.72806114 1.16816759 -0.115579382 -0.0632287711 -1.43792379 0.107711591 0.243750393 0.459053576 -0.358201653 0.896591246 0.646797955 -2.06858921 0.0737761185 -0.930374026 -0.653507531 -0.986646771 -1.78296328 -0.156059936 0.174615264 -0.034734007 0.45491302 -0.137284219 -0.0201036278 -1.0357548 -0.235309228 -0.317531586 -5.3443923 0.20919992 0.365674734 -0.0573168248 -0.164484933 -0.367653668 -0.0254154336 -0.171492666 0.431063712 -0.800256491 -0.187483549 1.14861119 -0.193513557 0.243428484 0.422966659 -0.42118144 0.0899538174 -0.0221045986 -0.170069009 -0.293792993 0.382360637 -0.328725487 0.291930795 0.997636855 -1.72729909 0.108474493 0.900013447 -1.89305532 -0.303561032 0.873711884 -0.881643116 -1.09208798 -0.11344482 -1.0475167 0.535630643 0.506441593 -0.499582648 -0.0591694675 -0.558662176 -0.789457619 -2.23483086 1.40793598 -0.434853286 -4.30055237 1.10461402 -0.574088871 0.132323965 -0.0799198002 0.33983013 -0.274794549 -0.326925337 -1.14437914 0.456041932 0.665635109 0.461735845 0.0230998863 -0.721019983 0.581865668 -0.187732786 -0.5257622 0.494898021 0.0554533228 -0.0143652391 0.181508526 -0.120360866 0.0552465692 -0.0262331404 1.87209439 -3.08331299 -0.153600499 -0.0204957873 -2.61338639 0.939881325 -0.177779585 0.322987407 -0.238212064 -0.107024059 0.367066085 0.344409078 0.511993229 0.558889329 -0.0329613052 -0.007616207 -0.967570603 -0.135887429 -0.625539899 0.0733635128 -0.410493642 -0.227823526 -0.285764962 1.55466318 0.498543978 0.457226306 4.14838696 0.0934242532 1.13046515 0.482287914 -0.106871217 -0.469725609 -0.054996226 0.107486501 0.429452121 0.218361005 -1.16189897 0.0845197588 0.0212612078 -0.386288226 -0.0911999196 -0.307481706 0.223801941 0.00503642997 0.308912247 -1.71215093 -0.708023846 -1.00203061 1.66203165 0.626953185 0.291915625 -1.21093488 -0.638973057 -0.366107464 -0.130430385 -1.46759307 -0.471572816 0.293322831 -0.937468231 0.228226915 0.325345516 -0.337026268 -0.651208341 0.125717059 0.249124452 -0.035335917 0.43748194 -1.29168034 -1.33650124 0.147507474 0.323680729 -0.0446697287 0.428472459 0.405330569 -0.281085163 0.362143368 0.366136223 0.206623048 -6.57818604 1.20097637 -0.470605433 -0.757238626 0.210870683 -0.0185123254 -3.97060585 0.120230652 0.117332838 -0.817269921 0.499113679 0.142937794 -0.576744914 -0.222807676 -0.774935782 -0.196179301 0.277125269 -1.11302578 -1.75166571 0.0716329664 -0.0697973818 0.094586879 -0.975248277 -0.541653574 1.22244859 -0.516551495 -0.697717905 -0.973642051 -1.97170115 -0.227611959 0.526177108 0.226926818 0.159128889 0.712865412 0.0773285404 0.236650959 -1.59393084 0.537730873 -0.696091115 -0.947258115 -0.170345753 0.596389234 -0.246581048 -0.0410093628 -0.231735468 -1.0526185 1.024243 -0.0681661218 0.037338689 0.694521129 -1.25329363 -0.450077146 0.296774238 -0.494850546 -0.0779289082 -0.488500506 -1.51308501 0.282241046 0.695968688 -0.589364707 -0.918180704 0.129269883 1.07772565 -0.545066595 0.359044313 0.410619766 -0.0439107269 0.157076254 0.620000064 -0.0452179089 0.083091177 -0.345300376 0.0161636099 0.204747409 0.700257719 0.851092398 0.120092377 0.555564404 0.144172475 -0.125660077 -0.333180189 0.369387388 -0.283240825 -0.912947953 0.885862231 -0.523638785 -2.3335762 0.0387248434 -0.05118303 0.184441522 0.0785748735 -1.47333896 -0.0396761745 -5.09836245 -0.0469280668 -2.22537875 -0.318973929 -1.38048685 -0.277805775 -1.17950714 -0.18252787 -0.378560454 0.0659310892 -0.0176767949 -0.332514584 0.226195484 -2.00239015 -0.91862756 -0.639502704 0.448469937 -1.66749442 -0.706578195 -0.46511355 0.242159873 -0.990712702 0.0100828614 -0.790119886 0.0191964582 -0.776300013 0.0459380783 -0.128236711 -4.25974941 -0.0352539495 0.159196332 -0.48326239 0.19602789 -0.0934907198 -0.377792358 -0.47005713 -0.508399487 0.374171525 -1.0799408 0.336829752 -0.0557495579 0.44085893 0.199786544 -0.176266953 -0.341644466 0.313264936 -0.198841393 -0.682217181 -0.106940888 0.159256175 -0.38887307 -0.907934666 -0.484163761 -0.506765962 0.87150538 0.268161088 -0.814974427 -0.92262131 0.020322118 -0.316525072 0.00840107258 0.00508028734 0.466573864 -0.854724824 -0.0802515224 -0.383104324 -0.720914245 0.464257568 0.270373017 -0.0997102186 1.77818871 0.331697524 0.408223033 -0.313106418 -1.12854803 -0.770719707 -0.4759278 -0.590102732 0.735696495 0.50748533 0.389518201 -0.196717516 0.318675756 -0.850463748 -0.523668766 -0.12921156 -0.056146685 -0.0910881758 -0.318289369 -1.21065116 -0.417460114 -0.522703469 -0.18288143 0.0237211827 0.220214561 1.40228117 -0.273631155 -0.371784717 0.28354755 -0.35698542 -0.349007696 0.248259231 -0.538955033 -0.269328803 0.242499337 0.0998852775 0.352799416 -0.0334524587 -1.33670318 -0.116133243 0.55264473 -1.77260053 -0.635127485 -2.23898482 0.312730432 -1.76559699 -0.278440088 0.506412268 -0.283438504 -1.23060048 -0.635216117 -0.693459272 -2.20528054 -2.15475392 -0.0303824712 -1.10446048 -0.655970216 -0.807073414 0.21584183 0.0177454837 -0.141774446 -0.106659725 -0.76518935 0.0225146711 -1.69546759 0.192550644 0.266706526 -0.124128357 -0.435778797 -0.0926469043 0.201622322 0.403871536 0.22592321 -0.0990418643 -1.00655711 -0.128056988 -0.106695019 0.492876261 0.00652161427 1.41299951 -1.5682919 0.161646396 0.0335390009 -2.29620647 1.32335877 -0.175986812 0.019552514 0.860384345 0.303007036 0.105156243 0.0583278909 -0.341672748 0.145555288 0.0921276137 0.117471792 0.352227211 0.318186134 -0.222842693 -2.10075855 -0.0129708815 0.175899222 -0.562840521 0.0938530266 -0.520851195 -0.277361661 4.88891315 -0.121123947 -0.629445851 0.00493901083 -0.0793266073 -0.0561761856 0.155583888 -0.42657879 0.148432553 -0.130743697 -2.05606818 -0.997609138 -2.88168502 0.0495587066 -0.272637606 -0.501586318 0.420669228 0.282319307 0.240384102 0.277884096 -0.104579628 -0.548340499 -0.00910403393 1.77099586 -0.439482182 -0.145571172 -0.185890034 -0.414253592 0.152588412 0.173143059 0.485205948 0.447430789 -0.122054942 -1.08220494 0.0544771925 -0.531898201 0.32444185 0.0956240892 0.245982856 -0.495618284 0.305074126 0.141299739 -4.06725454 0.642677724 -0.0083161639 0.335701317 0.394938082 0.323414296 0.422904164 0.0400617607 -0.406403065 -0.132807374 0.0595505424 0.382998198 0.144478753 0.0293560177 -0.0166329313 -0.221482113 0.485094815 -0.0741055831 -0.464222491 0.064228788 0.00112323218 0.435341626 7.91046715 -0.0523796007 -0.44702366 -0.0520358235 0.328296095 -0.036972791 -0.175249845 0.0654500946 0.610687494 0.0327795856 -1.41362166 -0.291237593 -0.396558285 0.175397724 -0.0856195912 -0.361352295 0.142620444 0.273936003 -0.097305499 -0.218876362 -0.253919214 -0.669657588 0.407458454 -0.492964566 1.14935684 -0.565026581 0.672195315 -1.09410024 -0.702750504 -0.358398646 0.00538845966 0.223557994 -0.483407527 -0.297047794 0.161509231 -0.644087195 0.270305902 -0.567703009 1.70376849 0.0380947851 -0.0938740298 -0.772086501 -0.195524022 -1.09037352 -0.640326262 0.462329894 -0.460721999 -0.643877864 0.271099031 -1.13781583 0.0229363702 0.581677675 -0.480150104 -0.328718334 0.379510909 -0.973304033 1.45999277 0.00401179399 -0.370626271 0.206894949 0.322676003 0.0754326805 -0.297683865 -0.156650648 -4.14492798 -0.395189971 -1.21623242 -0.0177494138 0.429457843 0.280915946 -1.47467923 0.437285602 0.277396917 -0.895950735 -2.29308438 0.00703188218 0.00876790099 0.442036301 0.0428283736 0.236615241 -0.236338094 -0.000741979689 -0.0155130401 -3.03321314 -0.278336525 -0.494653046 -0.416834801 -6.0666728 -0.584909499 1.28071856 0.394392431 0.187344372 -2.51771474 -0.628570557 0.229797706 0.484438419 -0.605212212 -0.0372285731 -0.166648746 0.281192452 -0.115255453 -0.065084815 -2.61562514 -0.00579141453 0.927951872 -0.214121446 -1.50374544 0.12176127 -0.604222655 0.106047474 -1.38749969 0.937101483 0.821317732 -0.379340321 -1.37720275 -0.242119759 -0.597370148 0.176482826 0.475236773 -4.40059376 0.0214985367 -0.488787562 -0.848665833 0.456365913 0.136962846 0.547469556 -0.456025451 -1.09650588 -0.290491611 -0.330160081 0.758422434 0.165422708 -3.5503087 -0.18389897 -3.93171883 0.460366577 0.326336563 -0.336913645 -2.46848893 -0.0932078287 -0.291859239 0.459006041 -0.0453581586 0.086047262 -0.622676849 -0.184934452 0.596296191 -1.39728081 -0.308653414 0.621019661 -0.0332713351 -0.264992714 -1.62357152 0.209597245 -0.220276132 0.366902232 -0.297922939 0.577500165 0.882066369 -0.110077664 -1.00509226 -0.503274262 0.897993922 -1.48903859 0.344421715 0.0979863033 -0.242076352 0.0934273526 0.077118732 0.479858398 -1.1533159 0.2861996 -0.508027434 0.00897539873 -0.207836434 0.174691364 0.0661231875 0.632802725 0.410982162 -2.05460048 -0.411356866 -0.231437176 0.72888869 -0.737195432 0.361397684 0.179588854 0.898223698 -0.900216043 -1.02478337 -1.41899788 -0.191568479 -0.291031986 0.610444844 0.232894123 0.433413029 -2.09479904 -0.13927114 1.24405611 0.0162903201 -1.01689649 1.5042814 0.375020623
tensor_linearrelustack9bias 1
0.83943361
tensor_linearrelustack0bias 64
-1.32339668 -0.458824307 -0.479708046 0.0830533728 -0.133733958 -0.711693764 -0.900252879 1.22692692 -0.447505325 -0.126225948 1.26431334 -0.846918344 1.09238207 -2.03751516 -1.43783474 -1.40115118 -1.24909198 -0.843856156 0.706259608 -1.61811435 -0.851118982 -0.335737526 -0.817630231 -0.884061217 0.0269066934 -1.58005774 -0.287756324 -0.531026959 -1.53360653 -0.246751919 1.15157962 0.300246894 -2.25018644 -0.588044226 -1.17132866 0.937706411 -0.228092209 0.623696566 -0.958358049 -0.695347726 -0.631125271 0.0746780336 -0.72461158 0.689941108 0.783953786 0.831300318 -0.711493075 -0.278081179 -0.868920088 -0.000675719231 -0.144962832 0.649580002 -1.39847004 -0.306282431 -0.763629436 0.06830661 0.190570652 0.218627974 -1.22648513 -0.366067111 0.952802062 -1.49142838 -1.3194201 -0.134648964
tensor_linearrelustack6bias 16
-0.871961534 0.303892314 0.980070055 0.301295847 0.453696936 -1.04217815 0.867505312 -1.39687562 1.20541108 -0.863928437 1.30322778 -0.0828300342 0.862253964 0.277564079 1.50483096 1.38613605
tensor_linearrelustack0weight 896
0.868176222 0.0131822228 0.303475112 0.367540121 0.209139943 0.202898085 -0.125152081 0.180761725 -0.379289895 0.158207446 -0.531552017 -1.97629011 -0.38931945 -0.690047264 0.0967904851 -0.190444618 0.0246764421 -0.0111335646 0.0166179929 -0.21310088 0.334113985 0.194370091 -1.79162443 0.0352908634 0.122021735 0.118545681 0.137521416 1.74170923 0.00347751263 -0.0386729948 0.111502714 -0.0397060141 0.00148311153 0.346973062 0.719551027 0.0431577489 -2.5841558 0.0411680751 0.599536002 0.478743285 0.01734416 0.891402721 -0.315385759 0.414618343 -0.17464529 0.228460535 0.16676265 0.659197152 0.569304228 0.704676867 0.246336266 -0.101568565 1.1293999 0.045866631 -1.34443021 0.172524467 0.215390146 -0.021251671 -0.0150078824 0.045365829 -0.00410789857 -0.191306815 -0.0767896473 0.356072098 -1.27482545 -0.00560913887 0.0554710701 -0.172586128 -0.0279897507 2.15573502 0.537256598 -0.199887961 -0.193313673 0.134212747 0.307260334 -0.0431290753 0.521421194 -0.0801116973 -0.302190989 -0.18082872 0.421904117 -1.68933618 -0.0963424742 0.625717819 0.17161648 -0.0821043923 0.335501313 -0.0409559198 -0.0402303822 -0.110262617 -0.415653348 -0.302802861 -0.0868147239 0.0680642501 -1.79977047 0.254223466 0.188707024 0.767275929 0.113540791 -0.0111414762 0.193994537 -0.0267236885 0.15976648 0.0679131299 0.324956954 0.205741629 0.451933771 -0.0390941054 0.266847312 -0.9251104 -0.19828485 -1.18585253 0.492641836 1.02856898 -0.0808274373 -0.171401128 -0.0524965674 -0.664726675 0.327442825 -0.57075578 0.25283134 0.651823401 -0.0259672776 -0.0714238659 0.325931668 0.110744908 0.567141593 -0.00505424198 0.564117074 -0.705866694 0.0406055301 -0.772862911 0.550225496 -0.134906694 1.1259532 -0.0362700932 0.259807765 -0.0082809804 0.00775524275 -2.90268254 0.0610242449 0.0467906594 0.253457218 0.032622613 -0.0359126143 0.897390425 -0.727440298 0.399252295 0.2817384 -0.116949871 0.80425185 0.0242783576 0.0530751087 -0.733335912 0.00737420516 -0.0363845304 -0.554499447 -0.649226665 0.305963576 -0.450926214 -2.4565475 -0.71580863 -0.652594626 -0.0666746423 0.518898368 0.486858994 0.160064057 -0.223334953 0.0257816147 0.0822249427 0.131425843 0.0790734813 -0.188465908 0.520328462 0.085558407 0.0615752228 0.0380915478 -0.152265802 1.73964477 -1.02007926 0.12723355 -0.132708251 0.585798502 -0.0356670246 -0.285821378 -0.00816605054 0.0828319713 -0.127981618 -0.157325268 -0.44805783 -0.968826413 0.067825824 -1.17490041 0.496447086 -0.0730967894 -0.349454105 0.198074952 -0.0421203561 0.300872862 0.210220382 0.151603922 0.13415508 0.727443516 -0.0497835167 -1.59073985 0.0658227727 -1.61953378 -0.269342542 0.223345757 0.187733456 -0.029671872 -0.0564945675 0.637878418 0.395848244 -0.145787537 1.41950142 -0.148164928 0.850461781 -1.99802244 0.36180377 0.160737723 0.602208018 0.0311704446 0.257260263 -0.112805553 0.0216977317 -0.176861614 -0.143748745 0.321450531 -0.105496675 0.393805534 -0.140543967 -0.494514465 0.150612667 -1.06696796 -1.12609744 -0.0650302023 -0.128477424 0.423276186 -0.479153782 0.261946797 0.170187086 -0.201091498 0.464741558 -0.286916554 0.0013998237 -0.930235505 0.222528964 -0.652020216 -0.292267621 0.0923990384 1.50328791 -0.882565916 -0.0657960027 -0.0353479274 0.0689019486 -0.184403792 0.999777913 -0.29980737 0.690375865 0.00478907302 0.216041416 1.26537311 0.0809769183 0.212561399 -2.32879972 0.34235388 -0.193972856 -0.951941848 0.1579009 -0.344449699 0.94615984 -1.45324123 0.3831352 -0.26171574 -0.101027384 -0.306868553 0.315480649 -0.0205111075 -0.138571486 0.639842033 -0.00839685742 0.527206361 -0.521470606 -0.135899693 -1.27562571 0.255212158 -0.883386672 -0.0465582386 -0.00556696719 0.488758713 -0.667146385 -0.0582633242 -1.1627816 1.17334819 0.486462504 0.0479872189 0.016150184 0.489710301 0.167983919 0.92293793 0.48096022 -0.935032666 0.497482419 -0.422295183 -0.0709694177 -0.819714189 -0.928629756 0.347438216 0.689992607 0.368323624 -0.109219916 -0.266777396 -1.44582415 1.24285626 -0.37601313 0.76757735 -0.581201255 0.217352554 0.175094202 -0.324095726 0.166314155 0.336892873 0.0300638415 0.173473999 0.113804609 0.101435438 -0.278947234 0.770595312 0.0925559253 -1.66207898 0.0362606496 -0.798791707 -0.215433478 -0.180848941 1.1464498 0.878899634 0.0377426445 0.0250322521 -0.818573236 -0.0565762892 -0.893325925 0.718779981 -0.454826623 0.579827726 0.196273804 0.0348066092 -0.732592523 -0.235003039 -0.531006038 0.427857131 -0.109663956 1.09565806 -0.105034932 -0.104852684 1.07048869 -1.13415015 0.157982841 0.341493756 0.529842675 -0.56530118 0.131988436 0.00443894695 0.47148785 -0.140768304 -0.204993814 0.173123851 0.237619355 -0.848001599 -0.320632875 0.160614431 -0.210676074 1.51532829 0.212607086 -0.813465536 -0.371208996 0.0722360611 0.4545995 0.15118365 0.637528777 0.0745639876 -0.0558191687 -0.231871992 -0.429788351 -0.605487168 -0.398315787 1.01488519 0.985634565 -0.0316033512 0.0280440226 -0.499843419 0.136485189 0.00565913692 -0.171711281 0.152551636 -0.0687314719 0.0942826122 -0.389161468 0.759296656 -0.194872603 0.0853618607 0.0559398569 -2.01414251 0.259757727 -0.160252735 -0.10374812 0.116975471 0.10792695 -0.035713315 0.0300022699 0.112281121 -0.000393841765 0.51403141 0.0637535229 -1.28892136 -0.0152851976 0.574594438 0.119720854 -0.858041286 1.83261335 -0.199870378 0.115083195 -0.136273429 -0.0576790385 0.0942356884 0.86535269 -0.113877326 0.235617831 -0.321750343 -0.0846094936 0.96558851 0.0693093836 -0.399678946 -1.53477669 -0.0698315427 -0.160007805 0.1634707 0.659234583 0.0928287804 0.667412221 -1.0683589 0.100478522 1.42837739 -0.0131323058 -0.488220274 -1.40280843 0.285485029 -1.10799551 0.543025732 0.190273881 -0.738376439 -0.355931759 -0.0151335662 -0.766139627 -0.47593385 -0.735286295 1.33042705 -0.34839794 -0.518413544 -0.274045587 -0.489729196 0.997220993 0.823347807 0.264133632 -0.258758903 -0.0674027056 0.202998757 -1.14143276 1.18378973 -0.581507385 -1.09489679 -0.196223453 0.186883494 -0.430030555 0.277701914 0.866610765 -0.0947560593 -0.680027366 0.0311802328 -0.255339861 -0.117032409 -0.170443729 -0.484952807 -0.420534015 -0.659922063 -0.108917497 -0.77673924 0.532216251 0.700962484 0.927205205 -0.0993797481 0.0198701527 0.111788385 -0.0654717684 0.126207799 -0.0127167301 0.330299497 -0.114250056 0.981038988 -0.183104202 0.153954893 -1.22454786 -0.172473729 -0.773078501 0.124503411 0.0682609379 0.42111671 0.145023376 0.035188023 1.04248285 -0.199035197 0.671381533 0.397792101 -0.0543769822 -2.17819357 0.213498414 -0.195633262 -0.575500309 0.526150882 -0.0967060775 0.170254603 -0.166642621 0.372941196 -0.396241128 0.840497613 -0.0550992712 -0.0080001289 0.150495857 0.840813458 -0.554988146 0.0841252059 -1.77325642 0.292013854 0.120992005 0.0972634703 -0.542343199 -0.369807392 -0.615738273 -0.209492579 -0.0414301343 -0.107712254 0.109186172 0.997934639 -1.7931304 -0.152279109 -0.192136496 -0.833502829 0.0356731974 -0.324097157 -0.017664548 0.0648553073 0.00180923543 0.191095605 -0.302520275 -0.220610797 -1.37953067 0.723834097 -0.0867235735 0.0761195421 -0.646661639 -0.133294463 0.0191767141 -1.27689779 -0.121583238 0.107874833 -0.301932603 -0.338307649 -0.17287837 -0.259532988 0.17160365 0.939935803 0.0204794705 0.0341545865 0.582753062 0.551403821 0.0424573421 0.824623644 0.135934904 0.225808248 0.795243144 0.266600281 0.39479962 -0.932461023 0.0384136811 -1.79824924 0.057464052 -0.107323408 -0.113829963 -0.430385858 0.0478242263 -1.12938678 -1.33592379 -1.04926169 -0.781956017 -0.233595654 -0.62828213 1.4375571 0.028458694 0.430450171 0.233431086 0.0242934246 0.115682051 0.302588552 -0.0811067373 0.343396366 0.0543084554 0.0826243982 0.442582637 -0.57378912 -0.00510425586 -0.980538428 0.0421352647 0.885922849 -0.390548021 -0.0585259758 -2.4988358 -0.227046713 0.137473211 -0.469047338 0.445694864 0.011925864 0.510131657 -0.642709374 0.184124216 0.416784078 -0.0925023481 1.16344786 -1.06796014 -0.098762311 -0.413864285 -0.19933258 0.0556024276 -0.449095279 0.0698720291 0.0618898608 -0.141143858 0.135330126 -0.187882707 0.776083052 0.0657588169 1.75795472 -0.94872427 0.0188892558 -2.87054777 0.584868491 0.131657481 -0.118798971 0.389368117 -0.293442219 -0.214463562 -1.29236782 -0.314751178 -1.27112138 -0.157175764 0.931780994 0.039880272 -0.0185104012 -0.000934245763 -0.261124492 0.15263021 -0.013562453 0.16181542 -0.0721828043 0.266930133 -0.351924777 0.0153722381 0.242999703 -0.0342477411 -0.0851516724 1.25909078 -0.0877470821 -0.103175871 -0.361021727 -0.0134668294 -1.06738997 -1.39367878 0.482218564 -0.390726745 -0.412511021 -0.466427803 -0.391317606 0.104083985 1.1160748 0.709879696 0.00890564639 -0.199474022 0.880288899 -0.417081356 0.644052982 0.143000752 0.199930072 -0.264756233 1.18875957 0.599215031 -0.513857007 0.396845996 0.0491479784 0.00547245098 -0.0955369622 -0.383247226 0.349170923 0.0269705001 0.830646753 -0.232275441 0.149795055 0.546918094 -0.111391179 0.185931966 -0.303519577 -0.251582742 -1.14041698 0.672340035 -0.346609443 0.619239807 -0.315234184 0.195677683 -0.0706117302 -0.187826514 -0.311391622 1.16465569 -0.704408824 0.684383392 -0.090173848 -0.0334050171 0.555202544 0.206130385 -0.0850708336 -3.26524854 0.0743273869 -0.476180524 0.103608929 -0.125862792 -0.403611273 0.515181005 0.129876569 0.100984752 0.902759969 0.529831946 -1.20615232 -0.0813026354 0.356452554 0.75428164 0.490558803 0.109048717 -0.151371628 0.0408674888 0.269252181 0.242271453 0.064513281 0.23631382 -1.33688414 0.0533903204 -0.662687957 0.860510945 0.468793571 -2.93043303 0.0513194613 0.359628081 0.0491555333 0.0527337752 0.0565502048 0.197631344 0.187243432 0.364609957 0.747754872 -0.0361755043 0.126952231 0.0551930852 -2.6710825 0.680359602 -0.00383433653 0.548747957 0.117745727 -0.0333341062 0.246757507 -1.52195561 1.27332532 -0.745296836 -0.0643014088 -0.14192079 0.759135604 0.0251416825 -0.272837818 -0.251345098 -0.0189870596 0.150843278 -0.246804178 0.0609945133 -0.457237303 -0.327173203 -0.709182322 -0.417929858 0.907469511 -0.0362388939 1.47450423 -0.118022636 0.155104578 -3.53764248 0.467565835 0.0116533004 1.1282326 0.307653517 0.0690161213 0.959010303 -0.623757362 0.270454317 0.256513953 0.0177460387 -1.43610001 -0.274807066 0.054551024 -0.267139465 0.285193563 -0.014146571 -0.800382674 0.116666831 1.02291322 0.399978876 0.56130302 0.453683704 -1.50781131 0.251746833 0.81115073 0.387978494 -0.0683529899 -0.632839859 -1.25699651 0.066474244 -0.655985057 -1.05407274 -0.673310339 -0.598131537 -0.664037466 -0.73999083 0.966123462 0.120170638 0.665850759 0.736840487 0.0360248387 0.170531154 0.191866919 0.205054536 0.0599650107 0.161051348 0.0377802439 0.142575473 0.084681429 -0.000297928549 2.01819968 -0.0306414459 -0.296253711 -0.115309969 0.084893249 -2.38905525 0.246928439 0.0370438173 0.609843671 -0.223493919 0.478326172 0.0949623361 0.220846504 0.502689481 -0.282080412 -0.0524276271 -0.239959568 0.614304483 0.186649084 0.722123086 -0.267733723 0.188436896 -0.0926361829 -0.399760365 0.132274136 -1.5402627 -0.0669951364 -0.974477589 -0.542857885 -0.0168162901 0.488495976 0.384066552 -0.0750871897 0.681944072 -0.324613571 -0.355068743 -0.252736986 -0.165900186 0.0641139075 -1.58008671 0.72710979 -1.04174054 0.906481504 0.0207138639 0.856554568 0.353653699 -0.169173092 -1.8557533
