tensor_linearrelustack9weight 16
0.312642068 -0.19185628 -0.188778132 0.420879632 0.748846531 0.361630589 0.284909964 -0.426087648 0.356956095 -0.441367269 0.432748586 0.816535056 -0.23935324 0.647834837 -0.609926045 -0.22927402
tensor_linearrelustack6weight 256
-0.316432804 -0.219436541 0.582921386 0.344058633 -0.00879565347 -0.298918366 -0.323507249 0.577533245 0.0907920823 -0.253261805 -0.327586204 -0.123449244 -0.130085349 -0.298791915 0.0267291758 -0.207828268 0.689142168 0.123108566 -0.720030904 -0.711037636 -0.286601037 0.326817751 0.720451832 -0.368189275 -0.30330351 0.376280516 0.118832223 0.533140063 -0.297621459 0.285488009 -0.25724715 -0.14344801 0.500773907 0.332973719 -0.300917774 -0.291954696 -0.296069056 0.67124784 0.71035099 -0.482641488 -0.338564306 0.330338478 0.308547914 0.0864518136 0.144781709 0.352052569 -0.195623532 -0.0442200862 -0.183190361 -0.26690796 0.497335881 0.338089108 -0.0411407985 -0.26146391 -0.258983791 0.473163366 -0.0208717231 -0.28989625 -0.232781261 -0.120695084 -0.149329662 -0.37898162 0.00791039038 0.170178607 -1.53349221 -0.245836347 0.285607219 0.123844899 -0.0288177691 -0.690025687 -0.516315103 0.290496588 0.0225819349 -0.762370408 -1.66136837 -0.777728796 -2.10033178 -0.759880126 -0.105566233 -0.0993961468 -0.544795692 -0.336569101 0.585310876 0.485833645 0.03509067 -0.642046511 -0.951369524 0.581486404 0.00876033865 -0.554912925 -0.622220457 -0.302556813 -0.295630962 -0.652136624 -0.0196320191 0.0800386295 -0.586488783 -0.0585368462 0.491337299 0.326128989 0.0781739503 -0.353326291 -0.357545227 0.587529302 0.245594189 -0.233242676 -0.348561972 -0.132674709 -0.0928427428 -0.199534535 0.00331634283 0.0659159794 0.383034289 0.495082855 -2.55361748 -0.441546023 -0.833093464 -0.290711015 0.443251342 -0.239559233 -0.404102892 0.0282458402 -0.130584255 0.415747762 -0.315453887 -0.126162261 -0.384783626 -0.226030618 -0.503828943 0.130132094 0.179072529 0.127770215 0.482530832 -0.650854945 -0.322539479 0.522338152 0.433933437 -0.141107157 -0.192562699 -0.0401187278 -0.235263333 -0.0338034183 0.0820674822 -0.0713613406 0.155900463 0.149342656 -0.883419514 -2.6763978 -0.343544215 0.410944164 -0.00685314694 -2.13548279 -1.3612771 0.178908959 0.358897597 0.0280262697 0.0800500587 0.187857538 -0.89494282 0.189321548 -0.279794753 0.538331449 0.356535524 0.648934603 0.149499178 -0.372337699 0.0975363553 -0.0668930784 -0.605089664 0.0458330922 -0.0609204844 -0.070295155 -0.222137854 -0.0804704651 0.47304973 0.0363014266 -0.189521089 0.322852373 0.693421364 -0.16477111 -0.394159019 -0.0633921698 0.0888410136 -0.805155337 0.411986172 0.0202391837 0.0135291638 -0.0792287067 -0.0681638122 -0.022948388 0.757254958 -0.0801102594 0.784675539 0.193727523 -0.214332029 -0.700249195 -0.161242157 0.359565735 0.621844769 -0.908852458 -0.449455172 0.225185782 0.445945084 -0.0202981234 0.341126144 0.281291127 -0.302165776 -0.14241232 0.00747872237 0.200172052 -0.895135641 -0.288506806 0.981360793 -0.0515106544 0.159718603 -0.207754791 0.635586023 0.0539082177 0.102728881 0.0574776009 0.0399239808 0.0710796416 -0.326998979 0.09452454 0.439150631 0.0545824617 -2.28656578 -0.559504271 -0.100506753 0.110948548 0.144934833 -0.0536075644 -0.0733627751 -0.0610750392 0.266901672 -0.400829226 0.590146542 0.0504726954 -0.0999411494 0.126788825 0.165380031 0.419444531 -0.915918946 -0.258871019 -0.477867097 0.672040403 0.566131711 -0.566718876 -0.430134952 0.374503523 0.356815696 0.0710368976 -0.0521276034 0.378323466 -0.28100121 0.167217448
tensor_linearrelustack3bias 16
0.294726312 0.510398984 0.243746415 0.711977899 0.451066822 0.0966323763 0.219767883 0.428454131 0.448681533 -0.042459704 0.32095015 0.164077729 -0.420804173 0.549466074 0.510178745 -0.0890130624
tensor_linearrelustack3weight 2048
-0.436000556 0.43965131 -0.0835086927 -0.0166386999 -0.348207861 -0.126534075 -0.0096429158 -0.271270216 0.141513571 -0.423780948 0.133486196 -0.252112925 0.130410343 -0.265101969 0.545271695 -0.0919179097 0.425168455 0.383513719 0.399687707 0.0941287577 0.160772055 -0.317808956 0.524828196 0.0459883027 -0.125050396 -0.426205695 -0.113083668 0.590644717 -0.136328787 -0.663969338 -0.00694634579 -0.135488421 -0.162960514 -0.3710379 0.0595350489 0.33287254 0.58358705 0.270283759 -0.298597455 -0.504559636 -0.04281215 -0.337568283 0.0655210614 0.103388131 -0.64465028 0.102763869 -0.241953626 0.216080695 -0.4178119 -0.00819900632 -0.040787328 0.163984403 1.39900088 2.03362966 -0.535927653 0.331303775 -0.980809629 -0.0731491521 -0.0281404126 -0.319861144 -0.0918155164 0.0612499863 -0.226668879 -0.620002031 -0.993029475 0.225380659 0.196566224 -1.04887068 -0.0981870145 -0.17164278 -0.370096922 0.5316751 -0.149572477 0.0691397786 -0.373881876 0.0783437341 -0.40026775 -0.000569787342 0.385843307 -0.878885329 0.643660069 -0.62151581 -0.706076622 -0.298404604 -0.355207145 -0.513858199 0.468099147 0.310131073 0.198325232 0.611285269 -0.119409285 0.0486052036 -1.47862113 -0.805645406 -0.889466703 -0.140597105 -0.0823030993 -0.161129981 -0.0475050174 -0.0917986035 0.0863733739 -0.114428334 0.209808573 0.162699774 -0.418854594 -0.0513569824 0.459653974 1.09013879 -0.26643756 0.361034006 -1.09911013 -0.525528729 -0.204588711 -0.188338161 0.237066194 -0.288955331 0.242943794 -0.222279236 0.00743020978 0.446559519 -0.156499445 -2.15876484 0.124910086 -0.186994448 0.256554395 -0.37414667 0.301090121 -0.22372584 -0.183368444 -0.0119549641 -0.0754012465 0.114716403 -0.124648742 -0.160828725 -0.672968805 0.0349389352 -0.152087197 0.299251705 -0.0521116741 -0.035901241 0.221434325 0.11746484 -0.342652649 0.10941904 0.070738107 0.0727824122 0.684681833 -0.0643623844 0.481801271 -0.83524394 0.198560506 -0.384159386 -0.468685895 -0.450699121 -0.162926719 0.0668347329 0.14674297 -0.181619361 -0.18645741 -0.113390826 -0.169490144 -0.979345679 0.0498464629 -0.22419852 -0.0162474737 -0.181555644 0.122986071 0.157223493 -0.0249360558 -0.12984243 -0.20176065 0.0190773886 -3.09901905 0.219497442 0.165465191 -0.085848473 -1.13645291 -0.179987356 -0.0718871951 0.0897412673 0.0221364796 -0.103460915 -0.351596266 -0.0268615708 0.0414707512 -0.211386457 0.209853798 -0.449615121 0.0215578955 -0.214996845 0.108623803 -0.273062944 0.36015293 -0.102693893 -0.0109656285 0.0760927275 0.00715410244 -0.0571852624 -0.143559635 -0.15111737 0.0755239055 -0.373504907 -0.367662549 -0.123739295 -0.407445699 -0.428184092 -0.404675096 -0.147948921 -0.133629039 -0.0114634158 1.51989269 0.0984150544 0.375359297 0.50242722 -0.122642748 0.244366542 -0.536581695 0.262092382 0.0437678881 0.0862887204 -0.529163182 0.000395782932 0.0860241875 0.243216559 -0.116833471 -0.13567777 1.46500957 0.0730130225 0.155524358 0.62286973 -0.517330647 0.431932211 0.0605234019 0.137216479 0.519348979 1.19895387 0.12233723 0.850842476 0.0397181585 0.316185147 0.031828627 0.0627247617 0.679409683 -0.0530454591 0.705766499 0.0737002939 0.221211061 0.143543437 -0.10211385 -0.927250624 -0.282852203 -0.266032606 -0.0563198812 0.0399759486 0.484000087 0.195662409 0.536418736 -0.0833067447 -0.428808779 -0.12001694 0.188243702 -0.737169445 -0.121652894 -0.937591016 -0.50053376 -0.869114041 0.276606888 0.0380938761 -0.201652333 -0.452769697 -0.154666185 0.0927882865 -0.398657888 -2.17801523 0.592167258 0.0473499894 0.0331142619 -0.263736963 -0.161703736 0.0903399512 -0.0172107834 0.0190466288 -0.483815551 -0.155613214 0.123664945 0.461913347 -0.155438825 -0.0992602259 -0.0918170959 -0.119962305 -0.0695593804 -0.199328035 -1.04932344 0.152048469 0.0387394242 0.0544091985 -0.467145413 -0.193063647 -0.210137308 -0.188945949 0.61198169 0.298816919 0.183345288 0.187679812 -0.321575731 -0.792302251 -0.0521701761 -1.34839654 -0.817995131 -2.24035621 -0.372160375 0.065751493 0.412453204 -0.801465511 0.377070725 0.153637812 0.0657649487 -0.00566404359 -0.048642762 -0.0557936616 0.219555378 -0.0356340781 0.080485791 0.183689222 0.0778568313 0.363674343 0.010933687 -1.02768528 -1.62749743 -0.19321084 0.113170683 -0.129276931 0.0362116918 -0.306703627 0.122859344 -0.326787978 0.176338524 0.18389006 -0.120350227 -0.688575089 1.11951387 0.339675516 -0.0919952244 -0.488497049 -0.0609365031 0.482378125 0.132375449 0.0569839068 -1.98370481 0.124416761 0.164701745 0.0210480858 -0.465953141 -0.155572668 0.218869835 -1.00155544 0.04314382 0.205397233 0.020770805 -0.213109195 0.0728973523 0.187947407 0.336104602 -0.330212981 0.0784866735 -0.437611133 0.200424299 -2.96889901 0.0312475972 0.0770603269 0.130711421 0.314070135 -0.453439057 -0.107054099 0.0281526819 -0.701863348 -0.0508990549 -0.0427419879 -0.0339597464 0.0650913194 0.475797206 -0.120896682 -0.303975224 -1.85122395 -0.307905585 -0.363376081 0.115946457 -0.149041176 -0.466088355 -0.104610302 0.147517145 -0.448177487 -0.0662167817 -1.27005422 -0.201815024 -0.0146555556 0.0955945626 -0.0206895433 -0.111705169 -0.547316313 -0.38258484 0.296093524 0.0510312393 0.177913353 -1.08744693 -0.180109039 -0.0930120721 -1.60161698 -0.139018446 -0.0300808996 -0.249791294 -0.328246683 0.419013411 0.185276851 -0.348489106 0.171394125 0.241880655 -0.187243059 0.0943536386 0.0685694143 0.177222222 0.299032211 0.0949050933 0.207604334 -0.187076911 0.576010585 -0.253328174 -0.238138914 0.191581234 -0.490551829 -0.0890349895 -0.0637989789 0.784331918 -0.175793201 -0.431287915 0.166267142 -0.543571055 -0.706430197 0.0974861458 -0.2189679 -0.0208744202 -0.375537574 -0.796634614 0.396568716 -0.212425232 -0.0564609393 -0.480602413 -0.329482943 -0.355141252 -0.0377555378 0.164071098 -0.409705609 -0.506366074 -0.132411852 -0.0709201917 -0.0122529613 -0.0495318733 -0.416317791 0.203132436 -0.251535624 -0.591182828 0.325659633 -1.9663533 -0.056072697 -0.168560714 0.103083968 -0.23384203 0.0422689691 -2.72063994 0.239859074 0.0142431511 -0.254719794 0.0322294123 -0.12020991 0.158969313 -0.0729535893 -0.376424283 -0.202451617 0.0463286825 -2.32943821 -0.10233628 -0.0399196669 -0.185211852 -0.151770681 0.0488525219 0.185918972 0.108069576 -0.488512963 -0.308253527 0.294651061 0.320288539 0.0438733101 -0.168403104 0.163448915 0.206959769 -0.0281462986 0.0686110258 -0.142305881 -0.574519753 -0.0654231906 0.499160349 -0.0255005211 -0.149688199 -0.197404578 0.0180133469 0.325491458 0.0953817666 -0.256766945 -0.126352683 0.396563321 -0.0349474549 0.0833883509 0.140054554 -0.139167801 -0.0850909203 -0.0254980996 0.240745142 -0.346983343 0.0740354657 0.0669962466 -0.224147469 -1.44299376 0.0459603891 -0.0343528129 -0.237362519 0.197592422 -0.469429553 0.268197358 -0.19736895 -0.946222126 0.201651722 0.0846451893 -0.170732155 0.0795330852 -0.239613995 -0.156743795 -0.182904556 0.17811051 -0.120981127 -0.117011994 0.0460125729 0.644690156 -0.264158189 -0.0611324459 0.198796853 0.423441708 0.227719456 -0.762486875 -0.803065896 0.42003572 0.0752636716 0.202712342 -0.0351113491 -0.0909002647 -0.0702081323 0.016018426 -0.371288419 0.0605474077 -0.358919859 -0.0163840987 0.105893008 -0.0414916761 -0.119580239 -0.370563984 -0.836912811 -1.36778677 -0.190154105 -0.00580638554 0.779270113 -0.0276811644 0.125152543 -0.0941609815 -0.0438194051 0.205232263 -0.422306716 -0.141865984 0.594944239 0.0776047036 -0.0321686044 -0.152405873 -0.0731528476 0.469019473 -0.0278623514 -0.637828052 -0.565751612 0.0796406642 0.0144211743 0.14228633 0.731446564 -0.0788466483 0.0270492826 -0.666824937 -0.627509236 0.266230941 -0.0594024062 0.067085281 1.28281033 0.175642163 -0.304111898 -0.0225725081 0.135090828 -0.459627032 0.249129698 0.0689434484 -2.57338119 0.338740468 0.481464028 0.432934999 -0.206005022 -0.280481756 -0.121431924 -0.642055333 -0.000481685536 -0.0340343937 0.116482556 -0.992766619 0.360674828 0.045474004 -0.0314844921 -1.59432566 0.20213823 -0.261188984 -0.0119043831 -3.9696908 0.222827807 0.00402169023 -0.220697135 0.0827755257 0.244135156 0.0748496428 0.0752869248 -2.04030776 0.0848498195 0.358413249 -0.0730693936 -0.048900947 0.295922369 -0.132601872 -0.481055051 0.142558932 -0.0716252774 0.219316676 -0.332845449 0.045356635 0.0108241457 -0.431341976 -0.836986899 -0.0517870709 0.179719508 0.549170792 0.0621144995 -2.10444903 0.303617626 -0.207591459 -0.120693475 -0.082861498 0.0969208628 0.450981438 0.284425139 -0.196129948 -0.380355626 -0.25315389 -2.73433876 0.173641071 0.0251089167 -0.437697589 0.18283926 0.229995519 -0.128797829 -0.257844239 -0.223899841 0.0323292576 -2.35431838 -0.208911836 0.31560871 -0.0490279868 0.571327507 0.0150152342 -0.0173954479 -0.136810675 0.0739410147 -0.00617027795 -0.0498752519 -0.156077594 0.836986601 -0.075977087 -0.0720920712 -1.72436225 -0.53024137 -0.231071159 0.328972936 0.240832373 0.718503654 -0.306948423 0.00310339173 0.247440457 -0.0836832747 0.383986443 0.113526747 -0.46807307 -0.0659626499 -0.476079732 0.319576472 0.06624192 -1.07291424 0.0117235677 -0.218564525 -0.752714992 0.26289174 0.0570821837 -0.231733635 0.223769054 -0.079241775 -0.280487001 -0.0781165212 0.0409738794 -0.236424088 0.133931488 -0.299217016 -0.566137493 0.552206576 0.0376931131 -0.227197289 -0.0447368361 0.352058262 -0.104990512 -0.0147302607 -0.385410696 -0.145441055 0.0919225737 -0.0175906401 0.0684181303 0.0543603487 -0.0797857344 -0.0512126274 0.127748325 0.252322882 -0.0358159915 0.271234006 -0.0458354279 0.835768819 0.232577741 -0.200064465 -0.575310051 -0.0785924867 -0.120309316 0.000824958028 0.0886989981 0.170730665 0.0557385162 -0.290486872 -0.0518098921 -0.665729284 0.0125267515 0.24100706 -0.109277077 0.0593527779 0.0911145657 -0.0722205937 0.0379473418 -0.0125291152 -0.13885884 -0.136739433 -0.0279548094 -0.210570604 -0.136140868 0.507610083 0.0507662855 -0.227116808 0.160356775 -0.279754639 -0.234607011 -0.00522711547 -0.208937764 0.0948478207 0.000742695411 0.268833935 0.0558042973 0.0921911001 0.00274364743 0.117911845 -0.36345163 0.0588558242 -0.14058657 0.695735931 0.43249777 0.302803427 -0.0838051364 0.13536346 -1.64500093 -0.193653479 -0.185247213 0.0310717784 -1.04232156 -0.274715155 -0.149429023 0.235949874 0.0267971437 0.0609485991 -0.263120264 -0.344979256 0.353741318 -0.0716033727 -0.0291884225 -0.135622442 -0.284096748 0.283241659 -0.0413850918 -0.0137088541 -0.550503135 -0.0938453451 0.103790477 2.47633314 -0.103482611 -0.13821958 0.0655155033 0.60168159 0.201187536 -0.0467994176 0.730672896 0.48371771 0.181022257 -0.0667176768 0.466612428 0.00843475573 0.491877079 -0.101888359 -0.0010743431 0.0227367301 -0.186160743 0.0482634082 -0.411600679 -0.224335283 -0.38290152 -0.175442085 0.0404586792 -0.257133156 0.294060856 -0.187154174 0.781067252 0.0406065695 -0.716569066 -0.57075572 -0.349943817 0.0607580692 -0.0876791552 0.031602703 0.304632813 0.633933723 -0.000352185132 -0.119127013 -0.820430875 -0.0330980942 -0.125249043 -1.27501953 -0.11909993 -0.323797673 0.454593778 0.465297073 -0.319433451 0.207081899 -0.00138575141 0.175861269 -0.334166169 0.157697096 -0.110290252 -0.204605669 -0.407075018 -0.135182083 1.03108501 -0.0670021102 0.456124485 0.00889662374 0.156801969 -0.442080677 0.0199485049 -1.11828685 -0.886517107 0.492645681 0.160331503 0.172810167 -0.894642949 -0.219080031 -0.143924698 -0.923685193 -0.370508283 0.0191038847 -0.24093622 -1.32123852 -0.157991931 -0.0538911074 -0.193897888 -0.265939802 0.187480107 0.107007489 -0.552597702 -0.445122331 -0.335040212 -0.111426972 -0.0887009576 -1.01757085 0.0522497036 -0.102507882 -0.166701525 -0.0829250962 -0.194325268 -0.593228698 0.0827620104 0.0396111459 0.266122639 -0.303973675 -0.183294088 -0.702588081 -0.0220463332 0.462281913 -0.114134252 -0.0953219384 0.258051127 -0.123733625 0.106859148 0.0344646499 -0.0296838805 -0.258456588 -0.0922471061 -0.711441636 -0.543623269 -0.237071797 -0.00266848411 -0.143944874 -0.199228257 0.270399898 -0.0546036363 -0.460352093 0.160910845 0.625843585 -0.236688614 -0.0340292975 -0.120273389 -0.391441315 -0.170833245 1.25943136 -0.417209476 -2.29689455 -0.0584498309 -2.73611522 -0.733579159 -0.905592322 0.449704468 0.285148084 -0.82141459 0.054601863 -0.164824396 0.0102221351 -0.530430079 -0.1942074 -0.098105967 -0.349225432 0.195757002 -0.0806246996 0.0452562831 -0.0405483916 -0.00757064205 -0.225168511 0.13528496 0.281440407 -0.0560752042 0.315272629 -0.0851853341 0.148414195 0.362606466 -0.398878455 0.384541154 0.0569032058 0.697687924 -0.124196805 -0.956816435 -0.155512676 -0.146009877 1.10115921 -0.146221086 -0.428434014 0.180153385 -0.057059627 -0.42076087 -0.143053979 -4.27155018 0.123951815 -0.240223497 -0.00154412957 0.143098637 -0.236769184 -0.0814574286 0.00855974574 0.226586282 0.597689629 0.12751022 -0.0121834688 0.242973581 0.173393965 0.116465546 0.11687775 -0.196714193 -1.0224241 0.394297779 0.027317863 -1.95873213 -0.985431194 0.206975803 0.0226543788 -0.118783422 -0.122362599 0.15152964 0.837412775 0.179891601 -0.721537173 -2.85223484 0.149888664 -0.181205958 0.0761684626 0.0452898592 0.000745733094 0.0256782398 -0.369332343 0.397228897 -1.57792783 -0.159830824 0.0685857907 -0.10796243 -1.09868038 0.121765785 0.252591133 -0.00292961742 0.208848044 0.015170522 -0.197807267 -0.0362493396 0.0971383229 0.299001306 -0.0376317687 -0.279570371 0.760188639 0.389096886 -1.02374935 -0.15410687 -0.794562161 -0.105394728 -0.200282082 -1.07764781 -0.207319692 -0.124058731 0.137602806 -0.189076096 -0.531376302 -0.0304451212 -0.0359819494 0.250113964 0.0759753287 -0.389008939 -0.322478533 -0.04966712 -0.0899037868 0.239887968 0.0907187015 -0.0533319823 -0.140844285 0.020975912 -0.026841782 -0.129049197 0.600731254 -0.169997796 0.0755100846 0.0177216902 -1.15749538 0.0728061795 -0.171112865 0.0078565497 0.0480368882 0.1589946 0.256044984 -0.330855191 0.231233299 -0.012915913 -0.571339369 0.383158207 -0.33659178 0.162528872 0.0215799771 -0.716697633 -0.365249455 0.0231454652 0.213682726 0.109625354 -0.106281318 -0.134307489 -0.421928316 0.0701591149 0.0628157854 0.309481263 -0.0395081788 -0.0377879255 1.06520498 -0.280012459 -2.32025886 0.0291668884 0.0776205584 -0.0591810197 -0.07346569 -0.0476549454 -2.53096938 -0.0822144672 0.0199205764 -0.103759326 -0.00115299365 0.19925034 -4.96220112 -0.611689985 0.027041031 -0.163934693 -0.0240038335 -2.20755672 0.0787420869 0.705971122 0.200866982 0.00599989854 0.0148421265 0.0660156235 0.0585487857 -0.276767105 -0.179774866 0.248033583 -0.67117542 -2.58282971 -0.0179979559 -0.218364343 -0.233193845 0.16890344 0.0350712277 -0.165485054 -0.63253665 -0.157181397 0.151885003 -0.184513628 -0.188276216 0.153691456 -0.0707752034 -0.0687837154 0.00360399275 0.594587862 -0.100290783 0.171144068 -0.0876217484 0.443936944 -0.0714012384 0.0463555343 0.766841769 0.187018946 0.278702766 0.43348521 0.204425409 -0.00105387019 0.17598708 -0.509286821 0.182094887 0.0198772438 -0.347684711 -0.0255659055 -0.0148698837 -0.443121731 0.524563909 0.113078453 0.893604577 -0.123907886 -0.00830432493 -0.302053809 0.00284295063 0.14679864 -0.291807085 -0.486017257 0.16132021 0.461547017 0.11602477 -0.350958019 0.161885962 -0.0970584452 -0.0974404365 -0.0236754753 0.0731546655 -0.0560777485 0.809351563 -0.349264741 0.131370097 -0.0395977497 -0.000198519876 -0.108441181 -0.0748612955 -0.151336625 0.937788427 -0.150190949 -0.283074558 0.0762683526 -0.186371624 0.445968509 -0.234860718 0.180971622 0.545623541 0.70595634 -0.117054433 0.0765639395 0.183612093 -0.00869990233 0.323001146 0.102085724 0.261863083 0.302240103 0.399670005 0.0499103777 0.0533148386 -0.283034563 -0.138071641 0.13238059 0.0273966212 0.189761713 0.251467377 0.697266996 -0.0534255095 -1.38083565 0.0443803892 -0.00443724217 -0.289218068 0.0094476752 -0.0247662123 0.173011675 -1.94477105 -0.129316449 0.879223704 -0.65242219 -0.577464044 -0.570037663 -0.516628504 0.0880928338 -0.283419132 -0.360648036 0.0101535134 0.0997043848 -0.490875751 -0.0590013415 0.200270697 -0.204270557 -0.0870494172 -0.0853172168 1.01879978 -0.277850598 -0.146822959 0.319021523 0.059201289 0.016578231 -0.856157839 -0.561709523 -0.0200672578 -0.118122838 0.0710834339 1.43273854 -0.0740196258 0.561494112 -0.00327152433 0.10240414 0.0778458565 0.405368507 -0.408977836 -0.0303139761 -0.0825660974 0.728091359 -0.245819986 -0.58368361 0.158023253 -0.0276195407 0.195104584 -0.461006552 -0.302731842 0.0727096647 -0.600275755 -0.285426378 -0.133904532 -0.142468318 0.0119376658 0.0739826933 0.158885404 0.207925379 0.0338869132 -0.176515892 -0.0880470723 0.101919159 -0.201304317 0.0576070249 -0.0349636897 -0.329978526 -0.131000102 -0.588324845 -0.601679087 0.451676399 -0.221465468 0.0155185759 -0.0937162638 -0.188429952 0.156145006 -0.334311724 -0.281192183 -0.320873916 0.209883168 -0.0855583102 0.0308756512 0.0832383931 0.16812855 0.131619811 -0.187215298 -3.35252309 -0.670230865 -1.24510729 -0.275274605 -0.334600806 -0.103297785 0.0354210436 0.0682315901 -0.170733303 0.359010279 0.264783591 0.0236598197 0.0882980451 -0.85215652 0.104826756 0.142500862 0.459789872 -0.165278777 -0.209643006 0.185382321 -0.245248109 -0.421301991 0.016231643 -0.213823766 -0.446238339 0.581893504 0.349226981 -0.0291870981 -1.16569555 -0.691237867 -0.8304649 0.0870726407 0.0742447823 0.0259015318 -0.0842502192 -0.210142732 0.567388415 -0.0128761139 0.150414705 -0.431121945 0.040315982 -0.0780072138 0.0337269679 0.191190526 0.530376673 -0.136239693 -0.277856708 1.01590455 -0.116780758 -0.668685317 0.184276551 0.601925969 -0.255408883 -0.162858471 0.316058844 0.424594283 -0.278020203 0.998501956 -0.648420751 -0.0901144072 0.295063823 0.122111179 -0.175818965 -0.09879563 -0.446214229 0.0327015594 0.0816145688 -0.225900143 -1.55613852 0.167789549 0.163850531 0.691966772 1.30247808 -0.0682071447 0.00700992625 -0.507983387 -0.525915742 -0.00245901197 -0.0480620004 0.0427844785 -0.110100552 0.0574904308 -0.369940758 -0.0306375343 0.328417152 -0.359576732 0.178708524 -0.0516019948 -0.00468885805 0.152210414 0.206782252 0.257172495 0.125633344 -0.0423046686 0.0689801872 0.324268967 0.16758281 0.163290992 0.408146948 -0.249828458 0.134929657 0.0445989668 -0.127340347 -0.0249243788 0.152481422 0.165407777 -0.0101108383 0.132070631 -0.0246508606 1.4485625 0.221616328 1.13633096 -0.00747286389 0.960802078 -0.498339385 0.0886706114 -0.295687586 0.44413802 -0.283008307 -0.400499076 -0.0755924806 -0.118287191 -0.0205761585 -0.0137275793 0.00598234637 -0.0604391992 -0.891343474 -0.196074501 0.249117509 -0.404615372 -0.171294376 0.0487173684 0.0803468153 0.0639114231 -0.174956203 -0.00520742685 0.203870997 1.77679348 0.199951634 0.172869667 0.129817352 -0.546025991 0.0837718397 0.0482241027 1.06970716 0.260311514 0.451296836 -0.138603523 0.0641374364 -0.0852058157 -0.0285156742 0.458236039 -0.24843204 0.144759119 -0.142029479 0.0687694103 -0.897297859 0.139938489 -0.104747325 -0.385631591 0.600185275 0.784399986 0.0212588627 0.399223983 0.475152582 0.194586232 -0.148879379 -0.151073903 -0.0387847424 -1.42975509 -0.154368594 -0.127920091 0.123760618 0.661938548 -0.0445778482 1.15648305 -0.136241898 0.799544156 0.132938623 -0.0371794514 0.0049785818 -0.325755209 0.242995575 0.596676588 -0.172965646 -0.0913508236 -0.0424419306 0.0869389698 0.117889777 -0.129688621 -0.201654822 -0.529533029 0.154279545 0.0881556869 0.240559682 -0.0559698343 0.749118924 0.22858651 0.0678380951 0.56562978 1.24793243 -0.0479313359 0.829937875 -0.241675332 -0.11815273 -0.0130184591 -0.05939769 0.420832932 0.568273902 0.00645002117 -0.0114836516 0.0946429521 -0.177081272 0.012034229 0.0830507949 0.0841857493 -0.0725033358 0.0524883829 0.0399505049 0.22641252 -0.478904754 -0.108390599 0.0593395829 0.323508948 0.147532657 0.474441081 0.261208296 -0.16845043 0.114077747 -0.0836316124 -0.190575823 0.125161603 -0.0766151845 0.31378004 -0.137401968 -0.0715453997 0.15141204 0.470140845 0.573586404 0.983003378 -0.0782409087 0.751910806 -0.675345778 0.292358845 -0.115258597 0.464134663 -0.351985186 -0.569903135 -0.061697036 0.0182060301 0.0594699606 -0.143901855 -0.317802697 -0.242008284 -0.52367264 -0.253460139 0.0464681052 -0.359300941 -0.0348264463 0.275164038 0.0320535675 0.377673537 0.000879709958 -0.0867345855 0.22840628 1.4308176 0.239654347 -0.0208128374 0.411155015 0.0103093544 -0.120576486 -0.276104182 0.456290334 0.0114285983 0.126113728 -0.264530718 -0.769312501 0.209120557 0.160304859 0.450054348 -0.0639469624 -0.163490236 -0.157796577 0.405733675 -0.29225269 0.127185568 -0.0901293233 -0.472924948 0.464479029 0.722360671 0.188675597 0.668748081 0.202184111 0.173976094 -0.601241171 -0.273736775 -0.0585113913 -1.18421793 0.0154852131 -0.138891801 -0.216637999 0.646535516 -0.0665560439 2.01755261 -0.12877515 0.919728339 -0.00339283841 -0.186399668 0.790167093 -0.292662621 0.180714741 0.462349057 0.185487062 0.110063113 0.149939895 0.154286057 0.161830351 -0.52517736 0.116046533 -0.33306098 -0.0367845669 0.0178015567 0.338281959 -0.683944643 0.1391415 -0.0103240181 7.29341918e-05 -0.122982845 0.531937957 -0.0141634401 0.971081555 0.432702065 0.156186119 0.105040781 0.0990011021 -0.18732883 0.722581089 -0.379818618 0.319411695 0.0628173128 0.0398234725 0.075521417 0.201804116 -0.0134101445 -0.0321130976 0.333246171 0.199973688 -0.131647229 -0.442220718 -0.331588477 -0.490560651 -0.0903903097 0.0694667995 -0.0237642396 0.401360273 0.145277128 -0.163303688 0.245636821 0.614085436 0.214081705 0.0681951717 0.166625261 -0.226294398 -0.595894694 -0.264459014 0.0264147762 0.450404078 0.635654271 0.675753653 0.104364723 -0.251493752 -0.125083461 0.177017823 0.125020266 0.108356319 -0.591448188 -0.186713248 0.162454993 -0.573680758 0.0963701308 -0.633827031 0.12474864 0.292664766 -0.104135752 0.267827868 -0.636119664 0.0135516869 -0.0821439326 -0.0534684621 -0.0707667992 -0.543443501 0.0833911523 -0.115286767 0.556352317 -0.233219668 0.399091899 0.011413659 -0.496329486 0.0533181131 -0.272693872 0.188356847 -0.597106636 0.699829698 -0.357375711 0.540449023 0.0631471127 -0.0366775878 0.424662858 0.112241983 -0.134778172 0.367217422 0.225682795 -0.414946347 -0.402417362 -0.117026977 -1.02318919 -0.0721547976 0.326159596 0.0617159866 -0.0616558529 0.0813194066 0.477260947 0.0608947463 -0.0959160626 -0.55660069 -0.30606541 -0.449648976 0.0954806209 0.862087369 -0.556117773 -0.0752808079 0.564759254 -0.116941743 0.26225841 -0.286563069 -0.1070242 0.0317294225 0.061857529 0.323231161 -0.22014764 -0.0622717254 -0.559708834 -0.173029155 -0.153489277 -0.474921405 -0.128613129 -0.253369659 -0.0569496676 0.0352739692 -0.00131149695 -0.237020478 -0.0869771019 -0.07423383 -0.374497414 0.0135731036 0.492968857 0.579942524 -0.00291851023 0.466360629 -0.899486363 -0.172323376 0.0585471801 0.18150796 1.49913716 -0.323681921 -0.887345612 -0.290031731 0.114390127 -0.145718619 0.000239191577 -0.0157160256 -0.483308673 -0.15137279 0.220442653 -0.199952379 -0.0319049209 -0.940902472 -0.474978328 -0.0854115933 0.00126381346 -0.0643776208 0.115412235 -0.0593718104 0.360151649 -0.22338675 0.158581257 -0.889119148 -0.347044766 -0.0625102222 -0.036048457 0.249440879 -0.0548006669 -0.202636331 0.170282587 -0.000952881877 -0.301486254 0.131438941 -0.097629413 0.171437874 -0.201029077 0.165498167 0.143539429 -0.10718561 -0.846634865 -0.182658449 -0.278035223 -0.385796964 -0.106108442 -0.0404113159 0.0203579161 0.703240395 0.303546488 -0.0939750597 -0.164934546 0.165186897 0.349776655 0.0180146098 -0.0188541934 0.245874479 -0.212996766 -0.134022787 -1.66738522 -0.301310092 -1.83539283 0.158615991 1.79630077 -0.327911764 -0.369126111 0.341884822 0.0779805854 -0.357176989 0.46298945 -0.360286653 -0.0725460351 -0.424960762 -0.0902818963 0.0918583274 -0.0915035307 0.310318798 -0.302715212 0.574257195 0.0803182945 0.261732101 -0.127052665 0.067879267 -0.0543164946 0.229449034 0.297886312 -0.177879855 0.200840563 0.426093698 -0.0687519908 0.308761269 -0.207233652 0.237471774 0.374759436 -1.16465962 -0.33369422 -0.207324773 0.0693444163 -0.244636402 -0.291668415 -0.119585477 -0.229457512 -0.714398742 0.216730192 -1.91538334 0.101012446 0.0997559801 0.230106637 0.198708057 -0.00167965819 0.134894073 0.107704043 0.389300704 0.0102276616 -0.24259533 -0.107233234 -0.572503626 0.224261031 -0.457994044 0.162905872 -0.265921533 -0.910886884 0.551684797 0.312788367 0.0450608842 -0.386326849 -0.375447303 0.0214966685 -0.181500748 -0.210042626 0.171770409 1.09425855 0.22094284 -0.159974173 -2.88426757 0.0698469281 0.338569969 0.379206419 -0.0735627115 -0.0429982655 -0.0278350934 -0.0141993072 0.0474874675 0.0176646654 -0.0800299272 0.0598809868 -0.0087023871 0.020372916 -0.0510989316 -0.0768908635 0.0514664724 -0.0600624681 0.0176662691 -0.032846272 -0.0423473902 -0.0409435891 -0.046972923 -0.0983024538 -0.0596258081 -0.0347852074 -0.0108805122 -0.100005552 -0.0077737337 -0.012192348 0.0388958082 -0.097604461 0.0273989625 -0.00995912123 -0.0910374522 -0.0175277386 -0.0830671564 0.00251087127 -0.106750853 -0.0644795895 -0.127086386 -0.0741633624 -0.0762395188 -0.0978898779 -0.0371534973 -0.0935644433 -0.018350292 -0.0126922736 0.0135641377 -0.131519109 -0.0439255051 -0.119126327 0.020058576 -0.0429780446 -0.0768906921 0.035962414 -0.0262518171 0.0146239568 -0.0750032365 -0.0622153021 -0.0981491953 0.056651365 -0.00463478453 0.0185792334 -0.072541371 0.0272281151 -0.0407013856 0.0213056412 -0.097697936 -0.0577180311 -0.100712098 0.0145217022 -0.075908035 -0.0143897003 -0.100277722 0.0443653315 0.0331685394 -0.0916128755 -0.0587393045 -0.0474049933 -0.0879841894 -0.0355343781 -0.106081806 -0.0484816097 -0.0968294367 -0.0537966304 -0.0192402136 0.0176588893 0.0682110861 -0.0554017499 -0.0524681099 -0.0756468922 -0.0158303957 -0.0883149654 -0.0620141551 -0.0881179497 -0.00936913025 -0.0250351429 0.00232412806 0.0295735709 0.0134326937 0.00277454196 -0.0431069583 -0.0402537957 -0.0544905923 -0.0311007034 0.00909649394 -0.0632901937 -0.0748139843 -0.0913645774 -0.113829188 -0.032129772 -0.021079395 -0.0924878791 0.013224286 0.0355076641 -0.0515371971 -0.0966831148 -0.0606205016 -0.0708149597 -0.0645815656 0.0300351903 0.00809523836 -0.0862216428 -0.091348283 -0.0424340889 -0.0335506797 -0.0336984657 -0.0604805313 -0.0907217339 -0.0797846317 -0.030235786 -0.004676627 -0.118393831 -0.00660668546 -0.0397266299 -0.0728718117
tensor_linearrelustack9bias 1
-0.923618138
tensor_linearrelustack0bias 128
-0.923393726 -0.597505569 0.309490025 -0.31593436 -0.782814503 0.873997271 -0.917186499 0.203804165 -0.727067351 0.79211998 -0.694274664 -0.458586097 -0.103805214 -0.393968642 -0.484108239 -0.977387369 -1.02085423 0.276639581 0.509735107 -0.388336897 -0.147744581 -1.25347078 -0.783775151 -1.10880184 -0.640946627 -0.664900541 -1.02193129 -0.333703309 -0.866381645 0.602824807 -0.469977558 -0.149485067 -1.14454246 -0.213562101 -0.442681551 -0.196296602 -0.589078546 -0.29791078 0.408854306 0.399371833 0.540723324 -0.101774946 -0.356280714 0.300239146 1.0281719 -0.57489872 0.802478552 -1.17375612 -1.24355423 -0.906653225 -0.704746246 0.744507492 0.127329156 0.358327985 -1.06451094 -0.96834743 -0.231685147 -0.665575802 -0.749206841 -0.632697284 -0.778400362 -1.00509858 0.513799608 -1.05495298 -0.981716216 -0.379397988 -0.851031363 0.23959282 0.0548878387 0.427479863 0.629141152 -0.279001474 0.999034345 -1.31648922 -0.47619772 0.362308383 -0.15663527 -0.709914088 -1.09344518 0.705280542 -0.385571152 -0.41893369 -1.17914069 -0.396757007 -1.7518388 0.257278293 -0.203134522 -1.01570725 -0.926696718 0.798101664 0.829112768 -0.551165164 0.866680205 0.069123514 0.209321678 -1.31893194 -0.41811505 -0.666174769 -0.859574914 0.371599793 -0.292167991 -0.813738286 -0.220117614 -0.260482848 -0.330977708 -0.610244393 -1.07055891 0.616269648 0.0883802921 -0.495889097 -0.783281863 1.04815447 0.00271338923 -0.412968397 -1.06983185 0.499189377 -0.267074794 -0.132704332 -0.605739415 0.939845085 -0.185382485 -0.993850768 0.0510103032 0.154800773 -0.469075829 -0.676622927 -0.168680727 -0.712590754
tensor_linearrelustack6bias 16
0.588923872 0.180970043 0.400139838 0.476021498 0.437319189 0.497438729 0.508184671 0.101448432 -0.310032785 0.224184051 -0.339183718 -0.368314534 0.182740703 -0.610543132 0.122563541 0.470934808
tensor_linearrelustack0weight 2560
0.235112399 -0.0489694327 0.004516182 0.198251069 -0.0333056971 0.230585665 -0.0107415672 0.0288189221 0.415928334 0.0664137378 -0.33410114 0.140457615 -0.738370001 0.236881226 -0.306267977 0.0472660623 -0.974032223 0.263063788 0.15695706 -0.153292656 -0.436487794 0.182140619 -0.420202762 -0.0778176859 -0.219081983 -0.180311948 -0.0179509576 -0.11519371 -0.828122258 -0.435972422 -0.134227574 -0.522139251 0.189164221 0.0213459451 0.240927398 0.111207865 0.468104243 -0.0327595919 0.0709693134 0.0931037441 -0.0710844249 -0.212749854 0.251809299 0.196779907 0.169088721 0.0345545746 0.0328826904 -0.00647448748 -0.19057323 -0.460926712 0.0349374451 1.25407302 0.039121598 -0.176826507 0.107179128 0.0583555102 -0.307311565 -0.0808022469 -0.200141475 -0.0276172031 -0.515962064 0.266968876 0.134693399 -0.0685371682 0.153487086 -0.00157109904 0.0929703042 -0.0867710337 -0.69437623 -0.12288709 0.0186013971 0.561438918 -0.224662527 0.191068977 0.132632956 0.159528077 -0.163663089 0.168542489 -0.157888308 0.162523776 -0.256951779 -0.0493273772 -0.137817279 0.0207357518 -0.131267756 0.177868798 -0.0476711877 0.0406488068 -0.154376507 0.0357977599 -0.0978561193 0.383345604 -0.38716349 -0.0657739118 -0.0261697825 -0.025867315 -1.15308106 0.253099203 0.268576205 0.0208963547 -0.067984052 0.0782713369 -0.0815328881 -0.010715723 0.0447089709 -0.0296111796 0.0555170737 0.00254899031 -0.516064227 -0.0450024977 0.0630339682 0.87291348 -0.0417711399 -0.403493017 0.0871320069 0.039495144 0.389541149 0.250886977 0.079170078 -0.441805422 0.073417969 0.149500608 0.137343869 0.0285959449 -0.0576714203 0.139640838 -0.0208624098 0.00445565907 0.457660824 0.207732633 0.0313696824 -0.639665484 -0.40730533 0.0550575852 0.00389413303 -0.536713958 -0.00384270889 0.0461085849 -0.00847936608 0.330043972 -0.055170536 0.0764240474 -0.20900102 -0.124275349 -0.0654396564 0.0363675356 0.0274102557 0.019459201 -0.789116204 -0.487841308 0.0737104267 0.812562704 -0.517963409 -0.0460462011 -0.105413854 -0.0293246377 0.689668536 0.230021 0.0267681349 -0.076307185 -0.105453111 -0.201189399 0.129314318 -0.0130479001 0.0797204673 -0.0524624623 -0.0143240532 -0.116324849 0.235409364 -0.0486945808 0.226485103 0.237826645 -0.43477571 -0.667275488 -0.366360784 0.111656442 0.0390799381 0.510370195 0.0199890044 0.381730229 -0.0532219969 0.164937466 -0.0690872446 0.137834042 0.0028188962 0.116660275 0.0406750292 -0.000568753574 -0.0129124122 0.126413554 -0.0288411397 0.0997203514 0.616985917 -0.119947918 0.00316240452 -0.0182467382 0.379579008 -0.655091286 0.081576243 -1.01693904 0.202499852 0.000861903944 -0.106477141 -0.0830063671 0.0772421733 -0.0949506462 0.0168449506 -0.00329465535 -0.372322708 0.188801825 0.169388264 0.00483398 -0.927590966 0.131049156 -0.478104323 -0.0802592188 0.516069949 0.0318251513 -0.193685606 0.333655 0.0109169735 0.231232896 -0.147693932 -0.0145535003 0.0269176122 -0.112511516 -0.0674751103 -0.0159356873 -0.206090033 -0.269150555 -0.060625881 0.0100321081 0.0388078317 0.121283963 0.329911679 -1.24908113 -0.150174007 -0.190294921 -0.224762648 -0.209151343 0.157333001 0.312621564 -0.110456944 0.212196112 0.299216449 -0.237808153 0.242887303 -0.24179776 -0.233243048 0.279828548 0.268580765 0.111603446 0.0840258747 0.495072931 -0.54267478 0.0427665152 0.55141741 -0.209995613 -0.157968909 -0.451936334 0.204525709 0.00866605621 -0.606740475 -0.378103495 -0.240035981 -0.150590226 0.0832542479 -0.0142899361 -0.463991225 -0.296007812 -0.514501154 0.740491331 0.302331716 0.00271819462 0.192140892 -0.228718296 -0.213341966 -0.121377654 0.0787985846 0.010076385 -0.0274368487 0.173911884 -0.234098464 0.000420187193 0.143310964 0.126374304 0.093845509 0.0986567587 -1.24645984 -0.313809872 0.09601143 -0.308354408 0.559167564 0.244320124 0.288585752 0.0846476704 0.172223806 -0.278914899 -0.316347659 -0.267760158 0.108691432 0.0512620918 -0.210437059 -0.181634352 0.231725961 -0.0990461186 0.048139222 0.193050966 -0.141513616 0.0767303333 0.0220830943 0.210515231 0.620541394 -0.0877369568 -0.399187773 -0.133244812 -0.466008812 -0.136124462 0.256893307 0.180150837 0.0683486536 -0.136651754 0.175788537 0.131193712 0.105413072 -0.0125052761 -0.0458899327 0.0798057765 0.268694043 0.192733049 0.182632089 -0.169433758 -0.460643828 0.149139374 -0.699690819 0.0340877697 -0.0206017941 -0.337277025 -0.102276079 0.347494185 0.221935183 0.121717654 -0.136807427 0.0898599029 -0.109403722 0.193750188 0.0484716855 -0.0262254421 -0.138758287 -0.39314118 -0.0977737829 0.516483605 0.353950351 -0.420881301 0.227436185 0.0206953846 -0.644108593 0.605606198 0.119964764 -1.09481633 -0.0366408639 0.218782485 -0.0505874231 -0.00392006151 0.226295829 -0.0231392141 0.0536603667 0.041176226 0.0795858726 -0.00957765244 0.0319756456 0.0256215017 0.315215945 0.0776321962 -0.0682076141 0.00681709358 -0.215232283 -0.187058643 0.472344935 -1.68727016 -0.381918281 0.218999013 0.00789522566 -0.0898773223 0.0759948939 0.0926934928 0.0664077252 -0.0519315153 0.324086547 0.21460627 0.291073352 0.163425729 -0.258967161 -0.484095991 -0.518427789 0.183134049 -0.546334982 -0.38622883 -0.138090625 -0.361566037 -0.0504668877 -0.00359751354 -0.0837239176 0.0111976573 -0.063981086 0.0139112566 -0.0304453783 -0.046786882 -0.104065455 0.0370436013 -0.017998023 0.104510486 -0.00881366432 0.030106198 -1.44556093 -0.0206758399 1.01675987 -0.125849441 0.317379683 -0.0251069516 0.0649601519 0.400330245 -0.236545458 -0.494175673 -0.376535654 0.109822951 0.0624812581 0.150415644 -0.50793004 0.0442241617 -0.141643718 0.128771216 -0.0502175726 0.11631342 -0.0830507725 -0.310590565 0.251731545 0.317974836 0.14483501 0.146252468 -0.376902878 0.0119497469 0.205900833 0.0375321358 0.0781253874 0.01968229 -0.0400462374 -0.00454424974 -0.0133308545 -0.193659797 0.0266066659 0.0242025461 0.125186846 0.145698413 0.103988864 -0.955462635 -0.349709928 -0.200409472 -0.19578515 -0.0423015282 -0.0299939979 -0.00107674475 0.0514542386 -0.222272202 0.0176743455 0.160284534 -0.0773355961 -0.732412398 0.00710530439 0.00846338831 -0.173368946 -0.413695633 -0.447809398 0.23398678 -0.418102473 -0.0248582531 0.419805944 0.120362066 0.0244907625 0.0501697809 -0.411755741 -0.436281264 0.0285787899 0.202786699 0.011242521 0.0292913299 0.059541516 0.0819960311 -0.888951361 -0.1759343 0.0405437052 0.487814069 0.163238809 -0.186993167 -0.392711043 -0.111574084 -0.0517552905 -0.233820617 0.180208191 0.144692615 -0.221098185 -0.119205698 -0.491062969 -0.453453153 -0.312337846 -0.149245933 -0.172388807 -0.181550652 -0.509958267 -0.365035146 0.0148269674 0.0869633779 0.46692124 0.296018958 0.525982559 -0.0551881716 0.174631208 0.215797424 -0.0360749848 0.148792073 0.21780476 0.192015305 -0.215310588 -0.13641046 -0.137580156 0.0809797347 -0.0141103761 0.0616482012 -0.643202126 -0.751449227 -0.196432665 -0.274268895 -0.228120312 0.381420404 -0.228923813 -0.157737926 0.207633898 0.067229718 -0.0471163653 0.126715973 -0.418783098 0.171445355 -0.53428179 -0.200635895 -0.204527855 0.188333347 -0.154919669 0.197707191 0.0555548854 -0.121591099 -0.0226028394 0.407500833 -0.424951851 0.275795758 -0.283604324 0.227620065 0.970677674 0.0826193094 0.133065298 -0.046839159 0.0633299053 -0.234398767 -0.13491787 -0.0618121773 -0.155110747 0.0411011018 0.117857203 0.125249311 -0.0421815738 0.150017723 -0.120723747 0.0527261719 0.0632534027 -0.368433803 -0.986553192 0.0192402378 0.0220316164 -0.0127425324 -0.0595860183 0.245031908 0.0620516464 -0.113653332 0.0282773655 0.0622257479 0.0634860992 0.0236888304 0.0142969564 -0.0229105949 0.428745151 0.360582411 0.0231340099 -0.480839878 -0.369585991 -0.159781277 0.396164387 0.028778974 0.368332118 -0.481042206 -0.0269120149 -0.862342119 -0.00830373354 -0.118139304 0.326486349 -0.0785474479 -0.243486658 0.0524279699 0.0165856406 -0.0206148215 -0.181424335 -0.0585966669 0.0531494543 0.321261555 0.0270560253 -0.292249173 -0.957317591 -0.153358489 0.173322916 0.28233844 0.490221202 0.212760046 -0.140037239 -0.0966481268 -0.280506074 -0.227202564 0.097727783 -0.326063633 0.314718902 0.274098098 0.24845022 0.208319366 0.237844482 -0.752070487 0.746155918 -0.138533294 -0.412643373 -0.0833132118 0.29555586 0.166907012 0.0537298135 -0.0583342612 0.128350541 -0.0803920105 0.347108006 -0.0377617925 -0.133418664 -0.0154184252 -0.0552436374 -0.101720482 0.307462722 -0.0555931292 -0.141033873 0.333917767 -0.552514315 0.208947152 0.0292826127 0.697677732 -0.195316106 0.0788787678 0.0149220964 0.188675582 0.0185766518 -0.0554605275 0.0884831175 0.0836568847 0.0581305772 0.0277342256 0.01240482 -0.0251682699 -0.0739812627 0.188217312 0.268744409 -0.695198119 -0.335466355 0.129425734 -0.24360545 0.00885716733 -0.352352709 -0.202964067 0.00337068108 -1.65617394 0.117125809 0.131490782 -0.060197711 0.138904467 -0.0133342529 0.099559471 0.00633618981 -0.0606019646 0.408782929 -1.34102654 -0.116965108 -0.279391319 -0.288506389 0.182195455 0.235705718 -0.0472668409 -0.0144311562 0.118268304 -0.146479145 -0.0587624311 -0.302925855 0.178354293 -0.0181337055 0.0885607153 0.0594176464 0.486454606 -0.261147022 -0.536769986 0.451330274 0.109444015 -0.0549196638 0.121886089 0.47955814 0.135865614 -0.341327459 0.00319671887 0.41387254 0.201211542 0.105519235 -0.770297825 -0.308703184 0.0540425628 -0.648874521 -0.770075619 -0.131692693 0.130827278 0.0289117917 -0.00401575677 -0.116428807 -0.381306499 -0.0328306146 -0.680310309 0.0555442236 -0.0802667141 0.017182 0.0664136782 0.555229306 0.624715567 0.130862966 -0.117743984 0.0815930739 0.040430516 0.0296049733 0.0614837147 -0.0291743651 0.211088762 0.0513385534 0.00260428828 0.876544893 0.453631282 0.126384556 -1.16844177 -0.555339575 -0.0202092137 0.0335113183 0.0254784357 0.226009965 0.101337329 0.0282329973 -0.0623356067 0.163972288 0.0644414648 0.255745709 0.174565211 -0.193315446 0.19059813 -0.0817546919 -0.0380451269 0.837101936 0.205877811 -0.0104867388 -0.557134211 -0.291266501 -0.0184600744 -0.184925646 -0.101484813 0.164600328 0.168968871 -0.0673277453 -0.765584111 0.274852216 0.104153149 0.41778031 -0.0417936966 -0.0863466188 0.249882549 0.0502602868 0.0737998635 -0.186227411 0.375005722 0.0627417713 0.155070558 -0.706224263 -0.0451043136 0.124435648 -0.0157285314 0.43553707 0.0229652785 0.111596212 -0.382398188 -0.164105207 0.174856544 -0.0502444431 -0.223935306 -0.0892896429 0.00789823476 -0.115550555 0.0682965666 -0.795959115 -0.0950920358 -0.10830012 0.851840854 -0.092412211 0.0983206779 -0.240131646 -0.0352398716 0.301667809 0.172527164 0.123513386 -0.0962961465 0.0910808742 0.0497632399 -0.0274096671 -0.0196664967 0.168492779 -0.380525887 0.110445656 0.129609481 -0.0326443687 -0.140926242 0.157727376 0.060239993 0.893096864 -0.318786085 -0.285215169 -0.035101328 0.14347446 0.214886218 -0.925201535 -0.235677332 0.250722498 -0.102115795 0.0303510688 -0.0543494783 -0.00119268533 0.079742372 -0.00449868292 0.0687052011 -0.633430481 -0.155629605 0.0801429003 0.43740958 -0.438492179 0.0800869912 -0.0656077564 -0.127490357 -0.312181711 0.0894556791 4.46907943e-05 0.451346576 -0.208938062 0.148328811 -0.0598943383 0.0231629144 -0.13849929 0.42171821 0.0182839986 -0.0369357094 -0.604572237 -4.61137024e-05 -0.021373501 0.834814966 -0.39539206 -0.199172929 0.0660754442 -0.0224861782 0.234589979 0.185959235 0.180524811 0.0143272635 0.160098657 -0.0154913096 0.0171342976 0.0284363665 0.0086271055 -0.024093274 -0.00466806255 0.0191545151 0.223754555 0.20802258 0.270130605 0.0242437236 -0.21793586 0.0206882711 0.258226752 -0.0267114099 -0.169956788 0.0570147783 0.0785970911 -2.66802382 0.00494177593 -0.00934113562 0.129493386 0.0620531254 0.0270581283 0.0369672105 -0.0253505576 -0.0520903133 -0.87537092 -0.182701394 -0.0763105825 0.624666512 -1.01762176 0.0298895165 0.0251735933 -0.023101043 0.322936714 0.214087084 0.0612589419 0.240060642 -0.0902412832 0.210782856 -0.0341290012 0.0413992815 0.0515519604 -0.00582706463 0.0285615101 0.0702242926 0.112722114 0.0145464679 0.0841653049 -0.135887504 -0.00393770495 -0.153562978 0.6390962 -0.0436972864 0.2638987 0.131128535 -0.404384434 -1.17514622 0.0911413953 0.218512774 -0.186012909 -0.0619119741 -0.119749114 0.13566874 0.0357469954 0.0325252712 -0.320768118 0.406055748 0.045254875 -0.122337259 -0.382015646 -0.105955869 0.0183455385 0.693118215 0.284421086 0.0872669071 0.0969056413 0.180426836 0.105079859 -0.133638352 -0.0330876373 -0.0172289684 0.0679583475 0.0273353178 0.00633065915 0.0311220679 0.160770312 0.0857006609 0.0732287616 -0.0811126232 -0.210725129 -0.01897767 -0.292204142 0.09218207 -1.01629841 0.149166003 0.158430159 0.151403293 -0.023334479 -0.215854838 -0.0145994481 0.0330998898 -0.0197763648 -0.00714743184 0.00231813779 7.11241664e-05 0.171917439 0.0879179537 -0.0404364057 0.0201149601 -0.994343221 0.0334502086 -0.0293045994 0.0538504235 0.182326689 -0.13676779 0.0491080731 0.561657488 -0.233273327 0.0594257489 -0.981667697 -0.155324683 -0.160147741 -0.112359151 0.0709926635 -0.125472173 -0.0291081462 -0.0959763899 0.0241121221 -0.661245227 -0.0149205774 0.0243032444 0.00340140285 0.159073368 0.569968939 -0.0108958939 0.0479146242 0.342965841 0.0826059654 0.0996349826 0.0471134819 -0.0300879162 0.014231002 0.0735888034 0.00146951189 0.0413398519 0.0732959062 -0.126598164 0.0387579501 0.966662109 -0.89099288 0.00544406986 -0.154819906 -0.0317380466 0.290549338 0.285691977 -0.00763249723 -0.59332639 0.48828432 0.120010942 -0.295332283 -0.352294713 -0.152696908 -0.0564894825 0.014720222 0.0330803916 -0.331914514 0.253475338 -0.149940625 -0.598756373 0.971117496 0.1523249 0.0909020752 -0.0629820377 -0.393245578 -0.458525062 0.00272552739 -0.85012579 0.0471660048 0.000680012046 0.0889806375 -0.0625647232 -0.0731680393 0.0397795923 0.00251391297 0.00582177844 -0.215790138 0.0282951631 -0.0809193179 0.295642197 0.25767222 -0.0477947555 -0.279068887 0.0546133593 0.800463915 -0.756910086 0.174149707 -1.10630858 -0.0908277184 0.050877694 0.00335295033 -0.204795286 0.257070363 -0.284808159 -0.157387272 -0.076493673 0.246856093 -0.188137904 0.0532361344 -0.409623951 0.314731926 0.28883937 -0.0615341775 -0.0432634167 -0.223214209 0.0156262927 0.275045842 0.287134528 -0.00531203905 0.00425163703 0.0417827591 -0.150085017 -0.0334904753 0.036442969 0.0155014796 0.0816213191 0.194418773 -0.142436996 0.100627184 -0.707745671 -0.015526128 -0.20913668 -0.303340197 -0.00967728626 -0.227288634 0.31403631 0.257394433 0.448683411 -0.0231028069 -0.143656626 -0.0423973948 0.0576108061 -0.00923918374 0.175790071 0.0587515607 0.0173349194 0.168486401 0.619655073 -0.0380870365 -0.357016802 -0.176371977 0.00883398298 0.0419381708 0.0437263623 -0.989917278 0.550821543 0.0245706737 -0.803098619 0.124536052 -0.0877817273 0.178223282 0.135683089 0.037559513 0.0879885554 0.10502699 0.102640361 -0.278896332 -0.0403255299 0.165630475 0.788798273 -0.517424583 -0.611022413 -0.441090941 0.00927021727 -0.208963543 0.0333019979 0.120360397 0.380251944 -0.0460682288 0.0890909508 -0.0561293848 -0.0126196584 -0.0961224213 -0.600162566 0.0239782929 -0.0336947665 -0.451389909 -0.345779419 -0.00475998595 0.225778565 -0.953164518 -0.230721176 0.0333366655 -0.00710274745 0.544482648 0.505446792 0.0946513712 -0.125302121 0.00590040674 -0.0895342156 -0.185419828 0.0138155147 0.0700569376 0.206430331 0.0013190211 0.166865513 -0.59353894 0.178307936 0.324540436 -0.138098404 -0.549802661 0.249100193 -0.504539609 0.211745009 -0.212088451 0.14046061 -0.00652360264 -0.849018872 -0.170930594 -0.0171876736 0.215902075 0.095427461 0.134037003 0.00280807819 -0.0940265954 -0.0420772992 -0.418478727 -0.221554667 -0.112507187 -0.0877349749 0.549667418 0.0812036693 0.15383704 0.119301312 -0.665658474 -0.177354768 -0.00973520055 0.360204935 0.0463165008 -0.342165112 0.247776926 0.0204779133 0.0354883 -0.0892498121 -0.0263000689 0.00891642179 0.24510783 0.0882551596 -0.0241403934 -0.719654381 -0.00322386064 0.142929196 -0.19455047 0.0214751717 0.322257519 -0.00365434564 -0.0347511619 0.308864325 0.115498692 0.291021019 0.46343866 -0.0601578541 -0.089028798 0.031243192 -0.0598727874 0.04946132 -0.187049061 -0.0543573126 -0.0780739263 0.426743031 -0.0971423835 0.165722609 -0.0643316731 -0.0250045285 0.546206772 -0.0820310041 -0.0470338799 -0.876922965 -0.00781823881 0.0391415283 0.0358345732 -0.0114889275 0.0189354271 -0.129201367 0.0221148562 0.0715351701 -0.266527414 -0.613711059 0.106667928 -0.750935912 -0.0398210399 -0.125074387 -0.163683206 -0.0887661427 0.073969245 0.11886055 0.109720655 -0.397673994 0.224006891 0.0934427902 -0.195101336 0.219899386 0.130376056 0.267094016 0.258559823 -0.010377272 0.378288805 0.812891722 0.255250573 -0.401546836 -0.522761643 -0.244461223 0.119661003 0.260678262 -0.293140262 0.247629881 -0.0133419642 -0.21785146 -0.117700242 -0.130698964 0.144018784 0.147048071 -0.164040267 -0.166180372 -0.121334426 -0.0991108418 0.697236896 0.216448545 -0.142883271 -0.574498415 0.736971736 0.309922844 0.132482216 0.0630752444 -0.369660288 -0.228892192 0.0385322794 0.143726945 -0.0801510662 -0.119889252 -0.0451935716 -0.138909549 -0.0664782599 -0.00907220505 -0.667230606 0.0511382818 0.202974528 -0.307735652 -0.276198328 -0.222934425 -0.0181774497 -0.283852041 -0.0960691422 -0.0452579372 -0.0636126176 0.250857562 0.161965832 -0.057763353 -0.351028681 0.248862669 -0.218793988 -0.0923074409 0.0663445815 -0.0738648027 -0.0359092094 0.028587481 0.073387444 0.202920958 0.0487690456 0.521768749 0.0474410504 -0.227617413 -0.166895002 -0.565184236 -0.303290814 -0.250467718 -0.081457749 -0.888250768 -0.254219443 0.00695119286 -0.187097132 0.0187079795 -0.0465419926 -0.0183209796 -0.048158817 -0.0507405102 -0.153657123 -0.0101288101 0.0262399446 0.292230368 0.0369994082 -1.2160368 -0.131809562 0.0139586059 0.208734393 0.678012252 0.569315314 -0.115224414 0.00694950996 0.0175517779 0.284969509 -0.168606043 0.0240584034 -0.0216335766 2.44231887e-06 0.120147623 0.715331852 -0.136503682 -0.581117272 -0.0427602902 0.116353549 0.267858148 -0.167628437 0.109700896 0.321044356 -0.393667608 0.048634015 -0.585159242 -0.0637670681 0.0302823018 -0.0202226527 -0.163455635 -0.0539698936 -0.168691933 0.0219280925 0.00286612334 -0.330495358 -0.84746623 -0.143346235 0.742646813 0.0423589088 0.505212426 -0.353115916 0.044470273 0.288518697 0.0746559799 -0.0120751448 -0.542775095 0.134097338 -0.0291610491 -0.409991801 -0.0216683038 -0.0682384744 -0.230915368 0.01121719 -0.102638878 1.19816172 -0.343606681 -0.145033583 -0.706624806 0.308071911 -0.0135328481 0.0405320898 -0.0176737215 -0.391520888 0.266853839 0.135280147 -0.632601082 0.045123294 0.107758909 0.00326246233 0.00478227157 -0.0134930145 0.0252823997 -0.0200162437 3.90853347e-05 -0.280512094 -0.289976567 -0.0716488957 0.759329617 0.782053232 -0.0440819934 -0.0921071693 -0.00131581479 -0.141964138 -0.0657562464 0.061228212 -0.550952077 0.116738833 0.0707927346 0.25896588 0.121881247 0.203316256 -0.0311621428 -0.255789369 -0.0846089497 -0.186420813 0.0512155294 0.117862105 0.754036009 -0.407878727 0.151732415 -0.201976791 0.0735382736 0.00590797747 -0.0176178366 -0.195779234 0.399698913 0.162729427 0.223262206 -0.169111416 0.429889083 -0.00202801684 0.234567866 0.429704845 -0.185024083 -0.233974159 0.686738968 0.160777688 -0.210392743 0.0794560537 -0.410819381 0.541559637 -0.155689254 -0.290147245 0.511417806 0.106515065 -0.288621783 0.242646143 -0.0525396727 0.0660930723 0.00707316678 0.112023033 0.0572802462 -0.0283404309 0.0119152321 0.104521878 -0.00931218918 0.191584304 -0.249061882 0.413271606 -0.136854544 -0.211276382 0.0255289301 0.250505537 0.241527855 -0.966371655 -0.456417561 0.0555109233 -0.0346377306 0.021141924 0.0599315315 0.0175317377 0.0350698493 0.0237805713 -0.002573048 0.501473308 0.474873245 0.196743026 -1.40668857 -0.0398291163 0.0521688871 0.0263004228 -0.0123015102 0.0390409417 0.00353350188 -0.0416441076 -0.495909184 0.0746267289 -0.0773589239 -0.000760618481 0.0414574072 -0.0189895928 0.220260367 0.000946022745 0.0191831682 0.268278152 0.306297421 -0.216588929 0.0217714179 -0.757293999 -0.075190492 0.0513227507 0.0850618482 0.122380726 -0.953243613 0.316275358 0.245745376 0.0127114411 -0.0364222713 -0.0366832241 -0.032347735 0.124989055 -0.479470402 0.0199722815 0.0573067553 -0.0226748399 -0.13370879 0.0802515969 -0.312812507 -1.07033122 0.11539726 -0.195475101 -0.0557645448 0.644933283 0.18578662 -0.215361089 0.0225504283 -0.0986368284 0.226403534 -0.0343882628 0.051911559 -0.000732017041 0.00855828635 0.00871418137 -0.00441161776 0.393579334 0.0104307635 0.161182195 -0.174633101 -0.0459761433 0.107568756 -0.200179115 -0.109886646 0.718512475 -0.193454862 -0.0416372642 -1.10331917 -0.527183294 0.145313218 -0.0842874348 -0.100248352 -0.0135457488 -0.298261255 -0.0395690277 -0.185791761 0.965624154 -0.207919598 -0.0617791973 -0.842600524 0.217443407 0.132088363 0.16352351 0.324546486 0.276733965 -0.0262642037 -0.0559336431 -0.437079549 0.129955694 0.121241681 0.115144759 -0.126570657 0.241311833 -0.0700130388 0.0198084656 -0.0546035245 -0.197932079 0.488447785 -0.0516311042 -0.143324584 0.431483954 -0.0850395337 0.216994256 -0.0775455385 0.0430907495 -0.892392755 0.082452029 -0.0371721014 0.0164776631 -0.0914996266 -0.0262633767 -0.0431477651 -0.0208902117 0.0598719381 0.0508569591 0.0653814673 0.336921543 0.245394379 0.149836853 -0.815027773 -0.493274093 -0.417176783 -0.36855942 -0.0282365549 0.181061968 0.257167101 0.184525654 0.456652313 -0.493868381 -0.411785364 -0.291878909 -0.222183779 -0.0166332498 -0.203248441 -0.0646083131 -0.102060854 0.679996908 -0.979754329 -0.473110884 0.497701913 0.124113515 0.183347806 0.0868105665 0.0603164546 0.0481488258 0.338350087 0.031480182 0.00829625502 -0.0256733391 -0.00217630854 0.110061213 0.017110927 0.0635686815 -1.00353611 -0.0362682529 -0.0135418447 0.09259855 -0.0711524263 0.00409165258 -0.0407745838 -0.132528946 -0.0246532522 0.0232553706 -0.0196624435 0.0220945403 0.127914473 -0.0362654626 -0.0773109123 0.369594634 -0.0433086604 0.0234898068 -0.0807859525 -0.0352715813 0.00857614446 0.0189543236 0.0599692725 1.14304733 0.207855657 -0.114540756 -0.157322481 -0.658833504 -0.0575591214 -0.543202162 0.0206875429 -0.190277189 -0.110292643 0.310373932 -0.345248014 -0.0314439051 0.339683712 -0.149239823 0.0820165053 0.114428043 -0.349682659 0.29839927 0.370495945 -0.33046928 -0.0137359407 0.262080699 0.507197142 -0.258208841 0.0629869774 0.479223371 -0.0569209829 0.551755846 -0.0761441514 0.107684843 -0.861647606 -0.0531420782 -0.184115291 -0.209346265 -0.194744125 0.0209609978 -0.14743939 -0.00407314114 0.0400445051 -0.0579131767 -0.18928124 -0.0115654441 0.121389829 -0.74013412 -0.070356898 -0.0447601117 0.0750960782 0.0503963791 0.0915425643 0.066282846 0.55674237 0.0981773287 0.0333772451 -0.0557762682 -0.121438481 -0.0101789944 0.0315048099 0.0905485675 0.0771925971 0.163723573 -0.271822691 -0.616366148 0.358091682 0.00300883199 -0.080948405 -0.0712170526 -0.07208395 0.00707584387 0.0527961738 0.0481285937 0.475065261 0.0359886922 0.0661701709 0.0155996494 0.00518282223 0.0620539635 -0.0273720305 0.0209140442 0.0292587504 -0.0701187551 0.00337609905 0.0650552958 0.00500669237 0.0578654483 -0.0927855298 0.531547189 0.0176938176 0.415918708 0.0637075752 -0.606943548 -1.34811389 -0.0123675941 0.0568169877 0.0440185331 0.011058609 0.0065058996 -0.0222532842 0.0262589231 0.00668417523 0.048616562 -0.0295452997 -0.0253422279 -0.0111064743 0.0278204065 0.932580531 -0.0438147224 -0.00819245167 -0.0168987438 -0.122823037 -0.0965818912 -1.68356621 0.211320832 0.0286835041 0.13850455 -0.125988603 0.0205639824 0.131145999 0.118628621 -0.0808617845 0.0497492515 0.267308146 0.138950363 -0.158398017 -0.347187191 -1.07018912 0.26096347 0.0365478918 0.145906344 -0.106616668 -0.438412189 -0.0397542566 -0.177831292 -0.0611282252 -0.00132880069 -0.00664941641 0.0365905873 -0.0165197831 -0.00199986831 -0.0374091305 0.572594523 0.0778225586 0.042172119 -0.503588736 0.65636462 0.0754784569 0.0265869405 -0.0142734488 0.112883143 -0.0145864449 -0.0865552202 -1.28600764 0.193958551 -0.312475026 -0.0913480446 0.0612389147 -0.0641343519 -0.0334115885 0.0242035221 0.236070722 -0.0573452823 0.531789601 0.00628901692 0.152839974 0.0479751304 -0.350423515 -0.201808169 0.069748722 0.615876913 -0.958518267 0.334070891 -0.337736279 -0.101769134 -0.0763765648 0.030178817 0.0885549635 -0.0977658182 0.201348886 0.0634767711 -0.0035754717 0.136665002 0.495069355 -0.150590912 0.00220019324 -0.119712003 -0.252567798 0.0427836813 -0.0924306437 0.390037239 -1.13999999 0.296090811 -0.305236697 -0.0257907826 0.00115818507 0.05173482 0.0423580259 0.0443902686 -0.0745107606 -0.0141524598 -1.05983293 0.0800134093 0.0503230058 -0.114455603 -0.0478222743 -0.0160731841 0.0215918757 -0.00511622662 -0.0283815134 0.0454819389 0.00904636644 0.0476062223 -0.0708737373 -0.278141677 0.0493223891 -0.200921804 -0.141087055 -0.0383962989 -0.681700349 -0.143121541 -0.0833296031 -0.554568887 0.598154128 -0.252313405 0.0138597433 0.00297158444 -0.0802689865 0.334225863 0.0444494784 0.0405402966 -0.026105687 0.107477501 0.368705541 0.143597007 -0.0920843557 0.0617667548 -0.0314948075 0.226664871 -0.0117782401 0.0742504746 0.0450313538 0.0844634995 0.00318131875 0.153886199 0.127405614 -0.316081554 -0.508001029 -0.0302389357 0.0440460667 0.319822878 -1.28443897 0.388393104 -0.0192808211 0.0608845726 0.0443045236 -0.109665334 -0.0669304505 -0.0811254084 -0.0259538144 0.00762088969 0.00938464794 0.598607898 0.278128177 -0.0532368384 -1.40207839 -0.0905044675 0.0886480957 0.0301112887 -0.082725361 -0.169523016 -0.0846405923 0.0607970804 0.295945734 -0.603531837 -0.152975872 -0.310031682 0.116229214 0.0885781571 -0.115444966 0.0728998631 -0.12400002 0.76501292 -0.138017595 0.0243083704 -0.173144832 0.489346355 -0.0629601181 0.162509575 -0.0747064501 0.457591593 -0.0031775278 -0.134209841 -0.746959388 0.125373706 0.953447819 -0.0286755972 -0.0661191791 0.0163729079 -0.0740315691 0.0410542041 -0.104402363 -0.289898366 -0.240660533 0.0251551829 -0.0142894788 0.0592114665 -0.225289017 0.164818674 0.631225526 -0.0409896299 0.139948696 0.031071391 0.159808397 -0.0457721949 0.683211327 -0.238128915 -0.232791722 -0.226962209 -0.0303333923 -0.0255458802 -0.050070364 -0.781468034 -0.396887511 -0.311959267 -0.133989856 0.369659722 0.109906301 0.283851385 0.55334872 0.0249871612 0.076712586 0.0699824169 -0.0773687139 0.335942656 0.00776174385 0.37554872 0.147185281 0.099401556 0.212619394 -0.0602004007 0.202459455 0.657558143 0.320567518 0.332155466 -1.00481272 -0.104410402 0.145351037 -0.498699784 -0.0597936735 0.0728726536 -0.0623632371 -0.0493754297 -0.086614199 0.180799529 0.00324549596 -0.0678960159 0.0124121439 0.164192647 0.124982767 -0.0227085147 -0.0651440546 0.114967108 0.170278817 0.0582865998 0.0916399211 0.223696411 -1.47806394 0.264501452 -0.0128616504 -0.19681184 0.693209827 0.393391758 -0.315187246 -0.440913796 -0.228572205 0.0115876794 0.0659261569 0.110315971 -0.1351818 0.0187110454 -0.0615016185 0.871339917 -0.175658286 0.0677548572 -0.830239356 0.318530083 -0.011873873 0.0992448106 0.0656390786 0.372482359 -0.386573613 -0.25389728 -0.147182286 -0.143311769 -0.0434353463 -0.0684000328 -0.129807949 0.289643526 0.435080111 -0.151960552 -0.288543701 0.449171871 0.0325893573 0.332992673 -0.513762832 0.185378313 0.167579427 -0.142674655 0.117249854 0.00765975378 -0.314354122 0.275608569 -0.140012115 0.104093008 -0.0904840901 -0.146745607 -0.0337491967 -0.26537171 0.0351506211 0.0439674109 0.0824828669 -0.056524694 0.0585891604 -0.0484090336 0.0541910864 -0.0421169177 -0.538966954 -0.634371459 0.0924072713 0.684383512 0.401673973 -0.737084627 -0.108483061 -0.0630080849 0.200808182 -0.0241465624 0.078119278 -0.0074421973 -0.00541394902 0.0933750495 0.0226937458 -0.0365180746 0.0765310302 0.061900083 0.0015128355 0.00728639634 0.181797951 0.0383622833 -0.00384316128 -0.0227813255 0.622023284 -0.248075679 -1.81952155 0.208572686 0.119656727 0.131335318 -0.125943258 0.0764335245 -0.0126783177 -0.0809031576 0.341121942 0.761989057 -0.17241466 0.339466006 -0.501710534 -0.0725779682 0.25609538 -0.153953016 -0.0564104207 0.377867252 -0.263605952 -0.377823591 -0.0916719735 -0.0324441269 0.0324467793 0.0183520876 -0.00220245519 0.0371079259 -0.00336490828 0.0459943078 0.0156632494 0.0930825844 0.168619037 0.157562494 0.0388110913 -0.405522168 -0.978614151 -0.640282273 -0.0111034773 0.615267754 0.787603974 0.602995753 0.0727137104 0.150020093 0.0759985447 0.307443976 0.368409753 0.519361019 -0.333590269 -0.267280757 -0.122828707 -0.000981185585 0.01964074 0.4292261 0.116110459 0.60655731 -0.631205201 0.0701414868 -0.105248943 0.0597812682 0.283873737 0.280405641 -0.577600956 0.0108363265 0.0958171636 0.00236584828 -0.0144997574 -0.00917560793 0.0449672714 0.0115773389 -0.00951765571 -0.123725161 0.0077463109 -0.0198375825 0.122289978 0.977192163 -0.0188340861 0.036287982 0.00212620804 -0.105267145 -0.0499290265 0.00658527669 -1.01601577 -0.167461291 0.351248503 0.0596791059 0.111767001 -0.0336402096 -0.0392922871 0.0354964659 -0.0510064475 0.259581119 -0.143713459 0.0157711413 -0.247168839 0.0305191353 0.0836005062 0.0405795164 -0.736542642 0.021679692 -0.16798979 -0.0587563813 -0.139945611 -0.524454176 -0.119392805 0.0890893713 -0.119835526 0.0971478671 0.110812925 -0.197649911 0.608545125 0.338995486 -0.0938600153 0.163195327 0.177424282 0.00551899429 -0.198521152 -0.0231523532 -0.0664475858 0.0313666537 0.119394988 0.346619368 -0.208512396 -0.104914472 -0.277337015 -0.0144071206 -0.00672614807 -0.0175927877 0.0828650817 0.128518835 0.0518365577 -0.216952965 0.0702474862 0.174905986 0.261604935 -0.568143666 -0.667408109 -0.0386181697 0.0182568599 -0.26739043 -0.106381319 0.124169298 0.132100388 0.125540033 0.279176921 -0.280259162 -0.366624624 -0.331059277 0.0326724313 -0.096912846 -0.0586273372 -0.449816972 0.0246382933 -0.0787102506 0.301029295 -0.360708535 -0.271253675 -0.298756987 0.247858092 0.365533441 0.429094493 0.486202985 -0.717634976 0.0533189103 -0.0325936377 0.0105640227 -0.0134926476 0.0911291018 0.0210983697 0.0282876547 0.0392277353 0.667171419 0.270833015 0.26562351 -1.43246388 0.143726915 -0.0901034102 0.00139179395 -0.00386661896 0.182222053 0.0594588816 -0.311622918 -0.36102432 0.230629429 -0.0327569991 0.263411283 0.0904700086 -0.147435829 0.150945783 -0.00621401612 -0.00887475628 0.0627501085 -0.940469563 0.526693463 0.496257037 0.0992055163 -0.39319855 -0.163043723 0.0658872873 0.271947801 0.111670256 -0.463379949 -0.145663783 -0.00766300503 -0.12180528 -0.122267924 0.0652638301 -8.55234102e-05 0.0229403675 -0.010143728 0.00761081418 -0.253863364 0.0611637644 0.0409704559 0.151029676 0.077912353 -0.127979591 -0.183486462 -0.0185223687 -0.52542609 0.12268208 0.231418923 0.601964116 0.0090434365 0.0414942913 0.036911156 -0.0343790688 0.0132960435 0.0250098575 -0.0242279693 0.0643653572 -0.00607338874 0.00203278684 0.065307349 0.0656419918 0.012554395 0.000214450585 0.0964676961 0.0147343362 0.613278866 0.0322808586 -0.0497670807 -1.36324441 0.085087195 0.105843656 0.15251109 -0.142923608 0.0040078545 -0.0158030335 0.00725914398 0.193389848 -0.0257245917 -0.107673526 -0.163897604 0.422558695 0.336533159 0.122757874 0.244948149 0.045808915 0.40631488 -0.354970694 -0.411340058 0.116560765 0.0191964172 -0.0803630203 -0.157555372 -0.148571238 0.275036484 -0.181459069 0.151633903 0.102214649 -0.119920544 -0.145964071 0.619896472 -0.87590313 0.464751929 -0.0433904193 -0.254087746 -0.0200594179 -0.378120422 0.23840107 0.163772121 -0.264443517 -0.176153913 0.116883785 -0.342855692 -0.164338917 -0.145539969 0.223818332 0.119806871 0.0890584663 0.180317819 -0.0422635302 0.038920287 -0.7903561 -0.489882708 0.0379841104 0.140748158 -0.246881545 0.622496247 0.0773605853 -0.0532141551 -0.201855138 0.243318349 0.0238911193 -0.0627461225 0.204054758 0.00161744351 0.0707737803 0.0855049491 -0.0892843157 -0.0910132453 0.311389267 0.0955233723 -0.0832603127 -0.12702091 -0.207482696 0.0143010216 -0.028402362 0.149615869 0.58921814 -1.08596206 -0.348770678 -0.632980347 -0.306559235 -0.153211027 -0.326061785 0.0812065974 0.626055658 0.0527599342 0.0993799493 0.363463014 0.419710785 -0.19827579 0.348160326 -0.0423858427 0.0501157045 0.155173108 0.0227089096 -0.134641409 0.305826753 -0.120695651 -0.304244608 -0.0766738728 -0.104190581 0.288898528 0.189064696 0.0369989686 -0.550106049 0.017365085 -0.0990066603 0.327303261 0.33820653 -0.00958409067 -0.105021976 -0.418501198 0.0880797505 0.255345076 0.111525036 -0.0390138663 0.294230521 -0.262405217 0.175907597 -0.114270017 -0.174346909 0.0102460561 -0.00229543168 0.0501582846 0.331114441 -0.025939025 0.145983905 -0.671974421 -0.123859935 -0.0424998738 1.37395239 -0.529964507 0.0236094594 -0.183025017 0.0804809034 0.197430521 0.0443284027 0.0271824431 -0.111055963 -0.40035823 0.0344313681 -0.426906556 -0.39087075 -0.651538968 -0.309470326 -0.386145294 -0.469834477 -0.654061377 -0.33118704 -0.110124223 0.380282879 0.316884369 0.181789309 0.387527525 -0.0668705329 0.0937296078 0.0763304755 0.315585852 0.0335369743
