tensor_linearrelustack9weight 16
-0.18462114 -0.262872219 -0.263427705 0.334916532 -0.279842824 0.299237013 -0.42436561 0.135827392 0.144320741 0.160618484 0.367843151 0.150865078 0.141573861 0.127919763 -0.182912603 0.198247164
tensor_linearrelustack6weight 256
0.585051298 0.437170655 -0.182763726 0.0366884619 0.70924753 -0.218377009 -0.101632543 -0.198167473 -0.0878466368 0.334708661 -0.0926673338 -0.176413536 -0.254066706 0.244085714 -0.263291299 0.197358906 0.621146917 -0.734317124 -0.0694952756 0.49080652 0.666926682 -1.30397117 -0.206068054 0.216134623 -0.913613319 0.443030536 -0.754928291 -0.648804665 -0.490831256 0.0686816797 -0.109920889 0.0704257488 0.199565291 0.363773435 0.201185733 0.0999795124 0.0232086014 -0.161810488 -0.221779004 -0.506221473 -0.313308507 -0.0359283872 -0.433235049 -0.0609081648 -0.358194083 0.244844869 -0.299992174 -0.268610716 -0.0779716745 -0.10613966 -0.306870073 -0.160762683 0.0090579493 -0.253079414 -0.635430574 -0.747492194 -0.375436634 0.0138101541 -0.180280939 0.834622681 -0.0444185026 -0.614568353 1.40342951 -0.589251697 0.132877335 0.373562962 0.20753257 0.158169955 0.166976035 -0.174960196 -0.475544006 -0.47968328 -0.470134556 0.182176024 -1.17193973 -0.26875177 -0.341355801 0.145321876 -0.871311545 -0.215402961 -0.122239798 -0.323373199 0.432684213 0.0387381874 0.089438647 0.17545183 -0.0122260163 -0.575644135 1.15322661 -0.231522843 0.14210166 -7.37366962 0.211598739 -0.629062295 0.67183727 -0.0377422906 -0.0175551325 0.16919896 -0.171987921 0.15708068 0.255573094 -0.394308478 -1.49598598 -0.42994222 -1.7886076 0.269025624 -6.49566269 -4.5599575 -0.280975729 -0.0627228469 -3.52755523 -0.118511513 -0.237561107 0.0518881157 -0.732378781 -0.647834778 -0.285117924 -0.325603604 0.515226901 0.366210699 -0.119292937 0.398528904 0.046280656 0.270246029 0.267026246 -0.630608201 -0.0189996101 -0.93789959 -0.845848143 -0.349930525 -0.0499231964 -0.102487087 -0.464822054 0.043797493 0.948745966 0.313496679 0.283532381 -0.0790962204 -0.237077937 -0.152078971 0.181763798 -0.431295186 -0.0721608028 -0.146244884 -0.712079346 -0.553732753 -0.573651195 -0.412902892 0.13028726 0.527580142 -0.161257908 0.71611625 0.324718326 -0.675042629 0.00851531979 0.179608598 -1.0595367 -1.13822007 0.42467013 0.00807924662 0.0935697034 0.280572593 -0.260730118 -0.114511095 0.39821893 0.439596146 -0.089327231 -3.057549 0.259595603 0.39198488 -2.25035715 0.036543604 0.505250871 -0.542426169 0.939841032 -1.19873869 -0.269509554 -1.5696336 0.010398089 -0.409427255 -0.235089511 0.165318295 -0.450686276 -0.140526995 -0.328627139 -0.323195755 -1.27047479 1.13960648 0.690296412 -0.107715197 0.95058912 -0.0162835438 -0.249646053 0.261608928 -0.954203486 -1.01047134 -0.717294931 -0.291118175 0.462881863 0.819096744 0.0109711112 0.550766587 0.254810423 0.0610961094 0.0415703058 -0.818801582 0.198624536 -1.43000472 -0.306077778 -0.167712525 -0.932202101 -0.423304409 -0.78139776 0.473392278 0.348886132 0.396542162 0.0822877437 0.609856427 0.384178758 0.14109382 0.136835426 -0.818984091 -0.295412302 -0.528985262 0.672289968 0.152582169 -0.0224966872 0.451017797 0.890606701 -0.39622134 -0.236670479 -0.181248784 -0.170800477 0.485657036 -0.445613056 -0.276550084 0.061000485 0.429884374 -0.18085292 0.187078461 0.010607888 -0.609632492 -0.493546128 -0.773450673 -1.02432823 0.581458449 -0.154378295 0.611082137 0.39368245 -0.0506573543 1.52764249 -0.0759478584 -0.0427120328 -0.447553456 -0.848460436 -0.127799496
tensor_linearrelustack3bias 16
0.118559115 0.367632031 -0.655332625 -0.590239346 1.3432523 1.58806813 0.948631644 1.26202011 1.29142964 0.232799441 0.0167937316 1.47328568 1.07082677 -1.15437806 1.02856624 -1.346946
tensor_linearrelustack3weight 1024
-0.0471895225 -2.20392776 0.762216389 -1.10084724 -0.606055379 1.5299232 -0.655095875 -0.222656295 0.0307703074 -0.61749965 -0.747511983 -0.0442371294 2.31500769 0.00326945493 0.0207202323 -0.714657485 0.394427419 -0.292915106 -4.37787771 -1.43710268 0.296519369 0.671393692 -0.0429241247 0.454260409 0.77376622 0.800940514 -1.03738177 0.0506305732 -0.0109747564 -1.72452235 -0.927653849 -0.106635772 -0.445169955 0.84651792 0.677171886 1.27731276 -0.270587981 2.18204761 -0.061069835 0.498678952 -0.408984393 0.188464403 -0.0863899663 -0.196428195 -0.315410107 -1.36019552 -0.0228612125 -0.4167355 -0.16776666 -1.7141149 -0.303653121 1.41204882 -0.5505988 -0.170816496 -0.216306359 -0.0667719916 -0.302185297 -0.225156188 0.182469696 -0.407990903 -0.35622561 0.485091954 -0.452998936 0.794055581 0.637606502 -0.0238185655 0.163581461 -0.233249322 -0.0120405424 0.0214107241 -0.42710197 -0.239678681 0.100323215 0.130714163 0.252095699 -0.809218705 1.34842718 -0.0554059036 0.00229714508 0.131010041 0.0173596423 0.0897276923 6.44509411 -1.46067202 1.51405942 -0.786323309 0.262869149 0.110995993 0.520003617 0.205703899 -0.130226597 -0.650486588 -0.364328384 -3.25354695 -0.14839232 -0.493182689 -0.965904117 0.366265059 -0.00441527506 1.39889455 1.23572826 0.11467585 0.374310374 -0.226678655 0.759335876 0.0308422297 -0.357438892 0.528039098 -0.470824778 -0.666890681 -3.81080818 0.339782596 -0.58689487 0.00180589117 0.327706575 0.100627415 0.0384058617 0.330499351 0.0596091039 -0.526479721 0.103277743 -1.47834229 0.201283529 -0.340906829 0.67369622 0.234639436 -0.316406876 0.24122031 -0.944828451 -0.139592245 0.102857322 0.0859484076 -0.0436970182 2.00993705 0.964590728 -0.117743388 0.23313199 0.00165723171 -0.0736191273 0.676617265 -0.540950477 -0.00129269948 -1.78067434 0.0167809464 -0.00446455693 -0.614708006 0.242976964 1.67548549 -2.55930996 0.72166425 0.097129032 0.294169277 -0.735047519 0.577883363 -0.172676548 -0.0358215384 0.492121339 1.41278005 -0.597044766 -1.74092078 -0.501534939 0.264019608 0.185677573 0.093099907 0.279730171 0.00260102469 0.904164553 0.208705276 -0.405289352 0.313215882 0.599418938 1.80828249 0.142362744 -0.0538362712 -0.177023381 -0.149326533 1.00157762 -0.247520834 -0.213291883 -0.795034945 -0.614165545 0.0244807545 -0.679353833 0.181124032 -0.560020387 0.392556161 0.153700829 0.347566098 -1.33036435 0.0191628784 -1.24308181 0.679550052 0.771390975 0.715637565 -0.355435669 0.0352911837 0.119563155 -1.09930408 -0.111897066 0.163620651 -0.0236891992 0.316010714 -0.0352355018 -0.347676486 -0.165750891 -0.0616177693 -0.366908699 0.0339927189 -1.23069549 -1.37301683 -3.74629474 -1.33044147 1.36367607 -0.0445653424 -0.431992441 -0.223612651 -0.441733509 -0.415272295 -0.0117332116 0.023620287 0.125281811 0.710985422 0.282832563 0.434251994 -0.363726497 0.00530143408 -0.516568482 -0.545841753 -0.0127034122 -0.0366901942 -0.275860935 -0.130738407 0.116676651 -0.588882387 0.0373432748 -0.902661026 0.00884592347 0.772863984 -0.866725028 1.06774473 0.453240842 0.132911846 0.195147336 -0.0774061903 0.117247231 0.110758275 2.53075719 -0.113546796 0.561810017 -1.09688973 -0.780689657 0.0787068456 -0.14113088 -0.152398005 -0.0951426476 -0.148354635 0.175123021 -1.22473395 -0.261028826 -0.898098767 -0.0856976882 0.496323794 0.240289718 -0.181543425 -0.741191745 0.15746358 -0.291515052 -2.79418564 1.16105032 -0.459754467 -2.94171238 -0.495819747 -1.08787644 -0.124680191 -4.56049967 -1.91110182 1.23390162 -3.09920835 0.0984191895 -0.041618038 -7.42916059 -1.15761638 0.0772889033 -0.326103002 0.569343269 -0.18816708 -0.177241579 -0.245609179 -0.855496407 -1.31750607 -0.049035497 -0.684978843 -0.114251591 -0.316831559 -0.261605322 -0.336079031 -0.188722789 0.368126512 0.545549929 -0.330594301 0.0345668048 -0.257042408 -0.232654646 -0.869642258 -0.219255909 0.107063755 0.188731179 -1.19924521 -1.7832706 -0.0726376548 -0.414582938 -1.00295734 -0.131832927 -0.298760891 -0.0527621247 -0.101451844 -2.25527 -0.0805209279 1.02074194 0.11390084 1.05211031 0.00592924887 -0.603085101 -1.14741063 -0.100635119 -0.320068061 -0.0440480337 -0.611460984 -0.113863088 -0.0508318581 -0.232511804 -0.425172985 -0.462978959 -0.197760373 -0.613641858 0.252965152 -0.691754639 -0.910670757 -7.48000097 -0.864559948 1.68594503 -0.0916239843 -0.216729149 -0.831429601 0.267300218 0.499624252 -0.354860485 -0.591939151 0.341128588 1.25259674 0.537570477 -0.541950881 0.262209862 0.462694526 0.194381058 -1.84167147 0.312854499 0.0655926242 0.0469531678 0.523747504 0.300332099 0.115603037 -3.76971412 0.627021968 -1.23104966 -0.276148945 0.269996256 0.267993152 -0.310859382 -0.303358823 -0.136918604 1.46556914 -0.329249591 -1.36885929 -1.93082941 -0.496028572 0.248121798 -0.244884148 -1.60503745 -0.316939354 -0.974893928 -0.583989739 0.0675876141 0.143980101 -0.371971905 -0.292602658 -0.440003663 -0.0926556811 0.724890471 -0.385447681 -0.0750793815 0.395309299 0.19174552 0.487513155 -0.323037565 -1.75044823 -0.665941238 0.755368173 -2.42981291 1.11106133 0.653732538 0.125788867 -4.66051674 1.10088003 0.385537624 -0.427809536 -0.394104838 -0.334855139 -1.27745903 -0.661579549 0.227086663 -0.266551912 -0.111417599 2.87390327 -0.11048501 -0.228058353 -0.18087557 -1.46253359 -0.301515937 0.443366319 -0.663470149 -0.254806936 -0.211623132 -0.32331872 -0.477829576 -0.188330874 0.115151174 0.0439320803 -0.305472016 1.49411154 -0.0862807333 -1.66618252 0.00982293114 0.135418728 -0.0782312527 -0.189458579 0.266478151 0.0372732654 0.0375938788 -0.360980988 0.138317987 0.0144092664 -0.175893679 0.500590503 0.747778773 0.436578482 0.306548744 -0.0821926147 0.475072026 -0.148925796 -0.086307779 0.10958311 0.444932967 0.253805488 0.568546712 0.522256374 0.56450218 -0.357400596 -1.44135034 -1.81826913 -0.281568497 -0.342004269 -0.457440078 -0.501855612 -0.0710894316 0.472437531 -7.82437468 -1.31614316 0.378020465 -0.0935057625 -0.346674383 0.233937785 -1.5557847 -0.128640398 -0.165215015 1.508605 0.0396409854 0.0536163859 0.0989709347 0.0323956795 -0.402253628 -2.97289705 -0.0705646127 -1.32529569 -1.00410354 0.26577127 0.00756085152 0.228287295 -0.316999912 -0.224461526 -0.633982062 0.340667665 -0.202157393 0.153442845 -1.69883394 -2.06498408 -0.350512862 -0.0461269245 -0.0146064339 -0.134753287 -0.238245681 0.015232279 -0.985154569 0.376716077 0.419220597 0.0213300511 -0.884184659 0.554305851 1.15057695 -0.175932229 0.218741357 -0.977935791 -0.252496094 -1.49721861 0.0765405297 0.523572206 -0.242030635 -0.500827909 0.0857745335 -0.160967246 0.397686541 0.641767502 -0.123815 0.825782061 -3.24864864 -0.335884422 -4.10895252 -0.557940066 -0.599939585 0.281222254 -3.50514913 -0.993032038 -0.102971904 -2.56632376 -0.233723655 0.187655956 -2.21002436 -1.17010772 0.27346608 -0.050930731 -0.0132981772 -1.15382969 0.0218934976 0.562631667 -0.725194097 0.272774994 0.129559934 -1.51351762 0.145774901 0.130424052 -0.37269035 0.340653658 -0.0320986584 0.112915695 -0.398814082 -1.33636558 0.0823689029 -0.252452612 -0.0291170143 -0.961262107 -0.823158264 0.388806671 -0.150012538 0.660770357 0.193622708 -0.328583091 -0.133848324 0.528469205 -0.00206156378 0.814170122 -0.163566694 0.340609998 -2.70997953 -0.162513718 0.0266553666 -0.251196355 -0.123504326 0.548348844 1.87868011 0.800978243 -1.62467933 0.613827705 0.369626969 -0.0619862862 -0.305699915 -0.404237241 1.36109185 0.059098348 1.20181251 0.0637289435 0.236109436 -0.930622995 0.343457609 0.366624266 1.65448463 -0.622214615 -1.58333933 0.211807251 0.524173677 0.434757918 0.590527594 0.512691379 -0.277128875 0.83034867 0.229851842 -3.37105942 -0.282383084 0.189545989 -2.02310681 -0.168876275 -0.113036379 0.0390065536 -0.0903038383 -0.582708955 0.0343618467 0.0223507322 0.580145895 0.220332146 -0.218610078 0.0532542057 0.161578655 -1.85675013 -0.137666211 -0.0409179404 0.0294969045 0.580687046 -0.0914309397 -0.563294768 -0.454179347 -0.0990510657 -0.0744279996 -0.0990586951 -0.11661078 0.203653812 0.315405816 -0.463003606 0.609470844 0.134418815 0.167417035 -0.184040904 -0.357854992 -1.8301487 0.426979989 -0.410787225 0.695156813 -1.77686322 -0.772292852 0.292782038 0.262695998 -0.193610147 0.00576810446 -2.94297147 -4.73407269 1.27511036 -2.61075664 1.2928288 0.332446635 0.373042196 -5.72529268 -1.34597075 -0.59400034 -0.855063081 -0.18247579 -0.375837892 -2.4225111 -2.24887347 0.313813686 -0.25239864 0.516298711 -1.10195541 -0.0103576332 0.00101344357 -0.0885168239 -2.49632502 -0.379950851 0.654327631 -0.884387195 -0.761427462 -0.752054989 -1.29680824 -0.461168528 -0.415979862 0.139039949 -3.18398857 -0.48068881 0.294956267 0.00939107686 -2.33360291 0.346805304 0.34753111 -0.180333242 -0.051666338 -0.17559129 -0.162087664 -0.0815830305 -0.475610137 0.347816199 -0.0228839405 0.15962857 -0.333663255 0.550773084 1.59298015 0.628824592 0.334801823 -0.475454777 -2.303231 -0.33433044 0.808424711 0.195012942 -0.137385294 0.27545625 -0.462316543 0.246901199 0.472774327 -0.366503596 0.32863453 -2.23477745 -0.0293442905 -2.76712251 -0.0242867284 0.164485276 0.132271603 -2.83746433 0.441551894 -0.857052445 -2.44288063 -0.173248932 0.0474345908 -2.42634583 -0.319982499 0.47958526 -0.32838431 0.231240585 -0.00571071403 0.512671769 0.398863465 -0.328567356 0.398839206 0.377109885 -1.69406438 -0.25601244 0.294622451 0.145074084 0.310397118 0.188206926 -0.0333693996 -0.934751153 -0.331343919 -0.336737126 0.233282611 -0.09867277 -0.228465393 -1.45492637 0.0994247198 -0.104832068 1.03949785 0.0916003361 -0.815022409 -0.52883476 0.228641108 0.326994777 0.286073118 -0.539759159 0.453660071 -1.14864695 0.244279742 -0.179056674 -0.203426182 0.461432427 -0.114423774 0.436864316 -0.0802739114 -0.534153044 0.295160174 -0.671574056 -0.297553867 -0.549920261 -0.0670014396 -0.360990286 -0.31414488 -1.31452954 -0.00695939921 -0.377667308 -0.750511825 0.165223762 -0.116869509 -2.32387829 -1.01670098 0.315326959 -1.36216521 -0.779124379 -0.127824947 0.112227418 -0.103577815 0.611898899 1.6236254 0.704968512 -0.273770243 0.207408965 0.446769327 0.610791087 -0.943013132 -0.771318734 -0.118602321 -0.143052071 -1.41169429 0.274121106 -0.505388916 0.249602616 0.087701641 -0.408670098 -0.627717733 -0.46374929 -1.46258199 -0.303847104 -0.0324633047 0.0680510029 1.73884439 0.809884489 1.11479783 0.290084511 -0.262026221 -0.130346805 -0.218098685 0.821463466 -0.325174689 -0.402931482 -0.934897482 0.0409538113 0.474056751 0.049747929 0.471963972 -0.671048641 0.891629755 0.32288745 0.554475605 0.0013384308 0.951685309 -0.283536971 -0.508629024 1.47567892 0.0907026231 -0.000991567038 -0.0308562703 -1.17416275 0.988342345 -1.08605659 0.000667592278 1.21491051 -0.446962059 0.530722558 0.96498996 -0.915338755 -1.11981821 1.88962674 0.452166855 -0.774050474 0.523496091 -0.0967785493 0.0893905461 -1.59296262 -0.557945728 -0.0929666758 0.0195725132 0.857679188 0.130702049 -0.319356203 -1.31827533 0.201041698 0.437972844 0.276856989 0.198911697 -0.189730063 -1.13753784 0.688330114 0.736923218 -0.553842664 -0.592743754 -0.597665191 -0.600150883 -0.037135426 -0.211802512 -2.42016721 0.478645712 -0.0418670401 -0.378675818 -0.358713835 0.377226263 0.139282927 -0.313241303 0.178982362 -0.0117497211 0.523968458 0.504921377 -0.161132008 0.0955932066 0.3488217 -0.167190433 -0.071124211 0.0274715647 0.017184278 -0.254628986 0.00667318935 0.664939106 0.592562079 1.32927036 -0.217093259 -2.381814 -1.60833228 0.406242907 -3.00716209 0.180392042 1.0746634 0.538673699 -8.21405697 -1.60818207 -0.100482263 -0.210201412 -0.620918691 -0.442556888 -1.10715008 -1.063833 -0.0290364381 0.581886768 -0.131865501 0.423079878 -0.442345619 -0.531324506 -0.325047463 -2.76203847 -0.694835365 0.794356287 -0.830603361 -0.422481835 -0.754113674 -0.407563061 -1.04160476 -0.31894961 0.105180308 -0.753582716 -0.270442694 0.209673315 -0.0826666206 -3.05294895 -0.0428113602 -0.187429115 -0.0639659166 -0.499495178 -0.09833619 0.0779937878 -0.370527744 -0.245125547 0.496048838 -0.0315335952 0.0855982155 -0.134154752 0.160415307 0.572312772 0.567149103 0.0615530871 -0.561455846 -1.26961207 -0.0247058123 0.365689993 0.0981183276 1.32607305 0.743100226 0.194561601 0.440777272 -0.0535798669 0.571521044 -0.232350811 0.553302526 0.283945978 1.11043453 0.0446832478 0.836588264 0.590949237 6.63347054 1.09387577 0.268360496 -0.653087735 0.62720108 -1.32958877 -0.179522857 0.532541633 0.0626084208 1.00218403 -0.130176038 0.111522958 0.520927072 -0.074139379 0.646566391 1.6670717 0.292229593 0.235176295 0.281324238 0.277025968 0.157202691 0.12461888 -0.422310531 -0.640800714 0.617192388 0.601674378 0.740316749 -0.245735154 -0.0913376361 -0.590527296 0.0704342201 -0.453273773 -0.257209152 0.39573136 -0.335188121 -0.329731494 -0.572698712 -0.300404817 0.393127859 -0.288750052 -0.264335692 0.0259119924 0.555648506 0.227099344 0.329483032 -0.28758958
tensor_linearrelustack9bias 1
-0.31236583
tensor_linearrelustack0bias 64
-0.989404082 0.779330909 -0.777973175 -0.346076906 0.311484188 -0.74711442 -0.443946391 -0.838562965 -0.846111715 1.03408754 -0.604095161 -0.661924481 0.211423248 1.11180913 0.771393836 1.10959816 -1.5549525 -0.310878575 -0.270351917 -1.52768838 -1.63006163 -0.0430380926 0.248585507 -0.487783581 -0.18284522 -0.769765198 -0.315860212 -0.627062142 -0.126850039 -1.76518095 0.548840761 0.115006186 -0.959038258 0.709338009 -0.369837075 -0.955456913 0.957220197 0.576877475 -0.391851455 0.309570938 -0.294809908 -0.8917436 -1.23645329 -0.452604055 -0.664160967 -1.38403511 -0.425198883 0.871771991 -0.311188251 -0.87085253 -0.715187967 -0.938704193 0.968643486 -0.940313399 -1.05496943 0.6266855 0.393234342 -0.404132962 -0.779504538 0.395522475 -1.46300364 0.576257348 -0.777024806 -0.938686192
tensor_linearrelustack6bias 16
1.31515563 0.896010995 1.54959714 -0.0855696574 1.46293378 -0.973393917 1.00635612 0.410574913 -0.705830097 0.634912074 -1.49868989 -0.690767229 -0.0949940011 0.388457179 1.00983489 0.164924949
tensor_linearrelustack0weight 896
0.154584423 0.231946811 0.0353122205 -0.0140889958 0.203293741 0.260599524 0.29902789 0.531258523 -0.585262358 -0.157614693 -1.32359612 -0.529860437 -1.037624 -0.104205519 -0.0868984386 0.176980317 -0.338881493 0.118057869 0.0144119393 -0.161097884 0.39274317 -0.275910556 0.484667063 0.0738198087 1.5502274 -0.837374687 -0.0266845692 -2.17912769 0.0274602473 0.984341145 -0.458656907 -0.338276178 -0.186456412 -1.07032979 -0.358618498 -0.677010834 0.925616384 0.730720699 0.597765326 -0.0131802419 -0.0143139195 -0.0852964744 1.12045419 -0.00961746927 0.206107691 0.0310914051 0.215607628 -1.06402314 1.5391655 0.055267863 0.45567593 0.443575025 -0.229885533 -0.89337188 -0.239695698 -0.444092661 -0.422330886 0.30651778 -0.296014905 -0.175774008 -0.272099614 0.590869427 -0.695423901 0.0757083148 0.721098483 -0.663772166 0.681490541 -0.693345428 0.109336659 -0.393929422 -0.335080981 0.0338692702 -0.796194077 -1.04966533 0.726176322 -0.103646964 -0.0596331432 -0.0312456172 -1.40427911 0.0108671114 1.36400485 0.704479098 -0.0180795044 -0.115758501 -0.00945547037 0.116676793 0.455441475 -1.21987021 -0.551627517 -0.465267271 0.348536462 -0.340779424 0.976567864 -0.34595713 -0.35328573 0.121073149 -0.102652334 -0.321782172 -1.23122418 -0.163257375 0.0791763067 -0.127019569 0.377929062 0.628488064 0.545663893 0.912394404 0.374882132 0.198684126 -0.696959436 0.0747280493 0.0122778546 -0.31687203 -0.0586701967 -0.0853786245 0.579209507 -1.11347866 -0.369866401 -0.871779799 0.142658025 -1.00782537 -0.254559934 0.0379730463 0.903759837 0.108394161 0.0666765571 -1.17932034 -0.169672132 0.10440585 0.17281051 0.121245079 -0.0578746349 0.880655408 -0.566865683 0.701848865 0.258109987 -0.0683383793 1.08126223 -0.433680683 -0.595160663 -0.71679157 -0.182737067 0.402894109 -0.28886199 0.0584462248 0.149031773 -0.716614783 0.263309002 -0.151813179 0.674387813 -1.20918155 -0.139395699 -0.62446785 0.734404922 -1.38094664 0.568936825 0.0622386523 -0.510967314 0.185481027 0.362044096 0.819464445 -0.889850616 0.391429245 0.355441689 0.0521224588 0.0173072033 0.636406898 -0.0053921137 -3.32037902 0.0803213939 0.175771371 0.178418919 0.0060961945 0.0502557568 1.42023575 -0.134423047 0.887114167 -1.27239192 -0.112918504 0.27267462 0.368478566 0.0807975158 -3.40340185 -0.0259799194 -0.0807657093 -0.18097645 -0.17676577 0.0813147575 0.0115535324 0.273563504 0.0143782785 -0.580053806 -0.0718162358 1.08170497 0.487248331 -0.0952716619 -1.96750343 -0.371289432 -0.0482542031 -0.188367009 -0.0166351087 -0.0713496059 0.309009165 -0.242446184 -0.110762343 1.24507821 0.0195232406 1.01616526 -0.368787766 -0.0452839322 -3.94976592 0.148074359 -0.0486348346 0.138945028 0.0900561213 0.0800345838 0.019786045 0.744361997 0.154319227 0.175922498 -0.101715289 1.34811985 -0.797465146 -0.784120381 -0.325902134 0.115519911 0.0950387493 -0.669642746 0.266897947 -0.0913604051 -0.24796164 -0.149047375 -0.0449030735 0.0454965383 0.145268142 -0.270966709 0.886197209 0.146885708 -1.92706525 -0.196821034 0.150015116 -0.0653530285 -0.0265659504 -0.0557656027 -0.53590548 0.571269751 -0.116501987 -0.289053708 0.0566807128 -0.0916692838 0.502495646 -0.12732619 -5.73743391 -0.0582374781 0.334597141 -0.0184743628 0.011064712 -0.0207531806 0.111329749 -0.0605070777 -0.0342132002 2.01758432 -0.0140624465 -0.021707356 -0.0285939146 -2.25393915 0.0377137624 0.71736443 -0.324867815 -0.144099057 -0.077034764 0.0231143851 1.29105461 -1.81899035 0.612760901 -0.593001783 -0.0840974599 -1.59837782 0.260820866 -0.0594519451 0.178705499 0.229296476 -0.0928768292 0.105754733 0.204321787 -0.0156674553 -0.0753509924 0.39181459 -0.380584776 -0.398166597 0.244181633 -1.75503433 -0.778608143 0.324121565 0.368120283 -0.321881711 0.134017721 0.286275983 0.295880973 -0.152478158 1.09913683 -0.111410119 0.703014612 -0.75365001 0.27410531 1.4338336 0.131187424 0.127028018 -2.37218976 -1.34486461 -0.183439463 -0.279456466 -0.19403851 -0.313029379 1.27820683 -0.97419858 0.532018304 0.666845083 -0.0134596452 0.617362022 0.396152318 0.060360238 -1.60550201 0.0589434616 -0.245536864 0.271599472 0.73689121 0.105006553 0.153549731 0.179991484 0.116047725 -0.971219003 0.16712974 0.160723612 -1.10312331 0.285093009 1.0208478 0.57212168 0.174386576 0.370488137 -0.715317786 0.0450525321 -0.9029814 0.325368643 -0.206513777 0.754394352 -0.0338482037 0.829497874 0.0543294102 -0.118055418 -3.01108432 -0.335297406 0.143126816 -0.639801979 -0.683438003 0.0971719921 -0.956266284 -0.749124885 -0.999407172 -0.520305514 -0.0824640393 1.40780473 0.578425407 0.00327230967 -0.109665252 -0.0477077253 0.0370662212 0.270822853 0.190110058 0.0124777583 0.632225752 -0.0191119388 0.641811192 0.518963873 -0.00640422804 -0.161255166 -0.0492944606 -0.0257514566 0.734881282 0.17951256 -0.0712750405 0.0293732602 -0.00162861252 -0.101310484 0.152142897 -1.89766383 -0.176651806 -1.00294876 -0.00421394175 1.60517824 0.18112503 -0.307364643 -1.55914485 0.141169623 -0.0350168459 0.349143356 0.0809759349 -0.000178870439 0.439582765 0.55163306 0.532901645 -2.31684327 0.0580145158 0.162073046 0.684965968 0.0174503159 0.435495853 0.439311773 0.567634225 -0.420313925 -0.285354227 0.0573847108 -0.491600186 -0.104507588 -0.623228908 1.90994978 -0.483400017 -0.105136305 -0.145719841 -1.62788069 0.652990758 0.175822914 0.047011137 0.230971292 0.110279664 0.675562978 0.306117654 0.401480883 0.604753554 -1.28639257 -0.300527483 0.380635589 0.195578024 0.328116 -0.224874988 -0.0616685487 0.141998097 0.220089212 -0.102733687 -0.0688319951 0.281422734 -1.62132645 -0.170620069 0.306680381 -0.208354324 0.421639144 -0.881351888 -0.0438849702 -2.43336868 -0.447547734 -0.184839353 -0.175855264 -0.00783760101 -0.0674531832 -1.42041171 -0.59658426 -1.33003545 1.38909996 0.0403756611 0.0455591008 -0.175524443 0.335527569 -0.76876229 0.217005536 -0.0527998209 0.034809228 0.153602406 0.0856126994 -0.351034909 0.404496461 0.00244335108 2.04530811 -0.000553452119 -0.022160612 -0.265633136 0.00170073076 -2.82776713 0.0496190302 -0.0785547197 -0.157318473 0.026678212 0.0490680411 -0.150993705 -0.127676994 -0.142075256 -0.875542104 -0.00391144538 0.694225371 -0.219661042 -0.163309395 1.47938955 0.261888564 -0.191567227 0.462525696 0.0905421227 0.0525529198 0.550329506 0.0318214744 0.308925658 -0.385771841 0.048054561 -2.234308 0.164372966 0.0303674974 0.288466007 0.126629218 0.299189448 0.0741172507 0.0986605212 0.0188638102 -0.208071977 0.199496001 -0.182886243 1.82294226 -0.0512742437 -0.243972883 -0.228989854 0.184540689 -1.81707239 -0.638813555 0.278140247 -0.276574135 -0.351742268 -0.365821362 -0.00445871335 -0.926310301 -0.707265139 2.3656981 0.296410948 0.475018531 0.323627919 -0.152908191 -0.936047316 -0.800119996 -0.0333613828 -0.323187292 -0.334001541 -1.04327404 -0.66796577 0.883800447 -0.14578557 0.473473698 0.159541234 0.904014945 0.409214705 0.00119153329 0.327369541 0.0234688483 0.275244862 -0.569699883 0.406295091 -0.540438533 0.684220076 -0.857090533 0.191410363 1.18578851 -0.307516932 0.783980191 -0.0328489952 -0.145155668 -0.455893815 0.12990424 -0.472080499 0.614428699 0.461692303 -0.151695907 1.44300473 -1.01814103 0.313294709 0.592753828 0.328285247 -1.31486833 -0.334698319 0.147332832 0.167773262 -0.470415711 0.0326328017 0.0348671265 -0.166989803 -0.473213345 -0.618841708 0.862760544 0.143764287 -0.399710447 0.129461676 -0.432737887 0.0262497924 -0.0211579129 1.19555259 0.322449982 -0.200031623 -0.377182066 -0.176240072 -0.0734923482 -0.216785282 -1.02457893 -0.414858967 0.0513635837 -0.100235373 -0.879685163 0.172232911 0.092632331 1.25799584 -0.438597798 0.0530952401 -0.98723501 -1.21583247 -0.585099757 -0.660411417 -0.560626924 -0.991475284 1.60537505 0.0249510612 0.433666468 0.311018467 0.0269011594 0.0497748256 -0.177759677 0.165528476 0.197186336 -0.383453399 0.24274981 -1.08350039 0.134563133 -0.537502885 -0.921756983 -0.0467168912 0.245391488 0.363218397 0.109803855 0.751392961 -0.256444216 -0.358277798 -0.735393822 -0.894369125 -0.497425526 -0.659182608 -0.427358389 -0.555487037 1.43690324 0.235580593 0.540111959 0.319465667 0.275472879 0.535646498 -0.223042265 0.150736302 -0.00150463195 0.127647161 0.041867882 0.306545764 -0.378137439 0.153266907 0.0627213344 0.0246992428 0.0372058861 1.59517252 -0.125389218 -0.130317509 -0.348615527 0.00381916133 -0.0762775466 -0.0699028522 -0.150863782 0.182429239 -0.535952806 0.0792267099 2.02198505 -0.0299653206 -0.0678388625 -0.0683953241 0.125821039 -2.18940878 -0.159012273 0.0289075579 -1.41255355 0.16334717 0.125767231 -0.292913735 -0.162984103 -0.162280336 0.0559360236 0.202732712 1.03899455 -0.221224487 0.0743101239 0.360145867 0.261334479 -0.100041464 0.860003471 -0.149021909 -0.0176456068 1.37121034 -1.4738133 0.714878678 0.0871473849 0.458495438 -0.321814716 0.0650914162 0.0529842675 0.280065745 -0.036687281 -0.0525379218 0.442449868 0.0122316498 -0.147684038 -0.0268393904 -0.26059258 0.29722032 -0.889748394 0.0223308429 0.595984876 1.03339159 0.0874399394 0.561587095 0.481847465 0.0289297942 0.00686714193 -0.404336929 -0.0784936547 -0.200378507 -0.318816274 -0.338638812 -0.00558658037 0.1261774 0.917917728 -2.10496354 -0.116811335 -0.320857912 -0.304805964 -0.113561168 -0.0920308009 0.189890504 0.170259237 0.0892409682 -0.0195550043 0.0742316917 0.876888573 -0.199030623 0.414759189 -1.0832262 0.115991399 -1.15324008 -0.67348963 -0.154909164 -0.0622226782 0.0782715231 -0.0267228372 -1.02478242 0.339729458 -0.636367857 0.233603686 0.0793077871 -0.263694197 0.0358516313 0.0358991884 0.680727839 0.312022954 -0.145782307 0.135669872 -0.168395087 0.0539420731 -0.129112259 0.365299881 -0.0151703358 -1.84189355 -0.032437373 -0.461441487 0.453685015 0.00111641164 1.6493609 -0.350428879 -0.142486244 -0.640600264 0.0906077772 0.0373204239 -0.100726619 -0.0269602556 -0.0742503628 0.602993667 -0.350334078 1.20874035 -1.11307347 -0.22378929 -0.327791184 0.5272789 0.193883166 0.262585223 0.153502598 0.615026772 0.970662117 0.695855856 0.549920738 -1.41420543 0.0281039868 -0.0530543625 0.447260827 -0.741617024 -0.718208492 -0.529092669 0.102021813 0.15233767 -0.0609813295 -0.43091774 0.224132165 -0.845437348 -0.134209678 1.1202811 -0.291496247 -0.234943047 1.05080879 0.396831304 -0.965073466 0.775743365 0.178121537 -0.371731699 -0.111203529 0.0768160298 -0.849250972 0.25053665 -0.22662808 -0.675778508 0.0469551086 -0.303888351 -0.123867936 0.0174972005 1.34458077 0.813343585 -0.351174653 0.569838285 -0.219719812 0.337696135 0.341274917 -0.014232696 0.454306126 -0.886339426 0.181973457 0.153456375 0.375909507 0.196531832 -0.646882653 0.680734038 0.0407021232 -0.326245457 -0.010665427 0.366778195 0.0153671401 0.304024398 0.0759217218 -0.102803566 0.0904503614 -1.66993845 0.229487166 -0.0942573026 -0.74918294 0.441051781 -0.0743697435 0.0381525271 -0.475004554 0.138876602 -0.68142581 0.449496388 -0.091517508 0.071181491 0.172957778 0.739579737 -0.777338505 0.403639913 -1.44541013 -0.34064427 -0.191090554 -0.130876034 -0.0131453052 0.543565929 -0.291489422 0.775111735 0.297339261 0.731093824 0.0657218099 0.947325706 0.546009243 0.169495314 -0.619768918 -0.596780777 -0.184875518 -0.0499131456 -0.107002601 -0.0847236812 -0.387818962 0.224604681 0.251908213 -0.0468299352 -1.32573497 0.2872473 -0.0792427808 -0.150355786 -0.031885013
