tensor_linearrelustack6weight 32
0.292512387 0.316533208 -0.075445205 -0.0824316144 -0.263716638 -0.0555250309 -0.292887926 0.258823931 -0.0996154323 0.0870918036 0.4431732 0.361294061 -0.0531093255 0.399337232 -0.0979435593 -0.229502484 -0.221267968 -0.242224082 0.626939952 0.315981328 0.409615397 -0.0709588975 -0.174970046 0.406752735 -0.194273546 -0.313344389 -0.122968972 0.332435846 0.337530434 0.403322935 -0.564237833 -0.162629515
tensor_linearrelustack3bias 32
0.49307099 0.247982517 0.183811828 -0.0357651487 0.87702179 0.343508124 0.126223564 -1.40331197 -0.328689665 -0.178384453 0.148330912 0.333586454 0.390906453 -0.187627554 0.471261829 0.487036049 0.779386282 -0.0545723215 0.220360219 0.265868872 0.994890273 0.542827308 -0.273387343 -0.163434893 0.926818132 0.422785431 0.463321596 1.18676829 0.407313257 1.02188003 -0.549724936 -0.191832438
tensor_linearrelustack3weight 2048
-0.174346954 -0.0665126517 -0.300658494 -0.171029598 -3.020087 -0.485394359 0.356857687 -0.0663063303 -0.320669115 -0.00911079999 -0.249295309 -0.195359096 0.00734408665 0.784406781 0.137312621 -0.63288027 -0.216947079 -0.599735379 0.0877644122 -0.513021111 0.00138000445 -0.281964332 -0.401690573 -0.355425358 -0.0866044536 0.178723618 0.236178383 0.847386718 0.654792666 -0.44209367 -0.0820969939 0.0970268846 -1.04365396 -0.291777134 -0.921713829 0.467978895 0.459678322 -1.29281044 0.595841348 0.723485231 -0.398534209 0.506933272 -0.754041553 1.04812467 -0.451214194 -0.360518217 -0.013692799 0.256882995 -1.21570575 0.0600944385 -0.0766032562 0.315753222 -0.507353723 -0.409252703 -0.0890047625 0.212180942 0.323995531 -0.402891606 -1.52349782 -0.272218019 0.0413846262 0.871496499 0.366438538 -0.46730563 -0.351347774 -0.361831546 -0.179388642 0.108113751 -0.348038763 0.560656726 -0.126772732 0.115184374 0.341093868 -0.0371033736 0.473480791 -0.0113049932 -0.713878453 -0.184196979 0.2438346 -1.92098975 -0.37997517 0.173110113 -0.189627573 -0.226598009 -0.387795001 -0.142861694 0.0637156889 -0.410354555 0.919882774 0.209103227 0.0407347232 0.857453167 -0.921598434 -0.362716168 -0.209091291 0.0553951599 -0.751758933 0.237149477 0.0185186677 0.509216249 0.434159994 -0.212362215 0.521225274 -1.69908297 -0.608987868 0.582816064 -0.148013845 0.506162584 0.834609509 -0.529613316 -0.525558531 -0.336802244 -0.464082241 0.0162810069 0.216417372 0.00384129025 0.228817433 0.159442782 -0.377002448 -0.438308746 0.0439422056 -0.282837123 -0.807210326 -0.343618065 0.193349957 -1.87244821 -0.365191281 0.0439039953 -0.116258152 -0.176566482 0.391575038 -0.0193645954 0.148018673 -0.57215476 0.261252046 -0.640694499 0.146358803 0.00295933778 -0.25725624 0.160891384 -0.530259311 0.0840166882 -0.0313724317 0.0496888831 -0.636076808 0.383188874 -0.425883889 -0.256956846 0.0788460597 -0.0919121653 0.22767289 0.288833052 0.0730628893 -0.0222374201 -0.0062624868 0.844099104 0.0899078548 -0.328715742 0.0453954637 0.134741724 0.537413597 -0.1319803 0.39347899 -0.264649123 -0.402652115 0.345938295 0.112010464 0.443298161 -0.126861289 0.418585837 0.648053706 -0.062759161 0.610601783 0.134685576 0.273188025 0.307262599 -0.166320235 0.288013577 0.157985911 -0.12757571 0.431752026 0.153343081 0.946855426 0.243516564 0.25744012 0.553042054 -0.0943523198 0.30783841 -0.334971845 0.346058071 0.543682992 0.00469491305 -0.22921209 0.451204211 0.585695803 0.00818287116 -0.00566287804 -0.0547651723 0.142797366 -0.238754213 0.310586005 -0.101431772 0.345908195 0.378223717 -0.282181174 0.101181552 0.144780472 0.265599608 0.539201438 0.560092807 -0.484755546 -0.340188205 0.234919339 -0.0437648445 -0.108402401 0.341451287 -0.0652463511 0.0810118094 0.127759561 0.736271322 -0.332491308 0.0697943792 -0.0740401074 -0.142472789 0.379657179 -0.262493134 0.613387167 0.119141988 -0.106894344 0.388902754 -0.088168487 0.221346393 -0.598284066 0.264685094 0.401278108 -0.0431483835 0.377214879 0.39160189 -0.0901769251 0.13781926 0.115294203 0.0384979546 0.24953489 -0.19375436 0.214956045 -0.197149053 1.14608371 0.279305816 0.435721725 0.505773962 -0.0160237774 0.144235656 -0.505803585 0.268645525 0.742547989 0.0391566642 -0.139282316 -0.446520418 0.248444676 0.000110903929 -0.588623106 -0.253029943 -1.12695229 -0.126727819 -0.247477278 -0.506905556 0.636037946 0.154707804 0.100741714 0.0587801151 -0.0293291528 0.221206531 0.493392199 0.243467763 0.0448632762 0.536970019 -0.151751667 0.15827173 0.300695062 -0.0932137892 -0.000351510564 0.566084385 -0.347052217 0.887589395 -0.227021948 -0.404801548 -0.153539181 -0.0828178525 -0.125459716 0.0178267937 0.690648496 0.1526898 -1.70728433 0.328504801 -0.108918838 0.497159839 -0.0550987236 -0.281116515 -0.429982007 0.325698704 0.057848718 -0.0582674108 0.00253023393 0.118711129 -0.691336572 -0.482475251 0.244904876 -0.0149053708 -0.188237086 1.10471344 0.936810791 -0.577482224 0.0956552252 -0.120246567 0.571091473 -0.467877775 -0.111665219 0.60055989 -0.759117424 -1.36170506 -0.0496880598 0.338744611 -0.0801261291 0.0664303973 0.284654856 0.0738808215 -0.329542518 -0.0941958353 0.13900429 -0.168164328 0.2090047 -0.158737719 0.467737138 0.147831708 0.433788151 0.126695931 -0.218752041 0.186739683 0.0114307646 -0.0171239711 0.0439663343 0.0159530137 0.0320005566 0.715697706 -0.0591475219 0.541371644 -0.276030242 0.598098397 -0.649859667 0.301576346 -0.155976087 0.312200457 0.333886981 0.243466318 0.560176253 0.34217754 -0.0690384731 0.302492887 0.0606515706 0.279748231 -0.131307095 -0.227161944 0.871009648 -0.226678923 0.274667948 0.00466040568 0.292759418 -0.021267008 0.165965796 -0.131216988 0.0143878404 0.0627133101 -0.286897779 -0.288590699 1.08658242 0.00234133867 0.189175248 0.290351927 0.251469702 -0.186419889 -0.282028794 0.40495345 0.399429888 -0.285468757 -0.0463287123 0.58104527 -0.444767624 0.0163908359 -0.00991241354 -0.36600706 -0.0616478398 -0.0841858909 0.216925427 -0.563477397 0.764277756 -0.220683575 -0.414446145 -0.491613448 -0.0770585239 0.266992629 -0.134129971 -0.50013411 0.162187576 0.308455437 -0.114857934 -0.259796262 -0.886052608 -0.335665673 -0.193115339 -0.528783321 -0.353706568 1.33412302 -0.741530001 -0.0204493515 0.417319298 -0.130102739 0.853389323 0.598406434 -1.38882518 0.43735531 0.167794973 1.00860107 -0.139800385 -0.0365909748 0.44532457 0.343821049 -0.0470063798 -0.0931009427 -0.177449301 0.296955079 -0.124969736 -0.0682499856 0.554306686 0.290787905 0.862381399 0.266658068 -1.50849271 -0.18119213 1.37457788 0.0513804741 -0.736713827 -0.409018606 0.574962199 -0.317087799 0.502963603 -0.779232204 -0.0821562707 -0.041530177 -0.573087513 -0.788219452 0.0597512312 -0.0938129127 -0.40784502 0.189298525 0.429040551 0.116682537 -0.519270539 -0.110599145 0.151458248 -0.0799967721 -0.8566342 0.116954617 0.101737536 -0.128290713 0.337422043 -0.61996299 -0.122672223 -0.0954967663 0.332843304 0.328592122 0.383826643 -0.453090727 0.146958545 0.330082953 -0.132270694 0.00750221545 0.107480347 -0.9379462 -0.172765568 0.638279498 0.509613812 -0.121899433 0.438275397 0.373755753 1.17104316 0.237981543 -0.582588792 -0.119856 -0.267565429 0.258164942 0.199606255 -0.194437042 -0.483905286 -0.507377923 0.51192385 -0.336327344 -0.0956902578 -0.0639610365 0.150232911 -0.494786799 -0.132449687 0.0256688073 -0.356997162 0.043328099 -0.26086992 0.12022461 0.817508757 0.120075561 0.148771778 0.748410523 0.554737628 -0.552751243 -0.0781675726 0.345824391 0.639990926 0.101444848 0.199558124 -0.0673680454 0.182194233 -0.461151153 -0.0411595777 0.230875582 -0.318234652 -0.0345590599 -0.515285075 0.10696099 0.174818963 0.0561517142 0.270867884 0.245901361 -0.496581465 -0.268651277 -0.294066906 -0.430338055 0.479398906 0.232231662 0.0710487887 -0.1683878 -0.0587338284 0.551016212 -0.017399922 0.206104428 -0.108030252 -0.430788815 0.647455633 0.00254255394 0.411806762 0.192051828 -0.24420689 0.649732828 -0.174604341 0.382996887 -0.0322797932 0.171306267 0.452278018 -0.231516972 0.360313267 0.220155314 0.00545582687 0.242753997 0.0805939361 0.876241267 0.0577330962 -0.160933658 -0.142356947 -0.131430224 1.14531004 -0.012600203 0.60395807 0.203808472 -0.28414464 0.44904688 -0.600769043 0.307213604 0.663484991 -0.0446766019 -0.195614442 0.0138400588 -0.116396934 0.0369923152 0.016162768 -0.0559394099 0.00211151876 -0.0614124611 -0.00666062441 -0.132498816 -0.0759535283 -0.102052145 -0.0804152116 -0.021602558 -0.0691177398 0.00346238329 -0.133974612 -0.0107274558 -0.0486895591 -0.113600999 -0.129822925 -0.0452670977 -0.0206323639 -0.0830018744 -0.0294469446 0.0480552055 -0.0613605604 0.0736645907 -0.0474181324 0.0419714265 0.0248618331 -0.0119177373 -0.112584218 -0.0566498563 -0.0248114187 -0.00078994059 -0.00510091893 -0.114665046 0.0134203788 -0.160182744 0.0173655953 -0.0166728143 0.0181284864 -0.139192283 -0.107815266 -0.152133137 0.00386353862 -0.18658869 0.0379006155 -0.0967821926 -0.146790534 -0.00278687011 -0.10394749 0.0585674085 0.0331120603 -0.123545326 -0.0352081805 -0.119250357 0.0583667606 -0.156915724 -0.131159738 0.00463401061 -0.0837638974 -0.0763869062 0.249503642 0.739690661 -0.58801657 -0.182343513 1.0922451 -0.233062059 0.134712487 0.628404319 0.0162178278 0.227568194 -0.460230619 0.158409119 0.109172739 -0.0992401987 0.555303931 -1.95074964 -0.269035786 0.0944653973 -0.713357687 0.168459013 0.427268177 -0.218391851 -0.0642876253 0.311219454 0.912484527 0.0529170223 -0.332654148 -1.11136973 0.928881347 0.080577679 -0.183991104 -0.159844175 -0.0467648655 -0.0428619348 -0.143141598 0.183030888 -0.0161369871 0.334806234 -0.424139231 -4.56915426 -0.080438219 0.336178094 -1.52849627 0.00813980401 0.0374839082 -0.206754699 -0.416752607 0.199875727 0.295342326 0.249967098 -0.136120588 -0.0996078178 -0.221192181 0.208806112 1.07169652 -0.374983966 0.183859676 0.0736015365 -0.300676286 -0.268971384 -0.29391861 -0.0579582974 0.0519090593 -0.619839489 0.22382623 -0.172626853 -0.207525685 -0.659505427 -0.252330959 0.0896991268 -0.310027361 -0.0331984535 -0.348959327 0.131814197 0.431625098 -0.288797021 1.15100014 -0.0893252715 0.0020221395 -0.625356317 -1.61528158 -1.74078059 0.356091887 -0.616680741 0.236555248 -0.360596627 0.135056093 0.0218527988 0.296686411 -0.0310674999 -0.0268481057 -1.14293659 -0.245291919 0.276795447 -0.131446406 -0.225411773 0.275068611 0.709245563 0.187301159 0.0608146824 0.0855846331 0.971203208 -0.0905709788 -0.309824884 -0.254749417 0.282079399 0.0567680858 -0.0762250274 -0.341672748 -0.453844905 -0.798963189 -0.0550496057 -0.77131933 0.311703533 0.138351694 0.33399874 0.0150927333 -0.276764661 -1.70847225 -0.353486151 -0.0298521668 -1.08992028 -0.0969655141 -0.667992413 -0.437512755 -1.99688053 -1.05913603 0.510191202 0.00363040133 0.224443942 0.254342079 0.0980886295 0.238353372 -0.294321418 -0.0904287696 -0.226728112 0.293665826 -0.0910313502 -0.293700516 0.0928164646 -0.271155179 0.260303885 0.182517558 0.105748601 0.409623682 0.197533682 -0.389676124 -0.00436818181 0.127913237 0.0366061106 0.0679708272 0.634592712 -0.280803859 0.129822597 -0.0487659499 0.773912847 -0.437956005 0.273425519 -0.0215592068 0.154973626 0.324788928 -0.0163197238 0.0781452805 0.0215217769 -0.128507838 0.315603882 0.0296151303 0.478749216 -0.0217882805 0.170697302 0.754977345 -0.194238111 0.316935003 0.15263921 -0.0108929519 0.11362084 -0.0864032954 0.0519944429 0.00557423662 -0.0155087002 0.236691564 -0.4033117 1.1847192 0.020408418 0.20128718 0.294097841 0.0503644943 0.259959161 0.0175126307 0.288968265 0.486825883 -0.222506627 0.469652623 0.774517596 -1.00521529 -0.0586766452 0.161347985 -0.0616972521 -0.066037409 0.297665626 -0.395776302 -0.190823629 0.387054026 -0.45587939 1.26342189 -0.0317392014 -0.372596622 0.135171577 -0.527411282 -0.39090243 -0.298359722 -0.063248001 0.0360613316 0.101473711 0.265350699 0.577529848 0.299553066 0.503463626 -0.225399688 1.00038087 -0.273399234 -0.247129574 -0.341959476 -0.0738389194 0.112858385 -0.503316045 0.863990963 -0.291480958 -1.16759801 0.430423826 -0.519345522 0.0423470885 -2.93102145 0.0665242597 0.449808717 0.264304817 -0.137410507 -3.18349004 0.0428833663 -0.262318432 0.75724417 0.241155148 0.135626495 -0.196427539 0.295983493 -3.39490843 0.928728163 0.280395418 -0.0998420715 -0.719004333 -0.25048703 -0.253723592 -1.35103345 -2.05011821 0.621073484 0.0484765992 0.0196887981 0.621504545 -0.0593183003 0.282182753 -0.350325733 -0.258131981 -0.301682234 -0.308103204 0.00237690727 0.00900522619 -0.134269908 -0.124509946 0.563538551 0.144134745 0.567991257 0.218597114 -0.226851225 -0.378334463 -0.303825051 -0.577279687 -0.279532105 0.243381351 -0.0698337778 -0.173086107 0.0488396883 0.0886733755 -0.27920121 0.496354699 -0.354233891 0.244033054 0.186527312 0.443559408 0.0407941304 0.210941836 0.72942704 -0.16724664 -0.200329319 0.330191731 0.0445569567 -0.258420408 0.347105175 -0.039616555 0.839097798 -0.165535763 0.220194012 -0.205198988 0.446439058 -0.620478749 0.262455285 -0.346161902 0.292417467 0.314629495 0.193294466 -0.13216424 1.12022245 0.11756146 -0.252264053 0.0624036938 0.640583396 -0.069278568 0.494301021 0.73302412 0.175979063 -0.0585483797 0.905992985 0.440492034 0.253761679 0.127234712 -0.314470351 0.0262337476 -0.0894531384 0.109193996 0.0207544267 -0.00164531718 0.116425917 -0.260361433 -0.169055849 0.192594782 -0.572283149 -0.152562231 -0.192483261 -0.1008607 -0.0191223882 0.349940211 0.472076267 -0.359549969 0.615836918 0.507164896 -0.489055216 0.446178883 -0.105517283 0.386744529 -0.755424678 -0.0225658845 0.197682396 -0.195724666 0.537667394 0.366003543 -0.18517746 -0.0549987182 -0.829052925 -0.770112932 -0.242741391 0.3945961 -0.269315511 0.525280356 0.16250746 -0.0435656831 -0.136961311 0.107319586 0.711823404 -0.364289552 0.356951475 0.262583792 0.416959047 -0.829936326 0.464811444 0.786203206 -1.03604758 0.0659425333 -0.158559188 -0.785724819 0.571962059 0.0238135457 -0.0159951579 -0.169372633 -0.92143774 -0.335723937 0.122442633 0.445212215 0.311663628 0.238634557 0.984645605 -0.722804725 -0.216754243 -0.647745788 0.237771094 0.0353753082 -0.0815869421 -0.197039738 0.360397935 -0.667025208 -0.114421763 0.683805227 0.682388902 -0.417318016 0.337560564 0.118073136 -0.0854135752 0.580426157 0.642441809 0.36725086 -0.188652277 0.296072096 -1.81553948 0.726390541 -0.333564222 -0.132013276 -0.0891242623 0.0989574194 0.0614839159 -0.0567669794 1.17447102 -0.428713471 -0.234249949 -0.56683594 -0.64744252 -0.399017811 -0.198439732 0.0655014217 0.513597369 0.0465726554 0.168844834 -0.473928362 0.301991701 -0.853273511 0.366270602 -0.0786070973 0.10206762 -0.11539308 -0.382622033 -0.0772746354 -1.05464828 -0.192109913 -0.167638451 -0.453838766 0.413031429 -0.044004783 0.264388591 -0.373572975 -0.243010283 0.0998718143 -0.614513695 1.02404511 -0.124333493 -0.545133054 -0.351949841 -0.0278562102 0.134989649 -0.305996478 0.314060122 -0.020268837 -0.48926729 0.368879527 -0.838906109 -0.688054562 0.818128884 0.109013721 -1.65168035 -0.353113741 -0.125974268 0.0748678818 1.05303907 0.835255086 -0.368222594 -0.522738278 0.0864662156 0.0998231098 -0.333769828 0.286175013 0.617568791 -0.788342535 -0.0433849134 0.174197584 -0.23259005 -0.451229066 -0.090983279 -0.107549332 0.203545749 0.174852997 -0.0219318047 -0.105794549 -0.172032908 -0.24363257 0.469067991 0.344685674 0.337734252 0.691804469 -0.391330004 0.349019468 0.357351899 -0.0614320934 0.317904383 -0.0104102874 0.0558848456 -0.547931314 0.240325242 -0.223477557 0.276366562 0.792778134 -0.555485904 0.270729333 -0.826573372 0.164373472 -0.175027996 0.0405111946 -0.787721872 0.810728788 -0.723294973 0.117279723 0.652167022 -0.783244312 -0.643445134 -0.294120401 -0.176921442 0.0382362604 -1.77044106 0.310979038 0.407825261 -0.442317694 -0.167576715 0.229094148 0.104078077 -0.626008272 0.369819045 -0.188855171 -0.0138727538 -0.30329299 0.217916131 0.253404558 0.14391692 -2.02003264 -0.551522911 -1.81912673 -2.63592029 -0.108388767 0.0932159126 -0.0343460478 0.31233868 0.229130134 -0.106697202 0.10400074 -0.107482702 0.236766711 0.225936264 0.211940408 -0.803790092 -1.54431546 0.939143181 -0.0251354259 0.541816175 0.43185693 -0.291031539 -0.280679345 0.617150545 -0.115939416 0.138818726 -0.0303224716 -0.515765071 -0.131678686 -3.22803473 -0.00297821779 -0.173817828 0.147565842 0.208406448 -0.314182699 -1.85933614 -0.351159871 -1.24792409 0.523674369 0.282593638 -1.74098384 -1.08080161 0.268172324 -1.52839971 -0.208261713 -0.427226901 0.166979387 0.256243616 0.317314237 0.0434892289 0.291383386 -0.653215528 -1.05799973 -0.462913483 0.919327378 -0.390127361 -1.42526686 0.178519383 -0.101720415 0.144796789 0.272633433 0.146771967 0.159169808 -0.164895326 -0.273992151 -0.255989581 0.0407285765 -0.491854727 -0.185990945 0.595815837 0.0780179277 -1.10633266 0.358293265 -0.337541729 -0.0932434052 -0.110725477 -0.765142798 0.160892904 0.603838921 -0.421611905 -0.120645501 -0.491375864 -0.061891038 0.379944921 0.522396207 -0.605945826 0.800020874 -0.611357689 0.0819448009 0.42487973 -0.960766494 -0.0451113731 -0.434117198 0.393264025 0.0458873287 -0.132015154 -0.0747445673 -1.10782123 0.445548266 -0.82836473 -1.76797259 -0.0180353411 0.104208671 0.34744525 -0.143674344 0.141293675 -0.224885613 -2.16573501 -0.112477027 0.197010934 -0.299780071 -0.114896812 -0.460988522 -1.25270355 -0.949702501 0.126196846 -0.412826687 0.339122981 -1.95281434 -0.694151819 -1.13590693 0.24441351 0.143594518 -0.0410026982 0.209241822 -0.834825277 -1.55499291 0.0563642792 0.392297536 -0.111251794 0.0711373538 -0.534052134 -0.0852805302 0.204202905 -0.0992635041 0.443299294 0.15687117 0.599669635 0.0821951255 0.149986491 0.254794419 -0.379389435 -0.25623399 -0.449153483 -0.555312932 -2.01555085 0.201665193 0.183354571 -0.265643239 0.23576425 0.0250250921 0.186369509 0.0396281853 -0.0224689413 -0.247486949 -0.402807266 0.216951579 0.909216404 -0.0574517325 -0.331273794 -0.224938989 0.185565442 0.0552940145 -0.480146945 -1.09359658 -1.64827883 0.347097516 -0.119050279 -0.00151787756 -0.0261724927 0.0309734214 0.279545128 -0.120581828 -0.675945759 -0.00946398731 0.319795102 -0.0249423422 -0.38016963 -0.0548033118 0.328354418 0.273778737 0.422326326 0.262830675 0.0662046149 0.379487365 -0.267022401 0.0562487021 -0.186072201 -0.0808512792 0.411282122 0.343019515 -0.0261811353 0.434806764 -0.432159454 0.520070612 -0.637690365 0.257659942 -0.044192411 0.302652448 0.655896366 0.200647727 0.182487458 0.277028739 -0.149940103 0.59123975 0.0877635926 0.322732717 -0.164471745 0.292888731 0.793288827 -0.335578561 0.502577662 0.135218695 0.161747664 0.0506956391 0.247498304 0.288394004 -0.276334614 -0.0616810545 -0.51268512 -0.129168212 0.788342416 -0.125306234 -0.33072862 0.249722406 -0.00917669572 -0.0542660691 -0.186055556 1.02849388 0.430948943 -0.345935374 -0.824246764 -0.329528302 0.234789699 -0.311164171 -0.239388376 -0.100578368 0.0159255732 -0.0483890772 0.258529544 -0.436329037 0.156084865 0.235267088 0.30010277 0.11848063 0.0925783291 -0.146178797 0.829855442 0.159218833 -0.546532035 -0.152523726 -0.0917525217 0.00067213428 -0.209061638 1.09632266 0.0584072396 -0.183807969 0.0297505725 0.135180146 -0.550769806 0.764681458 0.409151286 0.0657586157 0.0256091487 -0.0660363361 0.978958249 0.51357913 0.361393213 -0.566951454 -0.481380075 0.282880783 0.242376462 -0.548857093 -0.121612564 0.598100424 -0.0423130319 0.259840935 0.192713961 -0.0776709318 0.457098395 0.0976262838 -0.76172924 0.648249984 0.21194829 0.253066838 0.370379388 -1.33970857 0.838780105 -0.162846267 -0.356629401 -0.0345242321 0.0934839025 0.226216733 0.119352929 -0.230990216 0.28827554 0.361253023 0.0308013167 -0.759522736 -0.141482964 0.0545925945 0.17347838 -0.0381538421 -0.0517556928 0.492997557 -0.833197236 -0.0571261048 1.09633338 -0.409908414 -0.299843997 -1.61873949 0.603526652 0.0170216188 0.203607053 0.326014668 0.434339821 -0.237594843 -0.803263545 -0.946909487 -0.0467246734 -0.681483865 0.418836534 -0.39511162 0.473201245 0.215011492 0.324685603 0.32967943 -0.721170425 0.550478637 0.639660299 -0.189748049 -0.0185125135 0.402242512 0.491115898 -1.24863696 0.273775369 -0.287540674 -1.1862036 -1.9245944 -0.19988282 0.28096205 -0.78716886 0.0791240111 0.220990345 0.0937120542 0.211423427 -0.710406899 0.157248393 0.613004446 0.00752511481 -0.476112872 0.0479410626 -0.404942513 -1.66089928 -0.189738855 0.0707442164 0.0854966864 -1.60294998 -0.239827931 -0.342987388 0.581616461 -0.204950228 -0.109977141 -0.292141944 -0.596324801 -0.061712686 -0.0436905399 0.0584074147 -0.191717058 -0.56082499 0.387970656 0.0249786787 0.232466221 -0.581983387 0.386855066 0.0356874391 -0.104426496 -0.496533513 -0.307090521 -0.00248195394 0.142635271 -0.227514833 0.436210603 -0.0930315703 0.119086422 0.203418091 -0.293594986 -0.641294181 0.703463376 0.456997097 0.398561448 -0.0307887662 -0.010407554 0.79204452 -0.619509876 -0.0846253633 0.139937699 0.0678641424 -0.404379219 -0.030360546 0.525147378 -0.0808387548 -0.343252093 0.0970763266 -1.24352241 0.406062037 0.181369379 -0.23822099 -0.569204569 0.409861952 -0.00295341341 0.819682479 -0.535233021 0.0367117114 0.527993262 -0.356187761 -0.106177956 -0.0608188622 0.24878855 -0.405534714 0.310047209 -0.683151901 0.0194735155 -0.37498793 -1.16437531 0.109283172 -0.256572664 0.339397758 -0.502243817 0.447083145 0.100726068 -0.513682067 -2.07227015 0.672692478 -0.255357981 0.0135460645 0.299863964 0.0933690369 -0.781451523 -0.50035733 -0.222628161 0.234889686 0.0562090538 0.0471897982 0.61628592 -0.324923187 -0.0469464809 -0.0314693935 -0.173689514 0.0949904174 0.335446179 0.130794257 0.749950528 -0.28735286 -0.259788126 -0.230288938 0.241619527 -0.177155033 -0.621933341 -0.341012865 0.469977081 -0.57329905 0.918178499 0.116858773 0.20281142 0.105458036 -0.553419292 -0.969304204 0.1529468 -0.00317762839 -0.0409651622 0.44511506 -0.657586575 0.456901222 -0.343415707 -0.389879018 1.11020637 0.265954584 0.509772241 0.0169814993 -0.177434057 -1.85016251 -0.00428635208 0.0649367571 0.427999139 0.358472466 -0.54113245 0.0929531604 0.0910048559 -0.237753794 0.0244635381 0.425030828 -0.553952038 0.106759287 -0.172479615 -0.239211559 -0.0538922958 0.176876396 -0.0969915166 -0.0993752927 0.281401008 -0.183788404 -0.0994751155 0.422935128 -0.373831302 -0.57992059 0.777559459 0.69694519 0.417057693 -0.23513329 0.429643214 -0.211700976 0.185847104 -0.111455821 0.466333598 -0.192004889 -0.615347505 0.0447208732 0.10384959 0.571324289 -0.0100286016 -0.8477723 -0.378365338 -0.00113236834 0.614845395 0.035980355 0.0811066777 0.600778997 0.353488505 0.718862057 -0.42594713 -1.01150715 0.27324295 0.0348378494 0.0789998174 0.0157657042 -0.563335836 0.296420544 0.232833236 -0.887965977 0.552695274 0.399288028 0.198679373 -0.199013516 -0.50128752 0.191791773 -0.107589617 -0.11887975 -0.889088809 0.736210763 -0.171598598 0.00551521312 -0.0633021072 0.289531559 0.0982853696 -3.19713044 0.12229839 -0.141054884 -0.143760905 0.462632388 -0.198067039 0.00299706776 -0.875242591 -0.118312128 -0.474241525 -0.122025542 -0.316301823 0.018751137 -0.067296356 0.197119072 -0.616418719 -0.176355302 0.296105802 -0.440046549 -0.293243229 -0.171089739 -0.216417611 0.0942816138 1.01185119 -1.93546784 -0.128812507 -0.521285594 0.0665938705 0.61800313 0.0587550029 -0.274936616 -0.233341277 -0.0294335466 0.0933061689 0.339985639 -0.161485016 -0.275577128 -1.17468214 -1.00215411 -0.209594905 0.47238332 0.369553179 -0.154997081 0.300849378 -0.203549072 0.0155314934 -0.364581347 0.00488243438 0.0429690592 -0.185581073 0.0872799456 -0.797904491 -0.0526742451 -0.210964888 0.613106191 -0.200360879 0.440098077 -1.33354342 -0.643790364 0.473085642 -0.520011783 -0.388813376 0.461984545 0.0292942543 -2.4991498 -0.195980549 0.772768676 0.399767488 0.255525172 -0.227074116 -0.0289024878 -0.0234143827 -0.125493497 -1.41292763 0.593325615 -0.49535808 -0.210195675 0.878365457 0.234745398 0.210072264 -0.187336758 -0.0591517165 -0.270219028 -0.75379926 -0.373743564 -0.1545275 0.385554194 0.343319327 -0.319923878 -0.286387175 0.377677411 -0.43168959 -1.07930231 0.246140048 -1.21193612 0.229387447 -0.356260777 -0.668592036 0.430421293 0.572603703 0.00419993 -0.303752422 -2.1796031 -0.0872610286 -0.0975407809 0.436166793 -0.40471071 0.118348122 -1.18902957 -0.148709029 -0.225232571 -0.312004 -0.597889066 0.0284554437 0.796036124 -0.00692079682 -0.514093459 0.391657293 -0.243603259 -0.163657501 -0.183811739 1.86687148 0.222570732 0.243590221 0.421848178 -0.833097875 -0.650491774 -0.32041499 -0.0583734326 -0.18079792 -0.27664724 -0.0592552535 -0.195905179 -0.0877473503 0.0343427397 -0.359532088 0.286774576 0.0776112154 0.0700639635 -0.153762773 -1.19951415 -0.212644443 0.564170718 -0.110925458 -0.938099623 -0.10793177 0.0830072314 0.406148821 -1.45564413 -0.399808437 0.0632302836 -0.333029598 -1.86600006 -0.0862239227 -0.762758255 -0.398794115 0.369597554 -0.410128385 -0.428003907 -0.162872568 0.235260174 -0.627570033 -0.31192252 0.930580974 0.402680159 0.182544619 -0.284588933 0.713532865 0.107714236 0.375338584 0.177830204 0.076673016 -0.0394013487 0.431821793 0.299122691 0.438529074 0.0159147475 0.179604888 0.41621545 0.233052239 -0.461449176 0.0424942262 -0.182467327 -0.300285041 0.144843519 -1.89556479 0.0517721288 -0.103170715 0.40836516 0.44213146 -0.0407980904 0.124033123 0.447414756 -0.201850787 0.101050325 0.308814943 -0.293409616 -1.09118867 0.502665043 0.156554326 0.349339277 -0.175834119 -0.431416303 0.851091802 0.0669377744 -0.13197279 -0.402923405 -0.668013871 -0.147020668 -0.501479924 0.0742598623 -0.228377715 -0.11735481 -0.556148231 -0.0380668566 0.627093077 -0.42219615 0.0961645618 0.502540171 -0.432043672 0.756213248 0.49083972 -0.12968348 0.206676319 -0.133133695 0.750432789 0.306932867 -0.192077279 -0.00543264113 0.168460801 0.259174913 -0.787684739 -0.261230648 0.136174873 -0.0512872338 -0.3048563 0.228670925 -0.185724646 -0.802087307 -0.355203211 -2.99779034 -0.0696215853 3.22794509 -1.08038461 -0.448350072 -0.489686906 0.911833465 -0.0567293949 0.472702414 0.591442943 0.318367362 -0.0997181535 0.00175477308 -0.751932681 0.0594110191 -0.0968372673 0.0556456372 -0.138126493 -0.0541066118 -0.0633965284 -0.100188896 -0.0661503002 -0.588825822 0.325803399 -0.896084011 -0.223080277 -0.244250894 -0.339805782 0.150260851 -0.204665571 -0.210361525 -0.444539785 0.510505676 0.120103523 -0.0180692635 0.269575298 -0.265899986 -0.246323988 0.159303173 0.366498888 -0.665715575 0.384586632 0.490345091 0.34313795 0.446834624 0.329480171 -0.16196847 -0.897441745 -0.124642141 -0.122576497 -0.411656111 0.577379167 0.645567477 0.135591015 0.294342011 -0.60057193 -0.569681823 -0.149472132 -0.276067406 0.312202424 0.783939123 0.335383475 0.940103173 0.19858408 0.371564358 0.490019798 1.50693488 -0.440036267 0.46753633 -0.439345926 -0.263594091 0.141024306 0.0614197291 -0.291180193 0.913632512 -0.081627138
tensor_linearrelustack0bias 64
-0.392781973 -1.07379293 -0.083503902 -0.263813853 1.32469022 -0.779425085 0.124879122 -1.12219417 0.168423697 -0.410750598 -1.3265686 -0.847129345 -0.642846227 -0.281040639 0.995562255 0.845519841 -1.69536829 -1.39792109 -1.03518808 0.504622459 -0.235642001 1.07251692 -0.680558205 1.35037279 0.399265051 -0.0126208095 -0.188148379 1.12171388 -1.12093914 -0.926862538 -0.409402996 0.131732196 1.42370975 -0.331786543 -0.169273019 -1.06856835 0.12674363 1.15339351 0.19309178 1.55918384 -0.267442584 -0.933615565 1.37645829 -0.692181885 -0.152103007 0.674749076 0.980679035 0.0847959593 0.260800362 -0.424417675 0.799790919 -0.438313395 -0.240944073 -1.38249338 1.53921807 0.0780183598 -0.579253852 0.691899836 0.486295491 -0.0124938395 -1.29946029 -2.00533652 -1.31476355 0.504291058
tensor_linearrelustack6bias 1
-0.964782238
tensor_linearrelustack0weight 1344
0.469763875 -0.351236641 0.799439311 0.226831272 0.0805339888 0.0498586223 -0.0423982739 0.0349969864 1.0565275 0.154907495 0.0223535094 -0.694510758 -0.327043205 0.249453828 -0.49499321 0.228492305 -0.838955283 0.0342765152 0.0820501745 0.425831914 0.285883635 -0.101888999 -0.272843897 -0.270921558 -0.251989692 -0.23551105 -0.0642584935 0.0801441818 0.0424050316 -0.342185289 -0.0367716923 -0.214135498 0.321911335 0.186840549 -0.902956605 -0.683680832 0.215930358 0.719008565 0.646345556 -1.43467009 0.271400273 -0.167284966 -0.295150608 -0.0524761938 -0.169747904 -0.184399754 -0.222884119 -0.0368522257 -0.0387602374 -0.0139676621 0.0964000523 -0.0440567657 0.0543819964 0.0810837299 -0.0738806948 -1.80866396 -0.137205988 -0.0415768176 0.194547877 1.08624983 0.778725922 0.0259929784 0.0770540163 0.159218252 0.0527824052 -0.149645224 -0.0896328837 0.13871333 0.232483864 0.0751572773 0.329403698 -1.13271499 -0.0717754364 -0.0866051391 0.718757272 -0.410387546 -0.216806665 0.0936768726 -0.332591385 0.113839768 0.155339271 0.00284526241 -0.261378407 0.481612414 -0.0508112311 0.168147191 -0.00981925428 0.0559622198 -0.00732856616 -0.0066962936 -0.0160227641 0.0445617139 -0.0273895115 -0.0225584302 0.0458581895 -0.0466092676 0.107216947 -0.0524251685 0.886880338 0.0099266842 0.288822621 0.0338331237 -0.47034201 -0.0751958713 -1.26802146 -0.239890367 -0.234171689 -0.124356784 -0.316024423 -0.595658243 -0.394623011 -0.644107342 -0.560519516 -0.867177784 -0.223919824 -0.066989921 0.576827645 0.832346916 0.415236652 0.430171698 -0.119148217 -0.17103371 0.0107684098 0.0154167162 0.427405059 0.0904896408 0.0233988874 0.350421101 0.431758493 -0.0118318079 -0.25385958 0.0491070375 0.016233379 -0.106253393 0.594241321 -1.90332174 -0.0374959931 0.197105169 0.200179696 0.647046804 0.446267545 -0.123641998 -0.548383176 0.0389687642 -0.0876460001 -0.401366681 -0.133140907 0.103278339 0.174337 -0.0284059234 0.0369390622 0.076440677 0.158085421 0.0870971903 0.192107812 0.0913813263 0.0378641002 -1.14354146 0.567369938 -0.140326157 0.190679088 -0.100671485 -0.0781379193 0.371639282 -0.0713696182 -0.302160293 -0.341886193 0.435262114 -0.612541735 -0.0263368748 -0.125455797 0.0804955214 0.0522377938 -0.213748589 0.332293391 0.222678468 -0.0985219479 -0.910174727 0.16415377 0.498351485 -0.788640916 0.596262217 -0.194520161 -0.0684198812 0.410567284 -0.0456407815 -0.123157136 0.0226759389 -0.123606957 -0.133158401 -0.1912238 -0.586524606 0.153682336 0.040838521 0.0742996112 0.710838437 -0.0610962212 -0.203296378 0.820928097 0.382470012 -0.62018007 0.172374189 0.058781743 0.234929979 0.0222430695 -0.14090848 0.917086303 -0.155035466 0.295350373 -0.433909506 0.0192679297 -0.0571847484 -0.171555221 -0.231317967 -0.219385952 -0.120903619 -0.0324067324 -0.000321662024 -0.684291899 0.12682189 -0.0830069482 -0.384286135 -0.536200464 0.152277499 -0.61199683 0.0163991321 0.165559694 0.162968934 0.118035674 0.478733003 0.694313705 -0.196384996 0.0771376044 -1.16965342 0.0531262159 -0.0184141602 0.0800306201 0.0397618525 0.0390385017 -0.0640121922 -0.116004437 -0.0133559471 -0.192030981 0.247443467 -0.250427425 0.0085229855 0.385061771 0.152097136 0.145355344 0.164919242 0.00142711785 0.400213748 0.16305998 0.148088261 0.0162185226 0.0936417133 -0.0434993096 0.292850256 0.113184147 0.0937161148 0.976041317 0.636053801 0.299468249 -2.37567639 -0.26728943 -0.118192762 0.175446689 -0.0620152801 -0.0289904252 0.191530228 0.0588319413 -0.218011886 -0.058662042 0.0399023406 0.192298517 -0.568068922 -0.667373061 0.683391809 0.229447871 -0.259921849 -0.262614369 -0.145843804 0.131539062 -0.0570945926 1.15476537 0.398570389 0.262112111 -0.607688129 -0.189877123 0.16575779 0.573025227 0.29154858 -0.30384171 -0.658566892 0.135580808 0.0461463109 -0.159346029 -0.384673327 -0.209969103 -0.0555160642 -0.128347471 0.107748143 0.232336581 0.35201323 -1.0468632 0.105961896 0.244886041 0.400862366 -0.260275304 -0.0268411357 -0.517376363 -0.341993541 0.57621181 0.0369469449 -0.477170616 -0.0302397087 -0.00891702715 0.0594510026 -0.21005179 0.01813679 0.0023770316 0.0800468922 0.0139176138 -0.297698498 -0.0506478734 0.0249006823 0.266268879 1.07714665 -0.264922231 0.0375843421 0.0647399947 0.502528191 -0.814523995 0.109065324 -0.0563744232 -1.2226665 -0.267350435 -0.0423338152 -0.0314534605 -0.193782032 0.0484717712 -0.416494846 0.129168645 0.0292624142 -0.64784199 0.116036311 0.00661438843 -0.961588264 -0.152225435 -0.0901027396 0.180500329 0.0796040595 -0.0838043913 -0.00401602127 0.137940168 -0.316287696 0.474887311 0.166456163 0.0639067367 0.204946756 0.0609764196 0.0543629229 0.20066312 0.0924378335 -1.46510363 -0.199878663 -0.146487489 -0.19910185 0.247538015 0.355028868 0.0187023003 -0.804934204 0.0137254726 0.362898648 -0.169482529 0.109268665 0.000643641921 -0.201681986 -0.0301993564 0.219827443 -0.006070334 -0.331651717 0.610304058 -0.384756297 -0.00850587152 0.190347224 0.00779594621 -0.0774800554 0.0896723568 -0.232709125 0.291235536 0.365820378 0.238222808 -0.200532705 -0.18973814 -0.330358744 0.711637795 -0.367127061 0.214876398 0.0931691229 0.0316343792 0.174935102 0.401639998 0.247546554 0.702255666 -0.343773961 0.532593608 -0.228110328 -0.0744142011 -0.230641499 1.31122184 -0.224997282 0.0822054148 0.267330587 -0.105373792 0.147588164 -0.0222053807 0.0690660402 -0.586927235 -0.31382224 0.231009111 0.11991249 0.172123745 -0.00676250225 0.207787246 -0.655933917 0.0692401156 0.0307994876 -0.646775007 -1.03945267 0.0288667995 0.525014043 -0.967916191 -0.64450109 -0.214202076 0.0264383089 0.657025635 0.729128957 0.301462203 0.203480393 -0.280253738 0.0823842064 0.741287172 0.00124157208 -0.269253671 -0.0238466654 0.207623601 -0.0863441303 0.0133322021 -0.965707839 -0.314777404 0.0839787349 1.11400616 -0.240488887 0.0431666858 -0.110207066 0.141232908 0.371241301 0.29240638 0.0209197961 -0.24753508 -0.131287068 -0.0361981653 0.0834406018 0.752761066 0.156845167 -0.109987296 0.263371378 0.165647373 0.10129869 -0.60737139 0.0325163975 0.129818439 1.2819823 -0.115357906 -0.368199229 -0.153886542 -0.106906086 -0.652819633 0.279148489 0.191870466 -0.715704501 0.459394813 -0.132896811 0.0631002784 -0.0222512614 -0.022642374 -0.035841275 0.0490367301 0.0234905202 -0.0674523562 -0.315689325 0.0984144658 -0.0696058646 -0.000612781907 0.00869219378 -0.231169835 0.171440899 0.0211336669 0.0539678223 0.0991083682 0.153249756 1.01387966 -0.828431726 0.15916124 -0.0569658279 0.108851045 -0.0666276887 0.129377916 0.0796660334 0.0404363275 0.100489132 0.0350426994 0.542458892 -0.0555687957 -0.333651543 -0.0237376206 -0.236009777 0.172966227 0.107864231 0.588705719 -2.0183475 0.562873602 0.21458368 -0.32698977 -0.678900421 -0.0244468153 -0.246507064 -0.265732467 -0.187121466 0.0265822541 0.0188082997 -0.0741714984 -0.00490829023 -0.617813468 -0.0742000788 0.604535997 -0.731701314 0.91465956 -1.02332151 0.111850239 0.851121902 0.29123804 -0.096304521 0.23036769 0.145112142 0.232073188 0.0905032381 0.0701577291 -0.0659570992 -0.0365517512 -0.0673682243 -0.18539308 -0.0936720148 0.40568608 0.183844522 -0.715245783 -0.441484392 0.359179288 -0.317745209 0.918314517 -0.116113938 0.0640455633 -0.958855867 -0.115020961 0.107520163 -0.0261529628 -0.0461238511 0.260113567 -0.0262998417 0.197335556 -0.0591224357 -0.0392594226 0.0571283363 0.0465098321 0.127383888 0.0758109912 -0.0275648069 -0.173400521 0.0917007327 0.274248064 0.292452872 0.0458385199 -0.342786938 0.754031718 -0.158447623 -0.0293439999 -1.63483107 0.0930368081 -0.231887326 -0.124030404 -0.0206578262 -0.0320314318 0.0284158587 -0.0205500163 0.017197011 0.123419188 0.284271777 -0.159164205 -0.116044797 -0.54301244 0.135397688 -0.110183686 0.0656667799 -2.07152772 0.542811275 0.297424018 0.153560862 -0.131231099 -0.474302024 0.372330576 -0.520054817 0.0199731551 0.0635416955 0.0652761236 -0.000464686484 0.0538104065 -0.122216672 0.116604932 0.22439757 -1.01718152 -0.425045341 -0.161730498 -0.161101103 0.567041039 1.03899693 -0.029226765 -0.0675266683 -0.0746304765 0.160492778 0.513561845 -0.114890739 -0.0107863899 -0.198650643 -0.027321469 -0.0193843693 -0.0999014974 0.234161228 0.192708984 0.375545561 0.275693625 -0.191388577 -1.37509251 0.0343909413 -1.30432785 -0.218156576 -0.00751549983 -0.0978516787 0.332403868 0.158862188 0.244084939 -1.09150076 0.448585868 0.0768190175 -0.0821987763 -0.151653156 0.256324172 0.00475709978 0.145500571 -0.811253309 -0.0419695154 -0.254024059 0.85261941 -0.184372157 0.146223485 -0.0909537449 0.0742348805 0.237131611 0.158315852 0.491144717 -0.0817118809 0.0558140464 -0.00528372079 0.0836041272 0.0320472047 0.104868695 0.00902947038 0.0150648942 0.0199243482 -0.0251783375 -0.43720147 -0.0434279889 -0.114633471 1.2269237 0.335820764 -0.374477357 -0.232277676 -0.00444276305 0.124843463 -0.0267523769 0.226666063 0.131559879 -0.515422285 0.261472732 0.199930757 0.300328493 0.401685238 0.00741513539 0.592495382 0.139478847 0.0617861152 0.614347696 0.763870776 0.176278993 -0.34330678 -1.08343053 -0.280524373 -0.768637359 0.0376583375 -0.444428444 -0.194596365 0.276964486 0.25105688 0.252884597 0.448330641 1.09312415 -0.534497023 -0.675314665 -0.247310355 -0.079005301 -0.0172800347 0.0824829116 -0.491537988 -0.459822327 0.0209622663 -1.36208844 0.623013675 0.140253171 -0.036991179 0.37389797 0.181277245 0.196821049 0.168830171 -0.044012323 -0.777664721 0.247316167 0.720801651 -0.0848940983 0.0593752936 -0.252507716 0.349256366 -0.238654301 -0.00874873437 0.206171975 0.105967797 0.223259419 -0.478656709 -0.448012978 0.218776673 -0.0378947966 -0.86827141 -0.216701135 -0.016391214 0.17969729 0.0423926972 0.0682159215 0.235039696 0.0532319993 -0.153622285 -0.0957766101 0.153845176 0.09887366 0.178477556 0.274844468 0.13008514 0.137879908 0.434033781 -0.689519465 0.0558192879 -0.0597109795 -0.32588622 -0.131700441 0.955094695 0.653437078 -1.6412425 -0.0867289603 -0.306492984 -0.0485178418 -0.10599336 0.128751993 -0.0216198415 0.0634250641 0.0893458948 0.0310499109 0.0777120292 -0.341993213 -0.278804511 0.109677359 1.51575434 -1.12983048 -0.337839305 0.0816499665 -0.0984274149 0.322137386 0.600662827 0.0948117003 -0.0269865505 -0.484457761 0.527909994 -0.340391099 0.472439468 0.234774128 0.166759327 0.295151204 0.0348700769 0.260564923 0.819797099 0.454448044 0.446488321 -1.37981999 0.0169159286 -0.171843201 -0.432305753 0.117601871 0.352874696 -0.022405481 -0.332475245 0.0978220701 -0.440156519 0.0137220854 0.261230916 0.027312709 0.0584654324 -0.0193083398 0.021369651 -0.00224745111 -0.0131341117 -0.0789283738 0.0252551157 -0.0162730776 -0.0286935102 1.33668101 -0.0162342563 0.0394719094 -0.00989425369 -0.139733732 -0.0523318611 0.0238555614 -0.00169191998 -0.96275717 0.0189296287 -0.0879222527 -0.0178831127 0.0909488499 -0.0169758182 -0.0446160138 -0.0513907298 -0.282098562 -0.438789397 0.176397637 -0.0168310031 0.115672044 -0.103534304 -0.312899977 -1.975335 -0.0949602202 1.06386292 0.142894492 0.499734074 0.0245828833 0.100497589 -0.182092369 0.0354598202 -0.0969915763 -0.0139550557 0.0454387292 -0.0153957671 0.032673534 -0.127232492 -0.0287959035 -0.0163394697 0.216493934 0.0740428939 -0.364446968 -1.00080907 -0.223794743 0.0759137273 0.0733470246 0.926311791 0.740107894 -0.319507837 0.582161307 -0.0587379709 0.193987444 0.0716701373 -0.0319100805 0.0201239195 0.0742858425 -0.0369768515 0.00299540535 0.232696444 -0.0533103906 0.138036788 0.00339797186 -0.131921858 0.053340394 -0.0239650309 0.0249635093 0.722774863 0.0182204321 -0.0715346113 0.11997503 -1.17273462 0.362574428 0.148420304 -0.912476838 -0.448002428 -0.349957317 -0.224730536 0.271256208 -0.067323871 -0.91812253 -0.457398295 -0.338843852 1.0713861 0.658017695 -0.261554927 0.390706122 -0.222266823 -0.49969548 -0.186164916 0.108293615 -0.124338686 0.0992102623 0.342943251 0.0224152394 -0.139203787 0.443106443 -0.355599225 0.777106464 -0.643200517 -0.46901384 0.537842035 -0.93190068 -0.172316074 0.215400591 -0.416281968 0.165204391 0.149583697 -0.00575101515 -0.655057549 0.504869521 0.0141960867 0.0129980426 -0.449600101 0.320800483 -0.132972762 -0.422227293 -0.158912674 0.272820652 0.0707592368 0.310902804 0.217647657 -0.0911330804 0.256373614 0.499618292 0.30703333 -1.0373373 -0.451937586 -0.320651203 0.266043812 -0.300323337 -0.359255075 0.0443828367 0.340746105 -0.996873856 -0.0412090234 0.183020607 0.0155365691 -0.135003626 0.0343390033 0.222090989 0.0276023466 -0.0173757635 -0.909362733 -0.590341091 -0.389591336 1.39991629 0.596203327 0.203107521 -0.199177727 0.0735455975 0.0391927399 0.029251527 0.0168845709 0.00939092506 -0.374752641 0.261765122 0.038411431 0.682165384 -0.102903649 -0.463641882 0.300735503 0.0521706194 0.265923351 0.860045791 0.150892392 0.321368933 -0.595139682 -0.281530499 -0.108750097 0.00876059011 0.162144154 0.0224771202 -0.340580046 -0.0556742474 0.0589314699 -0.227217019 0.140741736 0.403861701 0.0791310966 0.0127267418 0.0303219333 0.0602009408 -0.0674249753 -0.0208476614 0.0560207292 0.135027751 0.0833066031 0.647961915 -0.649789453 -0.165554821 0.582628548 -1.0754801 -0.831224799 -0.156261608 -0.321502954 0.164394379 -0.96513617 -0.0539320223 0.0772224218 0.129975498 -0.013838321 -0.0378724411 0.0329428799 0.0384755917 0.14491418 0.473524183 -0.0426885188 0.00115792442 -0.818756938 -0.0465669706 0.415710628 -0.155601621 -1.135957 -0.0382436067 -0.208443895 0.0167663135 0.0325853601 0.15702197 0.0914818868 0.294579238 0.691595554 -0.107272834 -0.143266425 0.114524677 -0.00682472019 -0.0162235759 0.228286341 0.209720552 -0.220757946 0.123934366 -0.158933058 0.289359421 -0.127423301 -0.0890346169 0.864259839 -0.0910963491 0.0930968449 -0.0896586329 -0.902303278 -0.464094728 -0.304723442 0.306216121 0.243503839 -0.110367648 -0.225189313 0.0726224333 0.0602054149 -0.54946965 -0.587082624 -0.0782363117 1.35030687 -0.276228637 -0.173970982 0.0212468412 0.391827613 -0.0992748514 -0.1193344 -0.0182721317 0.475119263 0.42716223 -0.668982923 0.257195622 -0.185196027 -0.377518713 -0.0405713245 -0.642783165 0.0219946112 -0.172297761 1.09841549 0.23955439 -0.216058806 -0.229675561 -0.668005049 0.721781433 0.77522397 0.247882992 0.347751558 0.199696928 0.235606968 -0.855080724 -0.328981012 -0.145641118 -0.667454123 0.394340575 0.224571139 0.070653595 0.160954803 0.159493968 0.197234198 -0.0619226992 0.401230842 0.321615845 0.170110628 -0.908489466 -0.0626239553 0.0291182343 -0.171859637 -0.944444954 -0.305470765 -0.57332319 -0.475100517 0.193087175 -0.0443355069 0.164332807 0.00384200527 0.0548545048 0.0660496578 -0.0412245877 0.0522737354 0.00127104006 -0.0409915783 0.10138157 -0.024063386 -0.0472385772 -0.00171973731 1.03102183 0.0450632013 -0.0280460715 0.0935024694 -0.210312784 -0.0411567986 -0.105252594 -1.68228292 0.157281369 0.593482554 -0.10613545 0.307796478 0.230584636 -0.360493511 0.0792621523 0.180988178 -1.78965473 -0.297772437 0.237281591 0.387928009 -0.218209803 0.473484099 0.230593666 -0.0199295375 0.515231311 0.21820949 -0.0693633631 0.106141396 -0.493952304 -1.74420249 -0.221822113 -0.114923939 -0.140439391 0.253042638 0.406454086 0.142310113 0.122820817 0.382913291 0.00856428593 0.115952782 0.465718716 -0.0665123016 -0.117633298 0.24291189 -0.514320195 -0.160631925 0.207372025 0.0503206588 -0.0845169052 -0.0215004701 0.321700305 0.310465872 0.0935725644 0.109873019 -0.0631206259 0.302037895 0.0634200349 -0.0249990802 -1.47368348 -0.624673188 0.140457988 0.373051107 -0.358642399 0.466660887 -0.410579443 -0.264956981 0.705007136 -0.293277442 -0.197210029 0.129055098 -0.696610808 0.0569127873 0.215765491 -0.842437685 -0.0599339195 -0.169127598 -0.16294001 0.0875441805 -0.0927254111 1.228495 -0.350924104 -0.162717849 -0.115256436 0.344966233 -0.710404932 0.13950555 -0.229529768 -0.191010326 0.477571338 0.459694386 -0.230399296 -0.881055892 0.318664193 -0.0620052516 0.236516476 -0.11856436 -0.266289979 0.290578663 0.0153475152 0.0538616255 -1.25224817 -0.0703862756 0.05076015 0.895843387 -0.312098205 0.34956634 -0.604074121 -0.283189744 0.141747668 -0.185239255 0.153057829 -0.484745145 0.25391227 -0.645615339 -0.140121847 -0.0649952665 -0.255283564 -0.11750827 0.0497226231 -0.114421517 -0.19375518 0.0436851308 -0.504317701 0.152772352 -0.669176936 0.40363726 -0.183418453 0.0776583925 -0.0447348766 -0.160486341 0.346026659 -0.198761299 -0.179559216 0.598132014 -0.0323334672 -0.0183373895 0.0875508189 0.0973054096 0.00939117372 -1.40372467 -0.0196810272 0.0123079866 -0.0634978786 -0.175029844 -0.0302742273 0.0309077948 -0.741949201 -0.166520566 0.0927164555 -0.0110246893 0.255797446 0.328980297 0.0286010262 0.0124964165 -0.13106443 -0.00418698788 -0.334800929 0.0262235515 0.199547499 0.0444923602 -0.00782848429 0.0571426973 0.023372069 -0.899870872 -0.739394963 -0.0662917495 0.792211235 -0.354623556 0.0140179135 0.142165676 0.038213972 -0.658078372 -0.343967438 -0.138152882 0.321493417 0.614728808 0.152935088 0.288454145 0.610096753 0.443105012 -0.00542677753 -0.255806029 -0.0192277115 -0.049511414 0.238311708 0.577811062 -0.159602597 -0.0758099332 0.167575896 0.319985896 0.206269965 -0.141394377 -0.296082854 0.626297057 -0.79309988 -0.189682692 -0.544118464
