tensor_linearrelustack9weight 128
0.28320244 0.307487518 0.138343647 -0.142943487 1.14383852 0.54472214 -0.776439607 0.116952628 0.0623953119 -0.852971017 -0.291326135 -0.640484989 0.0978476554 1.05777216 -0.941374183 0.606355608 -0.682161272 -0.221463025 -0.233138487 -0.106078632 0.0657410622 -1.32841015 0.552797019 0.1791192 -0.0961651504 0.0998092815 0.0959562585 -0.929441392 -1.40511763 0.13412571 0.170655847 0.235275134 -0.71059829 -0.898694813 0.136203289 -1.27138925 -0.53209275 -0.41839388 -0.177946061 0.557573557 0.3878465 -0.181749448 -0.449949205 1.43127632 1.75296319 0.302933007 0.452115238 -0.14427045 -0.188871518 0.136785731 -0.31531015 -0.594344079 -0.252747685 0.0735382587 0.188847616 0.0905667096 -0.114576824 0.960719347 -0.216547251 0.127964467 0.164521158 -0.479624391 0.174883306 -0.29662177 -0.0795903131 0.956769586 -0.115672871 -0.509441912 -0.0825483203 0.103049308 -0.365464032 0.748418033 0.10080196 -0.101339348 0.126070619 -0.24398315 -0.751281321 -0.109902419 -1.49285519 0.957060516 -0.254998386 0.847303033 -0.4439044 -0.604844153 -0.112119503 1.41872084 0.13248314 -0.165738583 -0.367362887 0.403996468 1.0090394 0.238499776 -0.187531561 0.204492167 0.731808841 -0.102043055 0.114805743 0.105277449 2.16985893 -0.115125999 -0.086416252 -0.385694712 -0.172244504 -0.102520622 -0.957388043 -0.0793388486 -0.494352788 -0.285706073 -0.15498963 0.136874124 0.323110849 0.285390079 0.145679548 -0.10412275 0.143221736 0.221993729 0.133745044 -0.0922476724 0.220672458 0.154667541 -0.235284016 0.0952051207 1.00915802 -0.622414768 0.112456225 -0.317956299 0.127399892 -0.617642403
tensor_linearrelustack6weight 1024
-0.101341814 0.153464824 0.0387031846 -0.0564192161 -0.295812964 0.0189714525 0.483401656 0.406679243 0.374689281 -0.203261182 -0.223624185 0.645833194 -0.0560936593 0.00831796508 -0.133437485 -0.153004423 -0.087088868 0.142458171 0.582796037 0.182830974 -0.267071843 -0.265714794 0.126742184 0.0725808442 0.597274125 0.396710098 -0.366249084 -0.00553939352 -0.144141659 0.433539569 0.185072184 0.148059338 0.112960912 0.542832077 -1.6895355 0.50700295 -0.381558418 0.02555985 -0.194808826 -0.541496456 0.49780485 0.184416831 -0.424990803 0.371099055 0.27537328 0.0194566865 -0.32093513 -0.235239416 -0.490512073 0.631049693 0.00170387945 0.058243297 0.652771771 0.192586496 0.226552561 -0.109791979 -0.111927666 0.0968270004 0.130200028 0.0281754956 -0.362501025 -0.318510979 -0.220588923 0.114682958 -0.175141349 -0.019519439 0.216485441 0.0450058728 -0.127504036 -0.260591328 0.306354135 -0.163880736 0.106985733 0.891275585 -0.146828234 0.440258831 -0.163164169 0.254950613 -0.228972301 -0.916663647 -0.0541250817 0.39671576 -0.37971881 -0.334898025 0.623735547 0.217626974 -0.249740854 0.100061789 -0.388279766 -0.000427043764 -2.68786502 -0.601749182 -0.47126475 0.546914876 -0.202032536 0.157919481 -0.137293085 -0.743342698 0.391346306 0.331883162 -0.199553639 0.204968333 0.0268739127 0.0717872009 -0.180397883 -0.186757118 -0.198674053 0.817562044 -0.167359784 -0.316879004 -0.335157484 0.232559666 -0.23361358 0.702489793 -0.464930385 0.391638309 -0.112158105 -0.414694697 -0.172913611 0.40327099 0.268028647 0.926865041 -0.385190248 -0.19454062 -0.254199743 0.395679981 -0.0192055739 -1.85940266 0.408459693 0.0145933749 -0.061140161 -0.0565961599 -0.538703382 0.175498709 -0.0211677253 0.631667435 0.109326199 -0.100203663 -0.511045933 0.13243942 0.40771544 0.335534632 0.0256819054 -0.345726997 -0.343001992 -0.00710901711 -0.563313186 0.272371739 0.316637248 0.304308712 0.142001763 0.330171049 0.10887789 0.613964796 0.314684927 -0.213715747 0.243909314 -0.697167635 -0.0352241248 0.121371761 -0.584275782 -0.736414731 -0.075999558 0.458355218 -0.322072119 0.151241809 0.162041903 0.230576351 0.293044567 -0.266201377 0.20129925 0.00593147194 -0.485018671 -0.245599791 -0.055554539 0.635563374 -0.0730825588 -0.013531534 -0.291736394 0.00965371169 0.00898815505 -0.0291681811 0.610452354 -0.0666040778 -0.137105301 -0.454859078 0.202138364 -0.140330896 -0.471120805 0.205676407 0.462975711 0.417112917 0.166567162 0.353910059 0.0869814828 -0.597608507 0.452989817 0.139606878 -0.289045751 0.328928769 -0.513622463 0.0942531526 0.432737857 -0.0656234995 -0.179272458 -0.378460646 0.0230315272 0.109813817 0.131169572 0.103127517 0.121479116 0.404507756 -0.498423159 -0.180895224 0.264592975 0.137309909 -0.709490776 0.0171263646 -0.15396294 0.18748948 1.04889119 0.428020447 -0.0473103151 -0.498116881 -0.209784284 -0.0999466255 -0.446886897 0.486525029 0.208846107 0.0630092397 0.293735862 0.31109488 -0.347640425 0.101665094 0.430469573 0.422250479 0.13783367 0.0911407098 0.026153788 -0.215407729 -0.466250896 -0.939330757 0.385158807 -0.0289567988 -0.308649808 -0.247019872 -0.0486986525 0.332788795 -0.116043657 -0.218134135 -0.0645046979 0.308764726 -0.44705832 -0.0617076084 0.0435344726 0.494837999 -0.00823130924 -0.184399202 0.533036053 -0.135278419 -0.236080855 -1.45858479 0.0412471816 0.323155224 -1.6678493 -0.14974755 -2.71081877 -3.67379189 -0.822144508 -0.00590043422 -0.616751373 0.0719616041 -0.650987148 -0.120353565 -0.0228599124 0.0622150861 0.194934338 -0.0409419984 0.259553552 -0.18377313 0.289898813 -0.211242154 0.312747627 0.0021363725 -0.661148787 -0.237371966 0.0749347582 0.677077293 -1.25218892 -0.108434118 -1.34826756 -2.65527582 -0.447099537 0.0287362076 -0.513551235 0.0506534949 -0.411529571 0.0280832425 0.131375089 0.149495766 0.235473856 -0.360795468 -0.118393473 0.59574151 0.207334578 -0.370219529 0.309720635 -0.21184893 0.574153841 0.116418242 -0.0671390817 -0.0196673572 -0.431228071 0.352283239 -0.058808893 0.644522429 0.00467345212 0.146080613 -0.34841463 -0.418806016 -0.0941002071 -0.414817452 -0.367357522 0.36402005 -0.164899647 0.00886668544 0.443775803 0.488045424 -0.129477888 0.591864169 -0.0804711208 -0.159344703 0.359244674 0.454926163 -0.0650373772 -0.0141215483 -0.132130325 0.923407495 0.398489803 -0.176327139 -0.0490588136 -0.437909871 0.0452161469 0.181850806 0.70391804 -0.0247045346 -0.221796334 0.0630770251 -0.35143289 0.40708068 -0.452908218 -0.186164379 -0.182082936 0.382230163 0.846225262 -1.25833714 -0.408852547 -0.0117911687 -0.513850331 -0.0377363078 0.0183766559 0.0129589243 0.430872023 0.287800699 -0.139482364 -0.214286089 0.022512082 0.0585384406 0.023153685 0.132484853 -0.190954253 -0.736417115 0.270365268 0.0858159065 0.640281916 -0.274106562 0.175869972 -0.500908256 0.180374533 0.0216258671 0.628784657 0.224760711 -0.17365852 0.0318034366 -0.268470436 0.182610139 -0.340442181 0.170812458 0.173717409 -0.119935319 -0.367596149 0.378253996 0.256654114 -0.0152159492 -0.0867928043 0.531167507 -0.142827153 0.0850322172 0.336718202 -0.142099336 -0.0508593433 0.328470379 0.374021471 -0.146274 0.361373484 -0.21591562 0.165152445 0.225843355 -0.497695684 0.085636504 -0.198231578 -0.0713024139 -0.743508101 0.770386219 0.440138429 -0.223006949 0.495682657 -0.197838426 -0.149054915 0.046041701 0.24544248 0.688181221 0.0796683282 -0.0253925137 -0.0246898849 0.141670674 0.197499916 0.243451416 -0.463031858 -0.32860288 0.307014793 0.0612364747 -0.406781137 -0.571178913 0.0330126695 0.356733412 -0.259349793 0.216272831 0.0343825594 0.228908733 -0.568402648 0.0600109734 0.455957234 0.288333446 0.0269287806 -0.214361072 0.0197531451 -0.0166648123 0.369234234 0.337091953 -0.310131073 0.0117197214 0.0718246177 0.276451826 -0.146493509 -0.00151631946 -0.230688259 -0.0878372639 -0.506888926 0.705971241 -0.131611422 -0.188381225 0.0633951947 0.342045248 -0.142046839 0.434457272 0.150177598 -0.522940695 -0.00833269767 0.225739136 0.182888076 -0.460657597 -0.406264812 -0.267101079 -0.119590871 0.178509936 -0.197898358 0.270576864 0.585102141 -0.0182591211 -0.241141096 0.14883934 0.268582135 0.0408822335 -0.0612836145 -0.0431848057 0.335657626 0.0474764407 0.0795152634 -0.231661141 -0.289317459 0.188090637 0.62383455 0.682678044 0.095377259 -0.155207008 -0.777987003 0.0672551617 0.0883911774 -0.177370489 0.0185426455 -0.386544526 0.0461065918 -0.0423928499 -0.117378078 0.175141662 0.260331213 -0.033236485 0.45742023 -0.204204172 0.0541992746 0.115205824 0.183576003 0.0604242794 -0.174937874 -0.117082387 0.216774687 -0.190104589 -0.136065006 0.217356145 -0.524725437 0.0793642849 -0.673515916 -2.83393049 -0.41655913 0.57613498 0.121218964 -2.22766447 0.547193527 0.057056509 -0.0642245859 -0.124887474 -0.110315509 0.181201711 -0.298836052 0.133553833 0.238403171 0.549803436 -0.0466379188 -0.634180367 -0.637761354 0.00650940416 -0.29573217 0.303708166 0.329706281 0.245041817 -1.26023288e-05 -0.143024623 0.0381477736 0.0119755827 -0.29837665 0.0578595847 -0.146716446 -0.0185057558 0.244417176 0.491870672 -0.183333457 -0.134463444 0.248989254 0.141378656 -0.0075336881 0.0527547412 -0.449561 0.15436466 0.338361531 0.173776507 -0.00336954766 -0.379413575 0.14159742 -0.24226287 0.389525443 0.304290861 -0.103596665 -0.178138778 -1.71724343 0.00134583726 0.0657200217 0.0140618775 -0.00691245683 -0.0248652902 -0.246886119 -0.125960484 0.413129628 -0.0317009017 0.0560744666 0.106720597 0.0250818357 -0.268271416 0.289048612 0.00429608813 -0.159930408 0.0677735656 -0.350353867 -0.800011098 -0.183253676 -0.260508478 -0.389089376 0.204958528 0.50903815 0.348080009 0.105142489 0.573111296 -0.357420832 -0.329887986 0.0054547647 -0.139046922 -0.0106210858 0.0826855898 0.108660012 1.35015094 -0.143913105 -0.12176916 -0.122757822 -0.236733913 -0.13881883 -1.07615793 -0.0165336002 0.200248301 -0.0702435374 -0.108115159 0.416185498 0.346886396 -0.222048104 0.329708248 -2.41686058 -0.261275589 -2.17655182 -3.00777864 -0.737124026 -0.296851546 -1.91633832 0.00577209191 0.476502568 -0.0477889441 -0.558060527 -0.802631915 0.217091441 0.256027848 -0.194945872 -0.377254635 0.537006676 -0.0680174455 -0.107419237 0.0369548798 0.281883061 0.613535643 0.0871203318 -0.153248474 0.0128368326 0.000752863532 0.15280579 -0.833320677 0.244745255 0.130218327 0.417009562 -0.238628894 -0.508745372 0.28508985 -0.231004894 -0.17371279 0.531482756 -1.1959815 -0.081886515 0.0605633557 -0.295085281 0.210971624 -0.410540342 0.143599033 0.598788857 0.141492933 0.0134401685 -0.552151144 0.0955657735 0.264669925 -0.340694934 -0.0312731862 0.232979149 0.176613107 0.0568989255 0.0487260669 -0.216446534 0.360272944 -0.0468527563 -0.541343153 -0.130091041 -0.557373166 0.635074258 0.257422626 0.0544204116 0.077619344 0.418857157 0.226283625 -0.406445533 0.0984951705 0.117808841 0.0583364628 0.411492169 0.11150638 -0.451015919 0.0604539625 0.0950661972 0.421665132 0.135060698 -0.0326966345 -0.485599637 0.621567667 -0.279140323 -0.0702484027 -1.64685452 0.257555008 0.250209689 0.158424422 0.268020391 0.0978720784 -0.044480931 -0.669106066 -0.0356040895 0.155971274 0.615979612 0.0482207723 -0.600285411 -0.134845704 -0.576373637 0.746146619 0.0858726427 -0.146288946 -0.0650387704 0.370449483 -0.512269497 0.229918405 0.461622983 0.176665619 0.161461025 -0.131342605 -0.317543924 -0.196619838 0.0522852093 0.109647468 0.257605374 -0.00477362284 0.335256577 -0.488520503 0.0948296264 0.243926734 -0.572969496 0.071615085 0.0587135814 -0.0206324086 0.274185866 0.127925143 0.475220561 -0.0128906146 0.25073877 -0.146676093 -1.02523828 0.696939826 0.164811373 0.0570363998 -0.40230152 0.157639638 0.374862015 0.296067476 -0.0798672885 -0.0961185396 -0.0601818934 -0.0874033868 -0.250614345 0.00820853747 -0.482433289 0.0653891936 0.4111889 0.323520869 0.134718925 -0.0611452609 0.108761311 -0.0918694362 0.0986684635 -0.286643833 0.195828944 0.4470281 -0.241434649 0.104433306 0.287814021 0.0457022153 -0.554026425 0.408586264 -1.6459657 -0.0716912448 0.91469568 -0.23926647 0.0914139375 -0.405533463 0.184352443 -0.0260442775 0.019299889 0.0589037798 0.316055477 0.611979604 -0.0209920239 0.37464568 0.0778012425 0.544617772 -0.236033946 -0.286740094 -0.0525475591 0.00789201353 -0.285639942 0.414318919 -0.0901696309 -0.202789485 -0.219797894 -0.116472289 -0.0283705965 0.336986452 -0.250241727 0.711860478 0.357685208 0.212929145 -0.0710393414 -0.125044465 -0.0058778543 -0.193834901 -0.320973843 -0.165627003 0.0588940196 0.376437306 -0.33278957 -0.289004207 0.224071681 -0.255797416 -0.0356453843 0.229642883 -0.00765067386 1.04408073 -0.11730428 0.00632302696 -1.01192319 -0.981393218 -0.0888509825 0.355244458 -0.160109833 0.405943304 0.185224414 -0.253375053 0.252321154 0.160011202 -0.226004004 0.0243356079 0.0478586517 -1.17260528 0.0893792734 0.0196301732 0.288498342 0.539647818 -0.117797181 0.512408137 -0.136545286 0.524544179 0.117005132 -0.199429885 0.106076136 -1.49288368 -0.249760747 0.0422127545 0.0245480351 0.441759795 -0.319313407 0.242563814 -0.100056671 -0.0191853885 -0.280471802 0.311731309 -0.62132591 0.0448618196 0.208343983 -0.0484542735 0.160604984 -0.255329996 0.141993597 0.0240220167 -1.9952904 -0.120843031 0.316570014 0.0169744026 -1.66517687 0.140662804 -0.141284123 -0.0619845577 0.204997256 0.260689557 -0.272400767 -0.0394379832 0.425496221 -0.0729308128 0.549067259 -0.330001444 -0.270996302 -0.290343404 -0.100658409 0.437900484 -0.300930679 0.127911091 0.357402116 0.287145317 0.0295697916 0.270750254 -0.390427202 -0.116970152 0.248058185 0.0863055289 0.0352053232 -0.0496588275 0.0382458009 -0.493894577 0.0607538782 0.102953024 -0.149963036 0.0838260949 0.465108842 -0.204228982 0.269012302 -0.0492874794 -0.328917295 0.6948632 0.0149924504 -0.272711784 0.152325928 -0.0297570247 -0.00593485823 0.201036289 0.370799065 0.385631859 -0.296941966 -0.202496454 0.00813473668 0.0616683997 0.439527243 0.326111257 -0.37609154 -0.191368848 0.0850336775 0.15697512 -0.260347843 -0.214124873 -0.0278429519 -0.0390649661 -0.334062219 0.25031063 -0.29458198 -0.105344571 0.470819116 0.081518963 0.0902162492 -0.0655448288 0.26252237 0.400619745 -0.262527317 -0.0519184582 -0.0160783343 0.0613403544 0.0135984914 0.109888487 -0.258442491 -0.0770122707 -0.326826721 0.065702498 -0.358626693 0.684762239 0.0969536379 0.0816255286 0.333235204 0.199207932 -0.531332016 -0.158856794 0.249969184 0.108275838 0.383713692 0.162005514 -0.254689842 0.780328691 -0.0471188687 -0.352246076 -2.29882884 -0.00661170669 -0.482743949 0.0206042789 -0.0156333465 0.0243749935 0.746577382 0.365966558 -0.0673229918 -0.249344304 0.119659767 0.106537223 0.0394785888 0.42716065 -0.399752498 -0.16445145 0.240198791 0.0879606009 0.149211571 -0.295436531 0.438450068 0.0237019211 0.300014198 -0.812226057 -0.0129561741 0.315349668 -0.781897783 0.147130042 0.188668042 -0.113065951 -0.0754736215 -0.362182528 -0.091590412 0.0830710679 -0.785966873 -0.526472151 -0.48732096 -0.0523282625 -3.56501412 -0.0357880443 0.325427949 0.143140018
tensor_linearrelustack3bias 8
-0.079196319 0.186715424 0.266160101 0.240896463 0.367335379 0.0771289244 0.314867079 0.432727814
tensor_linearrelustack3weight 1024
-0.398373932 0.187145308 0.0875480175 -0.121230923 0.0846669301 -0.191564187 -0.0375079997 0.113082737 -0.147839114 -0.120599084 0.159913644 0.231904715 0.0187629797 0.166075885 0.0213643089 -0.0121671194 0.141327024 0.245049149 -0.0157055892 0.196156219 0.150220856 0.53210789 0.361302584 0.307661891 -0.121243142 0.0349253118 0.14731662 -0.372513622 0.0275030509 -0.205025196 -0.0676612407 0.138376281 0.0992112532 -0.0804382861 0.0113842869 0.11806608 0.0344028659 0.361637563 0.216473982 0.583897829 0.141818404 -0.121280953 -0.230625629 -0.421650141 0.0626278669 0.196484417 0.129913881 -0.414186448 -0.18520838 0.0738641322 -0.419618934 -0.0632752851 -0.229170978 -0.17645292 1.36124599 -0.0313402861 0.00107735442 0.0842683613 0.147900775 0.00345374038 -0.13305451 -0.0491093397 0.25354895 0.303371221 -0.0532140806 0.130222172 0.147599116 -0.152632833 0.00509686582 0.000104960549 -0.266399026 -0.313460261 -0.115896963 0.102660231 -0.0146362707 -0.190020144 0.130913079 -0.26557076 -0.0698064342 0.186139882 0.0307743829 -0.161926165 0.150273919 -0.205200404 0.103970803 -0.0509702861 -0.296710312 -0.0573992133 0.0563223884 -0.0292861387 0.0140443286 0.00733243953 -0.121795587 0.0805088207 -0.363391995 -0.224484339 -0.336205184 -0.477720082 0.063844651 0.11783313 0.241304025 -0.111786522 -0.0955785215 -0.12778227 0.0531914234 -0.335344046 0.37050873 -0.180628642 -0.0676746741 0.0896622986 -0.0747060478 0.106906101 -0.0717407539 0.225463897 0.320655406 0.236851811 -0.293689966 -1.09689903 -0.27579546 0.0271948911 -0.0291322805 0.176679626 0.320815474 0.00173807004 -0.269090831 0.172292888 0.173723191 -0.0426739231 -0.0578901879 -0.0354891233 -0.154211268 -0.0566521622 -0.0335255116 -0.0805609822 0.143874347 0.689284325 0.0583287627 0.0544960499 -0.133321449 -0.11308711 0.141065553 -0.0452981442 -0.557436883 -0.684286475 -0.0528177135 -0.272647291 0.126207322 -0.103147551 -0.0451337397 0.404755235 0.42209807 -0.0513877086 -0.113686934 -0.125852168 0.028242711 0.0749978274 -0.112725981 0.317826957 -0.0526208207 -0.56677258 -0.00613188837 -0.123876832 -0.0375074856 0.0496942662 0.131692231 -0.0101194419 0.197799578 0.117178097 -0.144282684 -0.399245799 0.002743277 0.365506828 0.0424001552 -0.131253645 0.11469391 -0.4306629 -0.0361614153 -0.40572837 0.476040006 0.0413115025 -0.0339606442 0.268384695 0.39812994 -0.00150058395 -0.308457911 -0.0465888456 -0.0558041818 -0.0569376871 0.234666377 -0.400993258 -0.115642719 0.180665389 0.152183712 0.113324605 0.0196476243 -0.161230356 0.0455887541 0.182430953 -0.0745559856 -0.0663655549 0.12604256 0.0915774778 0.392616332 -0.092918545 0.526183128 0.112928487 0.0871194974 0.0464252271 -0.256185561 0.06865298 0.0825101361 0.193766758 -0.107904285 0.31329605 -0.24633655 0.0271262899 -0.0765334442 -0.131521374 -0.325008482 0.0755407214 0.112610005 0.0816526338 0.262438118 0.263602197 -0.431154042 -0.391482383 -0.120330237 0.059094619 -0.210148141 -0.144521967 -0.277254552 -0.264921665 -0.0604558364 0.160006478 -0.364515305 0.391972542 -0.295965612 0.0104538025 0.512908995 -0.151803061 -0.182929844 -0.0411768705 -0.0217798427 -0.698139787 0.205614328 0.8230111 0.0135146324 -0.141967654 -0.19609113 0.0200450625 -0.165702447 -0.2010701 0.162061438 -0.192649931 0.598813117 0.0143438298 0.0911171064 0.464722008 -0.264674753 0.1859961 0.263488293 -0.0928264558 -0.234532088 -0.37520209 -0.480396241 0.236199141 0.00372791942 0.0803558677 -0.266101688 0.088340655 0.0727001131 -0.252406597 0.0387667678 -0.0961810872 0.088708587 0.0696801469 0.0947240293 -0.647992373 -0.0196768995 0.0747710392 -0.118066266 -0.124831513 0.219135046 0.153461829 -0.249945164 0.0817097872 0.19736962 -0.212428138 0.000179324881 0.109293111 0.167433575 -0.362039536 -0.17437008 0.0366463959 0.158242196 -0.207462221 0.0444565378 -0.0125962775 0.109425195 -0.165572077 0.238818407 0.24057138 0.00543949008 -0.325299144 0.430008382 -0.308309019 -0.85027349 0.194781706 0.284447402 -0.591433644 -1.58058155 0.0722588524 -0.592256308 -0.0286535919 0.0862011388 0.132897973 -1.33134305 -0.082829535 -0.0402451716 0.0538715236 -0.149101838 -0.0351307951 0.206470728 -0.138984814 0.127247736 0.0997020304 0.127040431 -0.22977826 -0.879298866 0.111730732 -1.54767931 0.0552924983 -0.282415152 0.0211954396 -0.230590478 -0.0892885402 0.262755841 -0.057972718 0.112494282 0.36363098 0.226485565 -0.360633373 -0.00569543289 0.17490463 -0.48661381 -0.182506219 0.0145305935 0.171250999 -0.527515948 -0.0759150311 0.37689504 0.29466337 -0.00765378028 -0.125437424 0.0989401937 0.0888116956 -0.480433315 -1.2752198 0.163766384 -0.106088579 0.211342856 -0.232703 -1.1204567 0.0785651579 -0.327681869 -0.286963612 -0.297509253 0.154389694 -0.190119982 0.110128641 -0.0109358598 -0.032123711 -0.116498239 -1.01123714 0.402581692 -0.119556725 0.0472234376 -0.232832506 0.0557708144 0.0673350319 -0.109468251 -0.20989427 -0.580046952 0.140904903 0.0640796572 -0.0123410961 -0.484082222 -0.0753959492 0.122403346 0.0231585745 -0.0521477573 -0.0626619086 -0.0810990483 0.250651687 -0.134559989 -0.0421399139 -0.189436615 0.158294261 0.359642833 -0.0973096192 -0.0199465416 0.13260904 -0.0227675904 -0.0670631602 -0.0154598411 -0.872406125 0.0134534556 0.0870338082 0.0792148337 -0.15696466 0.0889166817 0.0740547925 -0.174847379 -0.113384597 0.119486734 -0.201922446 0.0393519364 0.0774371475 0.0578322448 -0.118413419 -0.158196777 0.111819476 0.131828934 -0.420861006 0.059293285 -0.0153494067 0.0801461115 -0.298547715 0.119739398 0.189561278 0.0397263132 -0.306759804 0.167994365 -0.170389235 -1.13215339 -0.0446568429 -0.00439921208 -0.522389472 -1.38381004 -0.0302197486 -0.586778164 0.0585332289 0.113849081 0.0386978835 -0.850409865 -0.170573875 -0.157755494 0.162990317 0.183008075 0.0181280356 0.129446357 0.142827198 0.0250951182 0.0755087733 0.105249435 -0.0524641052 -0.675440073 0.0132297846 -1.07973206 0.0772122592 -0.0223199371 0.076341033 -0.0804976672 -0.145494804 0.119343914 0.00550322561 0.0593609102 0.264977783 0.180746108 -0.148052111 0.0779426098 0.188828573 -0.828350365 -0.0362421349 -0.0370293707 0.212424144 -0.435778886 0.0191715397 0.29729715 0.0458197854 -0.692723572 -0.0685937777 0.120238014 0.0856574103 -0.0659353435 -1.2011863 0.0445191935 -0.00241245562 0.0573247559 -0.327096432 -0.500522912 0.101594716 -0.268167704 -0.351290673 -0.406307966 0.148066655 -0.136482522 0.0503835902 0.0541727841 -0.269313723 -0.014617282 -1.15337253 0.046572011 0.0382240117 0.00891704764 0.0709902495 0.0576967411 0.198128909 -0.0364486985 -0.0281909518 -0.434942633 0.118721709 -0.0301758647 0.316716075 0.0442942753 0.181126907 -0.042344436 -0.363048851 -0.125843659 -0.090535 -0.202421963 0.0447778925 0.0776848868 0.437552631 0.202288225 0.0371577665 -0.0190285407 0.033940956 0.148401201 -0.172672182 0.143964529 0.0749042705 0.081687957 0.141411319 0.18682684 -0.0884088948 -0.376253575 0.0698094666 0.10509643 -0.195533738 0.0115711726 0.223656535 -0.0867090747 0.1035695 -0.103244245 -0.1596708 -0.118018918 0.00400508242 -0.0149956709 0.129115611 0.01867087 0.412290633 0.123631604 -0.0132083856 -0.325201273 0.16527243 0.0890622139 0.0855130404 -0.017426474 -0.58035934 -0.112644464 -0.0657159984 -0.167338207 0.218140036 -0.0748238042 0.956289411 0.320183277 0.243178248 0.00547258882 0.00223939796 0.21067363 -0.115527168 -0.176304355 -0.112823091 0.0505363718 0.163285747 -1.28842437 0.118340716 0.0803229734 -0.345783621 0.1370617 0.0686286539 -0.236435518 -0.433420599 -0.326599151 0.145993143 0.0980790108 -0.223401994 0.0369306132 -0.3284522 -0.399277508 0.343392432 0.0577363148 -0.20451197 0.11263556 -0.0248511899 -0.0497950464 -0.0653233677 -0.289668828 -0.0997802988 0.0258070417 0.0742099732 -0.102723211 -0.178770795 -0.230175167 0.085036613 -0.444490314 0.0666241497 1.26509762 -0.167895496 -0.205928668 0.110680938 -0.194129631 -0.0529152155 -0.0149023533 -0.265978277 0.0921167806 -0.618273139 0.397044629 -0.151001483 -0.227590114 -0.010716537 0.419889987 0.0214987118 -0.0622139536 0.175141677 0.349239349 -0.224177837 -0.346859813 0.265364915 -0.444130361 -0.141465873 -0.120551944 0.0301835872 0.12586996 0.25635463 -0.0562154576 -0.58204776 0.504907608 -0.17397736 0.516640961 -0.652963042 1.22547209 -0.204108983 -0.0234165043 -0.148555592 0.274655372 0.0252950415 -0.0153197823 -0.0867767185 0.030989904 -0.441779345 -0.100041419 0.0190092642 -0.129876912 -0.0907879472 -0.00825917255 -0.0244979262 -0.159848571 -0.184464261 -0.457372844 -0.0135026574 0.0722535998 0.0484427139 0.166828543 0.17716971 -0.011270605 0.0847815201 0.251873285 0.0999555513 0.0765170082 -0.0331775025 0.153741121 -0.136096478 0.0327882133 0.0158619732 -0.140332609 0.125567213 0.147177592 -0.163415626 0.00349630672 0.0666727349 0.0820041448 0.269679129 -0.113084592 0.0256071948 -0.161565974 0.54418689 -0.400959462 0.0337927788 -0.087596193 0.255477488 -0.0846959352 -0.0736150816 1.41085124 0.0247702524 -0.182623416 -0.0173381213 -0.0466013961 0.207869485 0.0205716584 -0.100620113 -0.321148753 -0.393671423 -0.377788514 -0.224709645 -0.195342362 0.057119865 -0.203683868 0.104334541 0.210709497 0.29379347 -0.124827065 -0.486048073 -0.128076494 0.160857886 -0.0027113047 0.114331566 0.354050249 -0.123118572 0.0370801389 0.21718432 -0.325518399 0.195901483 -0.0712082088 -0.00238152687 0.165939793 -0.000204022508 0.00759965321 0.0122203389 0.109047137 0.0862400085 0.408945471 -0.284763038 -0.00372585095 0.081846267 -0.568055689 0.143964723 0.159958869 -0.233908311 0.15000838 0.131011128 -0.0988481492 0.0602374747 0.209035739 0.238283008 -0.552470863 0.0693268552 0.177865967 0.201539502 0.289242029 0.0904137045 -0.129211828 -0.0230546985 0.0980385318 -0.358803093 -0.0536293201 -0.00260132202 0.0732110292 -0.0903243944 -0.116248868 -0.0551396534 -0.0826312676 0.103797711 0.288751215 0.407654554 -0.190324306 0.185705513 -0.145382404 0.0800172836 -0.182474211 -0.0525349043 0.201651201 0.206309974 0.0443494059 0.161657348 0.385189056 0.0999920517 -0.376164109 0.039809145 -0.0635890812 0.186410725 0.0827172846 -0.256648093 -0.537715435 0.158930942 0.0951756462 0.0628219098 0.0193046201 0.00632978836 0.250955611 0.0567247383 0.21800223 -0.133569688 -0.0984138697 -0.100814879 -0.235842928 -0.208117172 -0.111306451 -0.151277453 -0.59781158 -0.127204925 0.127376035 0.199591398 -0.415287644 0.145502418 0.0405419804 -0.139076412 0.0953845233 0.0740912929 0.101706848 -0.0504897088 -0.123697169 -0.0417260751 0.0590169095 -0.0212861281 0.0292319506 0.12949124 -0.647908807 -0.0869993418 0.0403328538 -1.13443935 -0.932331443 -0.161171317 -0.945174098 0.19029744 -0.0116639491 0.0412873551 -0.0682875589 -0.28991729 0.00588775473 0.142121091 0.0878686607 0.290971577 0.19264847 -0.111827672 0.120647274 0.12578471 -0.0623020269 -0.00252748956 -0.362055987 -0.140965775 0.0619028136 -0.0950006321 0.0486341007 -0.0673138946 -0.0459331535 0.0635982528 0.0808061212 -0.00165281328 0.164033428 0.250960052 0.0975717455 -0.205579609 0.0107508488 -0.120023057 -0.242824703 0.0743678063 0.107466131 -0.286586434 -0.371175945 0.183181107 -0.366648555 -0.531311631 -1.15716398 -0.15694423 0.129194781 0.0986426845 -0.155095667 0.0245065372 0.0497430079 -0.0354617834 -0.213280499 -0.385065734 0.416720033 0.065937452 -0.070917502 -0.0340235941 0.228523582 0.178246409 0.141756713 0.10151346 0.0117174629 0.370031863 0.0778883174 -0.446160018 -0.91104126 0.0688932016 -0.0437306874 -0.109463863 0.196732998 0.291429162 -0.0730538666 -0.20899567 -0.32511735 -0.0802329555 -0.242875665 0.575554907 0.0139779653 0.120273888 0.153529465 -0.404966205 -0.394077033 0.313913405 -0.00336056296 -0.00940809119 0.00491461018 0.167914078 -0.0318762623 0.0531137623 0.118110508 -0.174602956 -0.0204154253 -0.347893417 0.106155179 0.230996177 0.0676231086 0.519028187 -0.32504195 0.0739919543 -0.250400096 -0.292291045 0.156524003 0.120992929 -0.010077605 -0.127662703 -0.1609869 -0.122141011 0.0463143475 -0.11069791 -0.192370698 -0.21501267 0.0443476513 -0.37295869 -0.0499785915 0.100137472 -0.136729956 -0.0781688467 -0.0860328302 0.170411676 0.218888104 -0.163208351 0.23029615 -0.460665613 -0.250653893 0.10928867 0.409049153 0.836620212 -0.00607726211 0.415583193 -0.295548558 -0.00833493844 -0.0201528128 0.108770549 0.0659703463 -0.200632825 -0.255389571 -0.25977093 0.168939099 0.0361054204 -0.338232279 0.0560476445 0.151524901 -0.407866776 0.0669424236 0.134916544 0.190447673 -0.0401696488 -0.220202327 0.0465262942 1.04735327 -0.0107129281 -0.209557384 -0.0146107711 -0.369123042 -0.208891317 0.0861085877 0.0727505609 0.0552443787 -0.0418925099 -0.0382227749 -0.0307999551 -0.144290417 -0.172885105 0.30841139 -0.296079427 0.137851834 -0.23292169 0.0198108461 0.0437898785 0.0735698789 0.129304841 0.594043255 0.0677980185 -0.18886365 0.027216088 -0.377455473 0.0660117418 0.20988065 0.0722609758 0.00824439619 -0.0704580173 -0.464713782 0.0127896937 -0.378876925 -0.392364532 -0.00224327319 0.0151542043 -0.0647982731 -0.216061369 -0.00136418443 -0.0237344559 0.130239159 0.0873925388 -0.181993544 -0.197276771 0.0308508053 -0.269578964 0.0446645878 -0.0515563563 0.138198256 -0.500529289 -0.360269248 -0.0959846675
tensor_linearrelustack9bias 1
0.0125654209
tensor_linearrelustack0bias 128
-0.658273697 -0.708031356 -0.287974477 -0.200472072 0.159713909 -0.428837508 -0.156969979 -0.295869708 -0.267261654 -0.204735488 -0.164313212 -0.491414368 -0.0721020922 0.179657787 -0.252361953 -0.611996889 -0.37801981 -0.435331374 -0.211185634 -0.25696829 -0.170877025 0.339540035 -0.242919862 -0.0806041881 0.417066634 -0.426769167 -0.0948839486 0.479845881 -0.0727864504 -0.279586256 0.348012179 -0.263563514 -0.39998579 0.120768778 0.382258564 0.15696387 -0.423499495 -0.0621364005 -0.0382019952 0.019248303 0.157866448 0.135469943 -0.189056709 0.012121154 -0.144405186 0.0131052146 0.0511226654 -0.826820314 -0.537582219 -0.138435647 -0.377954781 -0.33764869 0.0663243309 0.044297196 -0.320264161 -0.0657361001 0.231358916 0.346503198 -0.0729842931 -0.173978433 0.174830139 -0.317815274 -0.304052949 -0.525542855 -0.809229791 -0.0189669617 -0.00623728242 -0.0309392512 -0.0872377157 0.181284696 0.386832893 0.143598557 0.298950672 -0.337572247 -0.648562551 0.327412814 -0.0507388711 0.275145769 -0.432781994 -0.0297029279 0.211194307 0.353240848 -0.0655149519 -0.288402677 -0.184971899 -0.21196948 0.414665163 0.384460211 -0.209437355 0.213052452 0.292454869 -0.360547364 -0.409740508 -0.0246456563 -0.837929249 -0.387190819 -0.794989526 -0.102336317 -0.137681022 0.0167600643 -0.441192776 0.306563735 -0.00340115279 0.00776726753 -0.311906219 -0.775247991 -0.512009859 0.424725533 -0.196951628 -0.496358752 -0.355226934 0.219703913 -0.0958226845 0.0423518606 -0.223253265 -0.712141275 -0.383300781 0.0238537136 -0.603714406 0.108553864 0.163007602 -0.0978432 -0.274907649 -0.12948516 -0.281390041 -0.640967548 -0.354259431 0.193831488
tensor_linearrelustack6bias 128
-0.188131452 0.0269353408 -0.147522479 0.0876502544 0.178391263 -0.50944519 -0.354471147 0.2861619 0.250213861 -0.110386565 -0.040112704 -0.12943095 -0.00149356015 -0.076649271 -0.188901186 -0.287334204 -0.0995022282 0.216536462 0.119495809 -0.153211877 0.0804624334 -0.260305434 -0.12521778 -0.124939375 -0.040812429 0.315242678 0.142970085 -0.179179966 -0.456395835 -0.0516793653 -0.0404517464 -0.049828317 -0.391583771 0.244838551 0.151496768 -0.380671322 0.192280427 -0.30813697 -0.268739641 0.0106439944 -0.160692453 -0.051526621 -0.310921043 -0.306121975 -0.0618031658 -0.231194183 0.0153666995 -0.233439833 0.202288345 -0.0751198158 -0.490185171 -0.289372355 -0.171464249 0.241633356 -0.00396939134 0.169820949 0.146877781 -0.0404255204 0.198581308 0.00768986391 -0.106780916 -0.159927383 0.363562465 -0.319001168 0.266880959 -0.572952151 0.202948704 -0.00596565893 0.245127305 -0.082801953 0.219285533 -0.0168348346 0.10737142 0.0545131378 0.122942552 0.242188647 0.264109552 -0.128747791 0.215004429 -0.241750568 -0.148529962 0.00578613626 0.173780322 0.20945999 0.197856978 -0.225379974 -0.00292367931 0.147473156 0.0697553977 -0.168266207 -0.0942543373 -0.00273412094 -0.414376944 -0.0372428261 0.0289538074 0.178476438 0.0307866987 -0.0479148701 -0.102117173 -0.195581958 0.130375758 -0.0689215064 0.326259911 0.32784313 0.201466843 0.125577524 -0.210176006 0.218406796 0.188442171 0.194938719 -0.0213505942 -0.41416952 -0.0887301341 0.318145245 0.0303649642 -0.0386912301 -0.048563987 0.45321101 0.0929994881 -0.0592782125 0.100646079 0.143558279 -0.10618683 -0.124144025 0.107108571 -0.498142838 0.33397153 0.226984844
tensor_linearrelustack0weight 1792
0.0161729958 -0.0103039043 -0.197115645 0.157328457 -0.12290927 0.00582679315 -0.0781566575 -0.203733653 0.0432516821 0.0287956819 -0.0800034702 0.554346263 0.0653470084 -0.654938102 0.0521169901 0.0596107282 -0.0303477533 0.0256827716 -0.0071045747 -0.176311687 0.246309161 -0.0432114787 -0.174804479 0.0362275951 -0.577566981 -0.44992578 0.00799718685 0.058415398 -0.0896002203 0.0201712772 -0.0306520313 -0.0319692641 -0.00506308489 0.0761034563 -0.0987269804 0.0578343496 0.167535126 -0.0224097501 0.102587536 0.0614548661 -0.774092674 0.377623111 0.134836942 -0.00166501477 0.240659848 0.130344182 -0.0394038074 -0.334564507 0.406088769 -0.354482621 -0.23023802 0.0501297489 -0.262067467 -0.0745865628 0.173531339 0.360613853 0.106984213 -0.0328418165 0.155278519 0.0387051366 0.186847106 0.289520025 0.0591645576 0.287995547 -0.645715058 0.0153058199 -0.097196199 0.153329834 -0.0232121293 -0.00730928872 -0.0451171622 -0.0466269776 0.0195428226 0.0307721831 0.0259251036 -0.275506675 -0.00260570319 -0.075887166 -0.226136997 0.0347269438 0.0760034174 0.0110827796 -0.00165658875 -1.52852547 -0.487058073 0.0156085854 0.0915220752 -0.160507828 -0.0773702264 0.157166079 -0.00480791368 0.329499483 0.262817949 -0.0324197188 -0.321552366 0.557789624 -0.315869689 -0.200082883 0.209266886 -0.0810157433 0.185388654 0.208967388 0.0317838714 0.219726965 0.129406199 0.154525965 -0.205826238 0.0131025985 -0.661396623 -0.37374869 0.0514783114 0.0884611011 0.28750065 -0.0199704748 0.290876329 -0.0334904194 -0.0638110563 0.0712904483 0.0641087219 0.0209092703 -0.22598049 0.0127450787 0.188821554 -0.758580863 -0.00117527286 -0.2281342 -0.0248380732 0.0637251362 0.256503016 -0.382980525 -0.272103816 -0.131533414 0.101882547 -0.0497555025 0.169552609 0.243009686 -0.134960204 -0.0336203724 0.118955828 -0.0371478163 -0.131871596 0.226817533 -0.022719603 -0.145647511 0.0466259494 -0.523393631 0.673825204 -0.233597785 -0.0185347982 -0.0149069196 0.119221434 -0.0568518937 -0.158018261 -0.111160249 0.148812652 -0.0636359826 -0.062227685 -0.0802416652 0.125474602 0.110137552 -0.518719256 -0.204400122 0.115945056 -0.0334499143 -0.414064169 -0.341488361 -0.246584162 -0.210994825 -0.288402617 0.172202259 0.203121886 0.0882460177 -0.0266778637 0.00840072799 -0.324920923 0.120709315 0.819007576 0.278067201 -0.0524151959 0.0383450873 -0.155100375 -0.398240149 -0.0400753096 -0.012075603 0.13891682 -0.0246646125 0.182607695 0.284327805 0.12875928 0.27616322 -0.232417196 -0.0540982559 0.0558261573 0.334071219 -0.386731118 -0.0303778704 -0.0519185513 -0.186860323 -0.198585019 -0.179696232 0.0951773524 0.129292578 -0.43029812 -0.384753376 0.560985327 0.00814116281 0.234715447 0.162236482 0.211130083 -0.606538534 -0.176499635 0.201711968 -0.145878911 -0.180146441 -0.172231287 0.173052996 -0.140237048 -0.097447291 0.00646984531 -0.537792385 0.207223594 -0.0834645256 -0.029649755 -0.125071853 0.0707398281 -0.00433521625 -0.441216886 0.103402399 0.0465247408 -0.0712914765 -0.189805359 -0.0582476743 -0.0930836946 0.0723824203 0.13112928 -0.0327234641 -0.0190715324 0.331965536 0.131146371 0.265249252 -0.139298841 -0.0600051507 0.100890316 -0.36462909 0.369719148 -0.182378456 0.183275297 -0.465772688 0.265283674 0.148191139 -0.135949269 -0.0605972484 -0.133182302 -0.0438383073 0.013882692 -0.0499744564 -0.147819042 -0.110820726 0.370322466 0.134808198 -0.195186853 0.0323102437 -0.269491404 -0.0357762538 -0.0109701166 0.217317253 0.154008776 -0.032146953 -0.0674615651 0.000753668719 0.303195298 -0.108667925 0.224015936 -0.0195949748 -0.256730378 -0.0649227649 -0.244372234 -0.620795667 -0.10156104 -0.024208501 0.11103262 -0.0537151136 0.16566667 -0.0186242554 0.0467772409 0.049253121 0.121827565 -0.0652848035 -0.498876631 -0.0241799895 -0.413891315 0.192780554 0.0397111587 0.472954273 0.0335633531 0.120873846 0.033152502 0.0419987813 -0.00558731239 0.050673753 0.148540914 -0.177414015 0.782949984 -0.0106060114 -0.0672249049 -0.03064261 0.020663891 -0.709810317 0.0120023936 0.0858385339 -0.172118366 -0.14727731 0.0469457805 0.0827729478 -1.14564693 -0.501221359 0.258861244 0.0536515415 0.0599881634 0.0528859757 0.181315139 -0.0988494754 0.166232631 -0.285049409 0.0981792659 -0.0242842417 0.108328424 0.329297096 0.0972576067 0.00191553624 -0.582777023 0.258130848 -0.313706607 0.0406530872 0.234487221 0.0897390246 -0.0540527217 0.0817810893 -0.0145796901 -0.0818542689 0.00937311631 0.156142712 -0.240707859 0.224895954 -0.0371888168 -0.0916884243 0.265160024 0.0917420611 -0.00979325548 -0.697074473 0.309000731 0.0326371603 -0.423962116 0.188150436 -0.120423876 -0.0343649909 -0.149384215 -0.111082792 0.483895361 -0.266570181 -0.120665848 -0.216760367 0.0862191245 0.12529707 0.0488114059 -0.140287489 0.0535783619 -0.0481543839 -0.0274696499 0.190244347 0.17147547 0.141886994 -0.535804629 -0.00344974524 -0.448325485 0.130747303 0.245522633 0.19028841 0.092040807 -0.0425861888 0.100348912 0.106482558 0.0512895733 0.193311483 0.121176466 0.216091916 0.161885604 0.0242390893 0.0973865837 -0.497687221 -0.0676820278 -0.422841668 -0.227654651 -0.0371196866 -0.239852145 -0.218413487 -0.420900404 -0.233907521 0.00618784362 -0.205810219 0.399457991 0.0760578364 0.136846691 0.00119156775 0.106335275 0.0556719266 -0.380041063 -0.0920442417 -0.0653161928 -0.0308658071 0.0216964819 -0.0822473988 0.0563247055 -0.128735483 -0.253594518 -0.643820941 0.299672574 -0.0291058403 0.225958928 -0.230677947 0.0580403917 -0.00685728295 -0.0559008159 -0.123475581 0.10910634 -0.102760419 0.0955091566 0.0354649723 0.0699227303 0.00363101973 0.48125881 -0.388093174 -0.0617292672 -0.066149272 0.194678098 0.0332671404 0.572502136 -0.19302319 0.0383270532 0.00899677351 0.00801404845 0.14026621 -0.096050404 -0.0484327003 -0.672075629 0.236896366 -0.028988516 0.17679967 -0.0913110003 0.0733022988 -0.191436619 -0.114984035 0.374418855 -0.140619934 0.22322996 0.0673341006 -0.460953087 -0.051015608 0.299531817 0.251158923 0.0645182878 0.138256118 -0.195512503 -0.203104869 0.10133601 -0.0354467034 0.18643865 0.118280306 0.425901681 -0.0192121938 0.391830981 -0.0511572994 -0.21387139 0.0720624849 -0.0425102375 -0.468615174 0.217348799 0.0211727321 0.221871823 0.0734504387 0.0354343802 0.248726889 -0.127520606 0.290287197 -0.262323439 0.0281506646 0.172435462 0.127608046 -0.0570368804 -0.347704977 -0.113052472 0.114859074 -0.173989058 -0.111161135 -0.125811204 -0.490261108 0.383898854 -0.214546457 0.60925442 0.0274996646 0.319921345 -0.144317761 -0.0885449946 -0.0620523728 0.154385626 0.0246151704 -0.15332593 -0.129401058 -0.0107567701 -0.214384526 -0.378572822 -0.153331354 -0.331133336 -0.0104805557 -0.0799882039 0.15414317 -0.0574387759 0.45238629 -0.201863542 -0.00813482981 0.28150937 -0.495735973 -0.13688156 -0.0769902617 0.13125886 -0.307373226 -0.0525946505 -0.138909966 0.273535967 0.552337348 0.0323273949 -0.309727192 -0.163798973 0.276800871 0.0699033141 -0.266704082 -0.0121302549 -0.00840752758 -0.510095239 0.130280033 0.0137397991 0.293616027 -0.126321584 0.272750407 -0.0728940964 0.0702918097 0.13948983 0.161576077 -0.17823863 -0.0328893587 0.0748164728 -0.56939888 0.0696777031 -0.128441617 0.27193296 -0.0713043734 0.581929982 -0.233557597 -0.296191216 -0.446809441 0.137752816 -0.150706843 -0.127354041 0.0702537 -0.190247491 0.0674179271 -0.261136144 0.0419555418 0.301323116 0.0460878052 0.079676576 0.247198835 0.171974793 0.065465793 -0.316068739 -0.0548439734 -0.0690016747 0.00022391892 -0.0232664514 0.0926142409 -0.57164222 0.0326876789 -0.0984604508 -0.11485438 0.383295923 -0.0715011358 0.300434679 -0.201845676 0.261156023 0.0896257013 -0.0468689837 -0.00616762228 0.30668363 -0.13286449 0.292064041 0.208732352 0.131384388 0.262516946 -0.222993389 -0.051346533 0.0171927959 -0.321847677 -0.342355609 -0.296230167 0.00431222469 0.0202807654 -0.09954606 0.620249867 -0.604630053 0.0860900953 0.614485383 0.0222807489 -0.0523641184 0.0185141508 -0.112664245 -0.291285962 0.276827425 0.043244116 0.066819787 0.00877915509 -0.0382559448 -0.0555375069 0.105462909 -0.024066465 -0.530618548 -0.0787712783 -0.392667562 -0.016664641 -0.03721755 0.128748417 -0.371689022 -0.112148948 0.0448611416 -0.18320024 0.121245109 0.0355883986 -0.0839293748 0.218677536 -0.245494261 -0.0055023469 0.512980163 0.12213847 -0.349515617 -0.0967037827 0.0439505912 -0.140590161 0.126476973 -0.0935930237 0.0502639711 0.15208827 -0.264466733 0.112047471 -0.192338288 -0.170841724 0.0701851025 0.404678494 0.116466306 -0.0045240582 -0.095939666 -0.0667180717 0.16696392 0.189885497 -0.136670604 0.710683107 -0.130503654 0.271779597 -0.534415066 0.26010856 -0.186244696 0.135265678 -0.171652362 0.31227684 0.162615731 0.0377006344 -0.04109421 0.115031101 0.0782075301 -0.106949747 0.0785325617 0.0975397751 -0.0838915706 0.0395162404 -0.0070671998 -0.115442067 0.0229350328 0.513290346 0.0982308686 0.397244453 -0.191066578 -0.0216952208 0.244642466 -0.22181958 0.527178705 -0.100255936 -0.149811193 -0.42385006 0.0624520928 -0.0357738696 -0.199977398 -0.189835221 0.191955 -0.0185741 0.272288382 -0.491717398 -0.0935055092 -0.236772537 0.293504983 -0.368961394 0.380191296 0.000948625966 0.0952456594 0.187086865 -0.0163059216 -0.899728715 0.345282137 0.281814992 -0.0845109895 -0.15763469 0.0554801151 -0.146319091 -0.522090495 0.205070838 -0.114511319 -0.253855497 -0.354270607 0.1498155 0.00250425516 -0.7065081 0.0260134414 -0.141746342 0.1716851 0.0375528298 0.000416756084 0.496141821 -0.632646978 0.127654046 -0.0230822992 0.0206845663 0.0198980533 -0.0759393871 0.0355178677 0.0781310275 0.103688829 0.135273635 0.0623970814 -0.0759676322 0.0457253531 0.0188014954 0.0137198037 -0.216553748 -0.01256104 -0.0231791511 0.465722471 0.0639699697 0.0205844138 -1.26022422 0.0761760101 0.128394753 0.089187257 0.0139968069 0.0398569889 0.337594897 0.0717122555 0.0748920515 0.102166265 -0.016279202 -0.266629726 0.103575781 -0.917108476 0.0330063254 0.119575389 0.273968846 -0.123098545 -0.0284583941 -0.0565719157 -0.060563121 0.0705712736 -0.248599231 0.316485316 0.440783888 0.0492389277 0.0529458858 -0.283849508 0.143249094 -0.220485196 0.0389422625 0.0126002235 -0.0325552262 -0.0461761057 0.411165416 -0.178197056 0.141848192 -0.106559895 0.0810392722 0.549244523 0.083047621 -0.00646975078 -0.85052979 0.163757369 0.164892092 0.166170657 -0.0940756276 0.229763418 0.14148815 0.00395121099 0.113763295 -0.0514746718 -0.0859107971 0.109312646 0.238511592 -0.130822673 -0.238938019 0.29139632 -0.0281509645 -0.111375652 0.0612446927 0.0854430348 0.0623415932 0.187092677 -0.0944147855 -0.496254057 -0.0177932493 -0.109208681 0.0854291543 0.0436285511 0.319289446 0.0220070593 0.0908982679 -0.0108772833 0.103149779 0.212910652 -0.209528103 0.149003267 0.414477378 -0.0448996611 -0.130493522 0.177419022 -0.655038357 -0.0630259141 0.220145628 0.229957193 -0.065007247 0.117862396 0.158769533 0.106140979 0.0699529648 0.292004943 -0.128641903 0.681827009 0.0114914216 -0.27095145 -0.152207181 0.0839163437 -0.972101033 -0.11017596 -0.252945065 -0.144181103 -0.171178877 -0.229903847 0.65546912 -0.285843372 0.183277309 0.110007375 -0.0203168113 -0.377479196 0.12849018 0.206120312 0.172298729 0.0249912348 -0.241451547 -0.00998127367 0.0335732922 -0.171520546 -0.0608080477 -0.358502686 0.0758546516 -0.110406652 0.115455031 -0.169894934 -0.121548712 0.166146174 0.515396535 0.0997294784 -0.0300917719 -0.0152987232 -0.196006954 0.278731763 0.164095134 -0.194835797 0.201392129 0.249756649 -0.0551934764 -0.315823287 -0.533078074 -0.200171337 -0.0111137992 0.102933317 0.00624982081 -0.113797158 0.0261381827 0.0780719966 -0.269657969 0.222448334 -0.226630345 -0.435448408 0.0472754277 -0.267595261 0.22952567 0.0725533515 -0.417321771 0.172154114 -0.116644979 0.0539940298 0.094821386 0.00128550699 0.0362564884 0.134869531 0.147706702 -0.460916668 0.0292779636 0.0605265796 -0.403113097 -0.0398367606 0.539637685 0.175487593 0.15789409 0.12792021 0.153353512 0.0809545591 0.35350728 0.0252076667 0.302151084 -0.448881984 0.00939336605 -0.170560375 -0.138061717 -0.569652259 0.172704041 0.39766407 -0.0689717382 0.173356861 -0.11942967 0.0865851939 -0.305615872 0.415839344 -0.328848898 0.0518416539 0.0749695078 0.330109954 -0.127436236 -0.141837701 -0.614179611 0.11089319 -0.0745036453 0.211798936 -0.0919823349 -0.216736451 0.213622451 -0.0522327498 0.0850325599 0.0700570494 0.226890281 -0.327799946 -0.13632457 -0.0638056174 0.404169708 0.0879123509 0.325653702 0.205084532 0.108977064 -0.118152156 0.134513184 -0.319308043 0.144307807 0.00515469071 0.239291385 -0.131564081 0.0456096791 0.170799956 0.0521468185 0.155970797 -0.0673852414 0.113461554 0.118970692 0.134837508 -0.00829499308 -0.167558149 0.317279398 -0.260020554 -0.0144132385 0.16816707 -0.47827214 0.13370575 -0.524660766 0.249777779 -0.0323233306 0.0266750436 0.0935337991 -0.015702324 -0.174620986 0.15628317 -0.0876536295 0.0283353254 0.0545834079 0.343281746 -0.728485227 -0.0666684359 -0.724031568 -0.0289844144 0.0570040904 -0.0185738616 0.0883164257 0.0545599945 0.107706532 -0.0469996333 0.207252532 0.204820588 0.0110578295 0.403167903 -0.326688468 0.00944899675 -0.940708816 -0.0357475765 -0.0222754087 0.193842411 0.0522933826 0.134888455 0.084133558 -0.170551226 -0.182736441 -0.229118332 -0.0389469042 -0.475596994 0.214721605 0.00100356597 0.287640899 0.212490633 0.0879188031 -0.286843687 -0.051433932 0.0555665903 0.2603181 -0.326415867 -0.384580851 0.243564621 0.0260536838 -0.102804303 0.359264791 -0.0965002254 -0.971553862 -0.0198890902 -0.0451929346 -0.024577884 0.0613956414 0.10374406 0.0879363716 0.117972568 -0.0256498493 0.222613379 -0.118151851 0.269858807 -0.584836841 -0.253378928 -0.232927576 -0.0475989468 0.170354918 -0.311309278 -0.348401487 -0.206648931 0.0984403193 -0.229739085 -0.28561306 0.563164175 0.0964753479 0.176161438 0.149362743 0.00046814399 -0.112663828 0.228822395 0.123639449 0.115479968 0.00535408454 0.194671497 0.162086219 0.33571887 -0.165566981 -0.193611205 -0.026086472 -0.145927712 0.0961154923 -0.122197971 -0.913884223 0.256596208 0.062796928 -0.0650353432 -0.429805636 0.014883915 -0.661783338 0.00386149809 -0.379741102 -0.0416463055 0.00713396398 0.338525265 -0.178294644 -0.139594167 -0.103756025 0.141758367 -0.0744749531 0.00375139597 -0.0425472669 0.348208606 0.441013068 -0.658259928 -0.160659492 -0.399383456 0.0200329032 -0.00301568536 0.00755892834 -0.0460145846 -0.170732126 0.252817988 0.0104833487 0.13764745 0.192447796 0.167274624 0.111056022 0.201598853 0.200073346 -0.632344544 -0.0316261649 0.100161232 0.0415547155 -0.0113973096 -0.0976391658 0.0610443577 0.0134653067 -0.0606425181 0.0232028756 0.0620446429 -0.0664683431 0.336096317 -0.0949682891 0.250475496 -0.0525269397 0.150823593 -0.682704329 -0.161173165 -0.199834928 0.0627889931 0.0558654889 0.093115449 -0.017498415 -0.100034535 0.167341456 0.421436042 -0.0766860396 -0.494812161 -0.0275392998 -0.0296517834 0.189534396 -0.316938579 0.44595468 0.298107237 0.139921188 -0.19222492 -0.285710454 -0.203969628 -0.0340424776 -0.0153668998 0.0589072704 -0.144412771 -0.00909210276 -0.442614883 0.148991719 -0.09770336 -1.25810659 0.188139245 0.0592967123 0.105420209 -0.0201372318 -0.0967697054 0.255506098 -0.589698195 -0.223893955 0.186277986 -0.0902528316 0.0343292207 -0.347010851 -0.278101116 0.0248058625 -0.241756871 0.0619593859 -0.141979963 -0.292403936 0.192409486 -0.397343814 -0.323591173 -0.0367682129 -0.346843749 -0.0758351088 0.306652367 0.368612766 -0.0102720754 0.151945531 0.166497186 0.000505925913 -0.115386032 -0.142683521 0.111291669 0.331855953 -0.0288564973 0.31086266 -0.0699128732 -0.0167702828 -0.132886603 0.0395072736 0.0992774814 -0.766074002 -0.105700672 -0.0200008377 0.00772450771 -0.0258298535 -0.0224354398 0.404326111 -0.158233121 -0.158883378 0.0388168171 -0.00059481716 0.548605919 -0.193279177 -0.170037076 0.040612828 -0.0500309281 -0.0569112301 0.199303955 0.125008985 -0.0104901902 0.541585743 -0.517371476 0.197327614 0.353415668 0.180916786 -0.165736109 -0.447794765 -0.14580673 -0.194202766 -0.149626657 -0.0738445744 -0.223191336 -0.0198210422 0.00722668553 0.477536798 -0.615827441 0.0668843985 0.0151033308 -0.0160189457 0.399448097 0.0628347397 -0.0879139155 -0.155923754 -0.11588756 -0.0231723282 -0.185215488 0.0926672444 0.298904657 -0.103190966 0.275183856 0.185540721 -0.178167045 -0.257745564 0.47421211 -0.221017003 -0.199869424 -0.341202825 -0.0089329835 0.0409043133 0.268269926 0.103439249 -0.17549476 0.0669795126 -0.840024173 -0.0190991126 -0.114034593 0.0508376993 0.349104851 0.134811565 0.0511542931 -0.355389029 -0.0145632038 -0.127905861 -0.198766187 -0.170662597 -0.0898039192 -0.24157013 0.159064248 -0.269727528 -0.312913597 -0.0177440327 0.133755282 -0.0386071056 0.0303663053 0.535374582 0.0857103318 -0.0941027999 0.0365597643 0.0390688442 -0.0187911596 -0.00795773324 0.0944125354 0.158676356 -0.362840563 0.00802580081 0.0529929399 -0.263837218 -0.046545513 0.611834764 0.0806204155 0.041408401 -0.142696142 -0.0349820964 0.161556706 -0.280851811 0.339546084 -0.0344608948 -0.253766984 0.0790240616 -0.484978855 0.122571997 0.0261766333 -0.0399921499 -0.0897539333 -0.198714882 0.182953939 0.052206926 -0.00122312026 -0.0242906362 0.323179662 0.119305767 -0.144248769 0.00041477842 -0.737719655 0.0283535868 0.116189815 0.145973474 0.188690305 -0.0274151601 -0.105256729 -0.231639832 0.0157863628 -0.14048709 -0.342255682 -0.231094375 0.0091318544 0.0570956841 -0.0630838051 -0.190911636 -0.39552331 -0.000157556715 -0.687461078 0.0320551842 -0.0145058855 0.0743721351 0.049916923 0.0186351035 -0.23015587 0.182189539 0.160043374 -0.0364687704 0.203140825 -0.303861409 0.240122139 -0.35673663 0.285088122 -0.17275925 0.0331026651 -0.251855761 0.199929208 -0.274930447 0.551737666 -0.0235058907 0.0632759929 0.13677904 0.146307066 -0.210662782 -0.219693944 -0.215833187 0.0214089304 0.0126312803 0.111068696 -0.0469067246 -0.00687964028 0.177655846 0.121802211 0.00158499135 -0.0267771911 -0.0331372954 -0.384324491 0.177333519 -0.189354911 0.475414515 0.0890100598 0.0421665013 -0.295276344 -0.522844911 -0.13190414 -0.41487664 0.440991908 -0.210555166 0.385879338 -0.0615185164 0.139123976 0.00556316553 -0.127122641 0.134902999 -0.121995926 -0.010707302 -0.0125519168 -0.042762626 -0.0411140546 0.176791683 -0.245288417 0.0368063375 0.972551465 -0.00760546466 -0.109985501 0.0087414505 -0.0234753992 -0.976480782 -0.0697090477 -0.142128408 -0.033098951 0.0137296524 0.121207803 0.0848259702 -0.025890613 -0.245755896 0.479545176 -0.301130652 0.0632142052 0.150733799 0.187313765 0.0602363534 0.431627303 0.0416887328 0.137744039 0.209429249 0.265831262 0.0491226763 0.34307009 0.214428708 -0.39694348 0.214395687 -0.0613635257 -0.0878775492 -0.10461624 -0.124745779 0.0161152035 -0.00550458767 0.365680963 -0.216150388 -0.150697261 -0.0670306906 -0.112761877 -0.0943646878 -0.158903942 0.00327639375 -0.220585182 0.176758483 -0.170698225 0.174104944 -0.0081241224 0.130314723 0.15442656 0.0880019665 -0.411257267 0.0640262961 0.610904992 0.157974124 -0.133818239 0.0310184751 0.141522661 0.162126213 -0.0605810359 0.0318316706 0.208029434 -0.0475383177 -0.0254578758 0.135376304 0.0203834437 -0.337445527 -0.113192379 -0.218993947 -0.0887341201 0.0302375481 0.588931501 -0.855564356 -0.0865168497 -0.913175225 0.0542789772 0.0590028614 0.0851589516 0.0960022211 0.000118300253 0.449388772 0.0026397258 0.044600755 0.227495879 -0.00146961922 0.139688864 -0.141717643 -0.183141872 -0.393918902 -0.187950611 -0.135648504 -0.117944621 0.0199979246 -0.0754434392 -0.393244475 -0.431812078 -0.279124826 0.272060573 0.0233325884 0.396690935 -0.318715662 0.172281504 -0.469765872 0.175764188 0.246001944 0.0496216342 0.00341482065 0.0977475941 -0.494837105 -0.37634778 -0.407036334 0.0669260472 -0.150657311 -0.0107155861 0.0679155514 -0.112451598 -0.00839029718 -0.0642608926 -0.0277124327 -0.155428618 -0.282274961 0.259996623 -0.434568912 0.18019025 0.0536149368 -0.64834398 -0.0135957152 0.342506617 0.249662712 0.0167222172 -0.00787714403 0.223005757 0.0109664844 0.0721692666 0.0505193211 0.0948409215 0.452433735 0.109999858 -0.0233450048 -0.659054935 -0.0138515616 0.181743473 0.241479293 -0.184962422 -0.254915327 0.186444983 0.0858994871 0.171842277 0.319160879 0.0816989243 0.19708401 -0.0080766771 0.17025879 -0.0196753852 0.0535698906 0.0400940627 0.372817844 0.15067102 -0.0843296051 0.252781004 -0.146575436 -0.0167674907 -0.343186229 -0.0736217797 0.10377039 -0.0872726738 -0.00860471651 -0.0826717764 -0.0176254008 -0.0980722755 -0.456898779 0.154562667 0.0481749214 0.149668068 -0.0442143604 -0.0134005127 0.42814213 0.0745629519 -0.0853233635 0.447230011 -0.123903215 -0.176851735 0.0113224545 0.223518446 -0.550172865 -0.0964595526 0.168128371 0.023113342 0.0599358231 0.152394772 -0.0605021641 -0.0897156447 0.292169183 -0.0874385834 -0.110089302 -0.0975551009 0.427494884 -0.07141909 0.0406809039 0.00814042985 0.205950528 0.0825526044 0.0934450701 -0.0972812697 -0.147552878 -0.0600201562 -0.0169793312 -0.201125532 -0.460377038 0.106719978 0.0631802529 0.290241838 -0.685223639 0.017070666 0.026326973 -0.0939789489 0.0272232313 0.0157726537 -0.0274378229 -0.00344544789 0.585302889 -0.0718086138 0.372036874 -0.285186082 -0.077444233 0.0119959982 0.119431272 -0.0226893835 -1.33218253 -0.0436550602 0.0378754586 -0.0220464393 -0.0270507 0.0767905787 -0.0384621546 0.192345992 0.0272069704 0.0656538457 -0.0134000806 -0.617565155 0.211305201 -0.482769012 -0.0961445272 -0.103318103 -0.0170884933 0.246639743 0.0297773089 0.0615778044 0.313771307 0.136757106 0.312376618 -0.033618968 -0.0338805132 -0.0967896655 0.287849963 0.165376365 -0.211238682 -0.0663597286 0.0929959491 0.00468675746 0.00342600909 -0.149606332 0.125215828 -0.238863453 0.0342130587 0.231708393 -0.395397782 0.0317444727 -0.191378251 0.095838137 -0.219917491 0.05281673 -0.0531467199 -0.114706516 -0.256574839 -0.133244649 -0.382295817 -0.0756016895 -0.330834836 0.351804674 -0.012584609 -0.042283494 0.219783857 0.0632993504 -0.0570291653 0.0745673478 0.0624890365 0.202964932 -0.207106128 -0.125602618 -0.222254813 0.166534424 -0.0598846935 -0.0718689784 -0.414263278 0.2986027 -0.484379053 -0.246660888 -0.18396084 -0.196911275 -0.0756645948 -0.314567596 0.0818699226 -0.122729138 0.10041666 0.36822769 -0.22792618 0.0197890475 -0.190668419 0.599861741 -0.574462414 -0.197733179 0.0876726881 0.0281928219 0.322995812 -0.112863809 -0.0430895127 -0.0750593692 -0.456466049 0.00425832486 -0.402625293 0.322748572 0.343118668 0.0991249084 -0.0629317909 0.262788355 -0.0769488364 0.288252115 -0.143195391 -0.339594394 -0.154095575 0.0349872783 0.134304181 -0.867756903 0.15861097 0.1824985 0.0281545166 -0.530633152 0.1288158 0.0411098413 -0.0817134082 0.00310290535 -0.00446042558 -0.360542864 -0.505428314 0.262915432 0.047867015 -0.239124507 0.122697383 -0.222334594 0.0433348157 0.319757253 0.278428912 -0.0345484801 -0.132617891 0.0871913061 0.0180081092 0.00423209369 0.0905991197 0.0878199562 0.399334371 -0.34824121 -0.10911534 -0.377191722 -0.0335571319 0.0955350697 0.0982536003 -0.107158855 -0.904681385
