tensor_linearrelustack9weight 128
-0.209397808 -0.105072908 -0.834395528 0.366716832 0.144871205 0.145349994 -0.734613717 0.136064336 0.292962998 -0.542377472 -0.131296292 -0.0833812431 -0.363602579 2.20752001 1.5481751 -0.252283096 0.31966567 -0.028284017 -0.757555544 -0.124113753 0.0696960017 -0.709611714 0.125526413 0.663039565 0.933679342 -0.370587885 -0.194932789 0.240469351 -0.158448532 0.582828879 0.597366571 -0.266352147 -0.25557819 0.0500521772 0.169141933 0.254836619 1.03013706 -0.850456893 0.177809939 -0.34066993 -0.0827599838 -0.118643485 -0.821776509 0.196416512 0.149967045 -0.222790733 0.103099689 -0.0370745026 -0.298831224 -0.0356420763 0.456124365 -0.210360229 0.123013079 -0.182780236 -0.766423702 0.70172435 -0.622851312 -0.163661718 -0.614927053 -0.303409785 0.533628523 0.0900867358 0.139337242 0.383360416 -0.151479796 -0.176828086 0.0178112257 -0.113027781 0.292330414 0.507348895 -0.0434990935 0.150586918 0.188698798 -0.741580248 0.187244698 0.233401611 1.02703726 -0.0709876418 -0.254465044 0.800590515 -1.03531861 0.108238079 -0.154807389 0.142700374 0.128896728 0.284502059 -0.111670434 0.097612977 -0.923244178 0.906924486 1.0725801 -0.118453674 0.329364419 -0.480978489 0.374083281 -0.889213443 0.186457425 -0.234836072 0.21773684 -0.545744717 0.43826738 0.589594841 -0.10286323 0.145350426 0.206412762 -0.878328562 0.248519972 -0.748564601 -0.338635534 0.23295626 -0.0751411617 0.126332939 -0.130895019 0.366981655 0.0153568992 -0.193763435 0.277319491 -0.102032214 0.0723371133 0.427998513 0.134009168 -0.249936581 -0.112882599 -0.349390537 -0.114017293 -0.179934353 -0.198326483 -0.0925939903
tensor_linearrelustack6weight 1024
-0.117836483 0.0106811952 0.472473204 -0.283423245 -0.431529015 0.145594865 -0.119922817 0.646768093 0.563218772 -0.527910352 0.283822179 -0.102712914 -0.122119494 0.12692219 0.451719195 0.32875368 -0.505894363 0.633160233 -1.04196012 -0.206863403 -0.00885019172 -0.317148387 -0.106752269 0.19212839 -0.111239426 -0.466780633 0.0514234006 -0.167835206 0.588843882 0.0970041081 -0.135853454 0.0745518953 0.0610235669 0.117802151 -0.299506485 0.359238684 -0.406416357 -0.0905966982 0.0459345579 -0.0641414523 0.0430684984 -0.0423083119 -0.209733054 -0.115538403 0.294071168 0.0739882514 -0.46219334 -0.663560569 -0.396608979 -1.01620746 -0.680462778 -0.36640504 -0.0606236868 0.50258708 0.47519809 0.039796073 0.105553612 0.112820342 -0.573959947 0.155848131 0.162297383 -0.0603656657 0.382449687 -0.485099852 -0.401564389 -0.785215497 -0.0597626157 -0.0326418318 0.44181034 -1.21403468 -0.35023582 -0.68848753 -0.301513076 0.685054064 0.376354367 0.209563822 -0.341345459 0.749527156 -0.387014538 -0.350785106 0.104292512 0.448633999 0.45681107 -0.0389040969 -0.00502573047 0.27118358 -0.501672983 0.119191907 -0.00172475912 0.0610172115 0.383395463 -0.313775808 0.0541008227 0.0958290249 0.20325622 0.44879362 -0.148847923 0.394790351 0.612998366 0.0194293633 -0.125228375 0.995549262 -0.265804499 -0.655605733 0.149418429 -0.556841493 -1.51074898 -0.336983711 -0.0798662156 -0.133449703 0.442220151 0.515386939 -0.556499898 -0.657749832 0.358720541 0.0231138356 -1.72565424 -0.020299783 -0.796767652 -0.562416196 -0.626277089 0.48786521 -0.054196015 0.0667770728 -0.0679424703 0.378638744 0.247837707 0.594800293 -0.00472749211 -0.218242481 -0.178054556 -0.357863903 0.565724254 -0.013278788 -0.194186255 -0.152038336 0.488352954 0.15588516 -0.182180449 0.260453761 -0.0182279889 -0.0340927877 -0.109251551 0.142068043 0.0340740494 0.405146122 0.690216362 0.0304318946 -0.232704684 -0.853819013 -0.526862562 0.285080224 0.10730309 -0.0121010151 0.357917905 -0.029589843 0.184509829 0.279748231 0.232045054 0.366677791 -0.0769605041 0.0866409019 -0.360062599 0.284386784 -0.137021393 -0.247364044 -0.0928840935 0.0598696955 0.558088958 -0.232411996 0.62936008 -0.136992469 0.132230103 -0.410517395 -0.694291174 -0.598703086 -0.100386925 0.282749385 0.03985212 0.265858352 -0.00611962657 -0.0850985795 -0.566083074 -0.274707079 -0.0209028944 0.20884338 -0.495782971 0.418328851 -0.151981324 0.154378369 -0.831553519 0.103712834 0.031283617 -0.520451069 -0.425311267 -0.27014637 -1.12538588 0.336142182 0.495377392 -0.368464887 -0.250568062 -0.0643740296 0.216928497 -0.51365602 0.174495146 0.821832836 0.0780913904 -0.262665749 0.287860781 -0.489053488 0.436260074 -0.203134477 -0.173863351 0.189589858 0.00806929637 0.197493657 0.15275459 -0.0922882929 0.28227514 0.449352592 -0.473867863 -0.0323256589 0.0632895082 0.290914923 0.0505085886 0.313986033 -1.0460465 -0.106362186 -0.15749523 0.321375996 0.036757648 0.21711728 -0.197972789 0.312381119 0.109573834 0.213662088 -0.847631156 0.117083654 -0.0049735452 0.214414537 -0.274829477 0.359580338 0.0936864913 -0.211998418 -1.03305387 0.648987234 0.140088677 -0.475646973 0.367025614 0.146756232 -0.0401594862 -0.332948983 0.336643249 0.0939220786 0.165787697 0.176091284 -0.17189531 0.24245429 -0.789094806 -0.146385908 -0.0290918294 0.246152729 0.347962022 0.174862996 -0.511513054 -0.235428646 -0.0825552568 0.205791935 -0.0924871862 0.020294968 0.00239845202 -0.116501607 -0.255915344 -0.00676588947 -0.152882099 -0.270888925 0.417389542 -0.0974261612 -0.42512396 0.222552493 -0.128927141 -0.396257311 -0.160564139 -0.255409956 0.583967507 0.139903232 -0.245161355 -0.213193163 -0.107743099 -0.867764175 0.670823872 -0.704247475 -0.238298908 -1.97884178 0.020718893 -1.38198984 0.239376709 -0.267438561 0.0276862103 -0.227389231 -0.300330222 0.733373702 0.152214453 -0.118751153 -0.0434432924 0.0687370449 -0.250000358 0.0671780109 -0.0193094742 0.14544107 -0.325334221 -0.688122928 0.278642952 0.070678845 0.640660644 -0.111452751 -0.0889928788 0.246508881 -0.38885963 -0.226379395 0.385200948 -0.295265168 -0.0245973915 0.0204540305 -0.0957090259 -0.0828569829 0.0272443146 0.0160381999 0.304965198 0.0814877599 0.213227928 -0.493287891 0.0770527646 -0.0054887631 0.378633171 0.233827397 0.501567304 -0.16035603 -0.906995356 -0.110146172 0.110507913 -0.215491563 0.735132098 -0.349569529 0.116193838 -0.44081977 0.323767304 0.385488003 -0.48623094 -0.214277029 -0.038370382 0.0894051865 -0.139767796 0.0753443986 0.0383432023 0.196350187 -0.00295646489 -0.101223379 -0.407492459 0.0589898676 0.058323469 -0.0141488453 0.598375738 -0.062004827 -0.0205715261 0.059137363 -0.179450408 0.635156989 0.230505764 -0.0479116142 -0.493217587 0.206287816 0.390987188 -0.0108044883 0.348233551 -0.634192705 0.206868023 0.335921437 0.315915555 -0.213783115 -0.0690792054 0.227531672 0.117309906 0.230015621 0.192857668 0.405517817 -0.315011948 -0.738354385 -0.00470109377 -0.0283896588 0.377370238 0.368255526 0.229373157 0.289836764 0.0439775102 -0.266216457 -0.0596548729 -0.147496894 0.104271933 0.256256402 -0.190742046 0.183548823 -0.405824065 0.296382576 -0.628874838 -0.0126895113 0.239611119 0.122486308 -1.5170368 0.0830594525 -0.116850257 -0.178852871 -0.0622136034 0.488515615 0.505590022 -0.640278399 -0.0415253267 -0.315713078 -0.0997522101 -0.0952084512 0.372006357 -0.385176539 -0.364345461 0.228526533 0.213241547 0.532523274 -0.0358588323 0.0592565797 -0.0591897592 0.026759468 0.375255764 -0.254577786 -0.727873981 -0.338627249 -0.441746116 -0.119867481 0.0652279109 0.509538293 0.327831209 0.370990515 -0.15638563 -0.276475519 -0.162205264 -0.525424123 0.620059907 0.112723403 -0.0394162089 -0.156505197 -1.08456814 -1.12043846 0.394321412 -0.0893635824 -0.168015718 -0.0101133715 -0.285242289 0.99734211 0.45961386 0.563574553 -0.202506781 -0.316147536 -0.0937401131 0.00487517845 0.223227933 -0.03609135 0.617902637 -0.683703721 6.37067569e-05 0.226016432 -0.0503089055 -0.622367203 -0.0109771388 -0.20589681 0.367044806 0.507987142 0.517401993 0.102488026 -0.151560068 0.22164686 -0.381343424 -0.498237789 -0.555648744 -0.110050678 0.0510561839 -0.275063336 0.310515314 -2.41934657 -0.280258 -1.15680957 -0.228211895 -0.1752325 0.106456496 0.210235178 0.322322667 -0.158127129 -0.48721388 0.28867048 -0.199477196 -0.549294531 -0.523087204 -0.155188456 0.424013793 0.141186714 -0.0827867091 -0.271460801 -0.38204965 -1.52810299 -0.010895269 0.18478328 0.0499207154 -3.16930437 -0.337600559 -1.29669774 0.310065687 -0.233900234 -0.749247491 0.216750324 0.00897903554 0.211935997 0.593604684 0.179229945 0.274037123 0.341853827 0.651694536 -0.266557604 0.0326484442 -0.0445859954 -0.331619561 0.152855217 -0.151439518 -0.0293796398 -1.2644054e-07 -0.343157977 -0.0335531048 -0.0848607421 -0.328161389 -0.273432046 0.138374671 0.00746113714 0.548547447 0.0979694203 -0.0874990374 0.264992565 -0.20924212 0.393656135 -0.300900817 -0.266885996 -0.548234999 0.081013009 -0.0208701137 -0.0140647953 0.292888582 -0.126494721 -0.346648455 -0.171069011 -0.179071352 -0.484251708 0.624258757 0.0404292122 -0.132007107 -0.236348465 0.419709802 0.564287007 0.251955003 -0.181268528 -0.27917099 -0.11979948 0.22842443 -0.0326774232 0.0948985219 0.0834978148 -0.277005017 0.167200387 0.120153412 -0.142677367 -0.10820321 -0.444606453 -0.156271726 -0.524077594 0.0805794597 0.119863689 0.477121681 0.271872163 -0.0920853391 0.045748271 0.135382324 -0.0157316234 0.539891124 -0.273572594 -0.205406487 -1.63225567 -0.28188771 0.538362086 -0.111964852 -0.109330282 0.0429472402 0.153407916 -0.0541278385 0.168193087 -0.367200106 -0.520605028 -0.18901588 -0.427984565 -0.218093023 -0.244392529 0.41546005 0.00545584736 -0.339821905 -0.0621358044 -0.66992563 0.284229219 -0.536467433 -0.0171604361 -0.373828053 0.358643234 0.244967535 0.562700808 0.439918965 0.217521727 0.119800873 0.125702947 -0.254611582 0.0447014421 0.445043683 0.170833677 0.0467116199 -0.0323767811 -0.33717525 -0.0784764439 -0.211054444 0.114212513 0.0519241691 0.603773654 -0.0582735389 -0.133693308 0.568727612 -0.0732591301 -0.212490216 0.0473543778 -0.0804938525 0.917738974 -0.0791189745 0.462791353 -0.924028218 -0.169364467 0.08962892 0.276026994 0.643851101 -1.46211958 0.183053359 0.00631933613 -0.575090289 0.153654769 0.303857207 -0.178221822 0.408153743 -0.381112903 0.464993715 0.224287868 0.122204512 -0.050884299 0.139906213 0.340188652 0.378058374 -0.289718449 0.0712335929 0.153627291 -0.561835051 0.225878447 0.0783098862 -0.0362032205 0.290613532 -0.540289283 -0.0283443201 -0.362947255 0.157724142 -0.0292107649 0.411668152 -0.0244682413 -0.664456367 -0.42764914 -0.310211658 -0.0466576181 -0.218452036 -0.106987648 -0.0892314389 -0.0876083896 -0.349672824 -0.370446473 0.260238618 0.493146062 0.277777284 0.0962446406 -0.268713951 0.192846805 -0.0553893149 -0.182365194 -0.469819099 -0.281477809 -0.240855336 0.257785231 0.289749026 0.319555581 0.0782547742 0.0716760159 -0.433092654 -0.918914378 -0.338765621 -0.449020118 0.207895458 -0.304349214 -0.638509333 0.175391659 0.0608121082 -1.26153672 -0.3401528 0.319702715 -0.42509526 -0.18992269 0.0725795478 -0.18912445 0.0571339205 0.607598186 0.802960455 0.279073387 -0.2780101 -0.0536529943 -0.515855134 0.510857701 0.250630796 0.0806701183 0.17427288 -0.55245018 0.10983105 0.0441138633 0.350575119 0.353797197 -0.365039825 -0.0588184558 -0.50359863 -0.086014837 -0.14712736 0.0177163631 0.10440997 -0.27849707 0.520386994 0.412133753 0.0188111458 -0.202002406 0.138289839 -1.07561803 -0.0434202477 -0.537543952 -0.0737001821 -0.293074399 -0.147256181 -0.411899745 0.574378014 0.0717394426 -0.177945003 -0.146755308 -0.819400787 0.172155693 -0.477835 -0.0964007825 -0.0223270282 0.721927702 0.357991338 0.362656653 -0.0114514437 -0.0356321 -0.272654712 -0.0556034967 0.176531494 0.0916268602 -0.268622518 -0.563190222 0.293880492 -0.15894036 0.420533657 -0.12371894 -0.031391155 -0.176265046 -0.197859764 0.433492899 0.0676863939 0.0814319849 -0.0945394784 0.0631898716 -0.180854738 -0.323356003 -0.255158097 -0.651024461 -0.336548209 -0.11244379 0.355800241 -0.413562179 0.0205115732 0.85121876 -0.0729152411 -0.219325274 -0.310770065 0.0149736628 -0.170618415 -0.404373348 0.504487097 -0.261908591 -0.175114781 -0.210136399 -0.129505679 0.0304717906 -0.142566189 -0.0473790467 0.0748419389 0.0812104195 0.454505831 0.607551038 0.433190554 0.424027473 0.010800886 0.0767093748 -0.314776838 0.0481388308 0.345937967 0.0497559607 0.136263609 -0.0358806998 -0.412133187 0.140540376 0.299092799 0.00512122503 0.271132022 -0.440902174 -0.171663165 -0.273691475 0.219206721 -0.101712108 0.114363782 -0.0615691729 -0.343384653 0.31223321 -0.286377937 0.597314894 -0.165715784 0.0747606531 -0.0414675437 0.748314977 0.195526153 -0.755654514 -0.320207536 -0.15733771 -0.609710813 0.0716202557 -0.115758218 -0.203822196 0.238307968 -0.192182302 -0.265801251 -1.67849076 0.180896759 0.435260504 -0.522387624 -0.287458181 -0.132687807 0.14868784 0.166018009 -0.631141007 -0.135500669 0.172493577 0.0783757046 0.890323281 0.181637079 -0.393544286 -0.445429474 -0.303720921 -0.66762495 -0.0310382117 0.0128966635 -0.0262855943 0.296956569 -0.158390447 0.197544485 0.158644557 0.244162798 -0.570784092 0.231160909 0.294804603 -0.207859933 0.409490049 0.0463984497 -0.0761350319 0.102443628 0.199699521 0.322786987 0.125890091 -0.521937013 -0.776612878 0.172180131 0.142443687 -0.0518542342 -0.0189786423 0.0526719168 0.237981752 -0.817525446 0.108344831 0.301529944 0.340694815 0.243088022 0.612140834 -0.535613179 -0.120016143 -0.150123909 0.112039171 -0.323129922 0.0323274769 -0.23776558 -0.290751576 -0.250658274 0.0884772316 -0.216350943 -0.294069737 0.347881138 -0.39354983 0.0591070279 -0.133980945 -0.0616808459 -0.0653297529 0.361606896 0.319180757 -0.416274339 -0.652491987 -0.240791485 -0.00361965061 -0.134271622 -0.0688056573 -0.237716243 -0.223124847 0.109494582 -0.220396519 0.285523981 0.0711482614 -0.00352741242 0.250410199 0.300232917 0.399740934 0.084110938 0.153823599 -0.405265719 0.381379455 0.196852341 -0.156653583 0.132432252 -0.349178106 -0.0179056078 -0.0505149253 0.0722051263 -0.0162897799 0.244577065 0.2808505 0.174549147 0.40225479 -0.204129487 0.248088956 -0.0955633447 -0.114925876 0.16368176 -0.121647887 -0.564985216 -0.0186131056 0.533303797 -0.357414901 0.454834163 -0.0736099556 0.20097582 -0.561826646 -0.0243169535 -0.187885165 -0.461792886 0.207974762 0.386509091 0.0265776627 -0.15812397 0.616199493 -0.00795677397 0.134475887 -0.676683247 0.0283573326 0.047802899 0.00034066732 -0.153683111 0.760237873 0.143225193 0.406297624 0.0852797925 -0.130613178 0.37423569 0.135486498 -0.123539649 0.068099387 0.170750603 0.619315624 0.260493517 -0.382780224 -0.30831331 -0.360115707 -0.405689925 -0.0965195298 -0.0454417504 0.249985591 0.444029868 -0.41783914 -0.507459939 -0.13363196 -0.0501386747 0.0644525811 0.201689586 0.238598689 0.250841349 0.0898975953 -1.00479198 -0.249741435 0.101699889 0.204026476 0.295828879 0.210383758
tensor_linearrelustack3bias 8
0.208185896 0.0553826354 0.201533064 -0.0394634418 0.269176483 0.42226243 0.106713437 0.114799179
tensor_linearrelustack3weight 1024
0.0304260738 -0.225563467 0.190345407 0.164930493 -0.50052315 -0.203664005 0.037509989 -0.122955792 -0.302082419 -0.00338701881 -0.0294921268 -0.202262014 0.0478045978 0.110640593 0.0857104361 -0.63104564 0.0528596565 -0.0101375459 0.167115718 0.0518075377 -8.73028512e-06 -0.0384143218 0.0625509918 0.161334932 0.0382427499 -0.0239544641 -0.254355192 0.126810417 0.125499517 0.204790756 0.309242517 0.0179887675 0.0788347423 0.0221422259 -0.0964331329 0.13945806 -0.0806903839 0.0391808078 0.713514328 -0.416228265 0.0588142872 0.0208124854 -0.398240536 0.120134257 -0.00615435699 0.457839489 -0.135857284 -0.117107816 -0.151825637 0.170652434 0.574331164 -0.399420619 0.00134151359 0.24476333 0.239380181 0.13320066 0.0608989447 0.102203637 -0.0687938705 -0.102556095 0.0704719871 0.126216874 -0.320528924 -0.247458771 -1.34559774 -0.76702404 0.0796780735 0.311808825 -0.00322028785 -0.455572248 -0.205413043 0.150052875 0.207436174 -0.174501061 0.475193322 -0.221299931 -0.613470554 -0.0189950522 -0.374426425 0.257229 0.198730916 0.0018680928 -0.220771715 0.0305471383 0.0811327919 -0.121355191 -0.1308451 -0.0318213068 0.000307667564 -0.0190140456 0.0742717311 0.183231905 -0.287119001 -0.02852799 0.976199985 -0.327266455 0.196896538 -0.18624346 -0.015906021 -0.123780787 0.0867062956 0.153020456 -0.0201036893 -0.433564216 0.216256544 -0.418031752 -0.229494244 0.0830605105 0.0569724478 -0.145779803 0.170203105 -0.119401351 -0.395044923 -0.0333228819 -0.213157699 -0.36615032 -0.828180254 -0.0522781052 -0.0670848042 0.00357030449 -0.226974428 0.0529319793 -0.0604397468 0.360841602 -0.0278264452 0.109493993 0.0815143064 0.0487580039 0.379005671 -0.0937760249 0.394803077 0.643432975 0.0603858791 -0.203543022 0.0620637648 -0.0532287471 0.137171611 0.0101592224 -0.0271770377 -0.0437465161 0.334615231 -0.237843454 0.275964499 -0.437703431 -0.00732699409 0.129545733 0.0812903568 -0.0694818646 0.30788818 -0.082961306 0.107437819 0.351612568 -0.400949359 0.069401361 0.188924178 -0.0287855081 0.419863969 0.121966168 -0.147410557 -0.0075374702 -0.0815832689 -0.0586280599 -0.446796834 -0.0362823382 0.0434968211 -0.0678258389 -0.617046058 0.313781887 0.0719343275 0.101727128 -0.339913189 0.431283712 0.145870715 0.13663353 0.410811931 0.0314726979 -0.043188829 -0.177309275 -0.201480448 0.0769293234 -0.101679631 -0.126076907 -0.186988682 0.405057579 -0.195206001 -0.117883317 -0.18159996 0.616425157 0.220930457 -0.0719575211 -0.21214442 -0.0415746085 0.241550893 0.385166019 -0.0248469226 -0.292215198 -0.176242813 0.805179656 0.377237618 0.208052933 -0.124989368 -0.00044260369 -0.185756564 -0.0580459386 0.172570542 0.16504094 0.285556883 -0.301509738 0.0784836635 0.102397569 -0.292051613 -0.123667449 -0.144205451 -0.200997502 0.0619734116 0.0229410138 0.0331033207 -0.210400164 -0.0649836287 -0.17629151 -0.0238390118 -0.0864190385 0.0525808558 0.0931176692 -0.215071633 0.284031838 -0.172098607 0.107892118 0.0309564453 -0.00766345393 0.0325183421 0.261904657 -0.122666284 0.337762803 0.032377407 0.0679113492 0.187956139 0.0983942598 -0.262002707 0.226836994 0.00974877924 -0.0103374124 -0.245904565 0.192827597 0.308689654 0.505692899 0.0687052608 -0.107197933 -0.000259918306 0.279800177 0.111634672 -0.265232474 0.00581977656 -0.0692054704 -0.296641409 -0.0488400497 0.198851615 -0.242283016 0.0911535099 2.17780948 0.0785546526 0.0580230132 -0.286378503 0.173027247 -0.21518445 0.132594094 0.017387135 -0.0616665222 0.184690416 0.0918873921 0.0675215796 -0.241643965 -0.667326391 -0.0962112397 0.165118486 -0.224571317 -0.204970062 -0.0280133877 0.00461407378 -0.329516739 0.182783306 -0.279292107 0.2688784 -0.0910444483 0.216837928 0.0245244056 -0.285773039 -0.338887602 -0.900185823 0.0826811418 0.142178565 0.165824696 0.0220827721 0.0627383143 -0.601231217 0.0934374705 -0.0958323032 0.100156747 0.818038344 0.189576998 0.420429856 0.541394293 0.239109695 0.167960331 0.161564693 -0.0686455444 0.206790596 0.131245315 -0.42150411 0.312044948 0.0851610899 0.0168736391 -0.224111721 -0.49952656 0.123856068 -0.114935331 0.238058612 -0.237191707 0.0776542947 0.0910537839 0.21213308 0.277852684 -0.0677152351 0.19817847 -0.0873405561 -0.132418647 -0.00733683724 0.0177400075 -0.213794902 0.0857453346 -0.0565096885 0.277632207 0.332675636 -0.0543158576 -0.094032526 -0.151312113 -0.197914541 -0.138704866 0.112689674 -0.234729543 -0.0186917558 0.136646286 0.211211115 -0.399704069 0.0405998975 -0.237188458 -0.0476661026 -0.0151826767 0.217566386 0.294658452 0.344043165 0.0634375513 -0.0611450523 0.245587662 -0.143526852 0.119637661 -0.183377177 -0.137980029 0.222915232 0.214769989 -0.143623963 0.541738212 -0.181022972 -0.297869116 -0.354329497 0.0940746814 -0.152504474 0.192201003 0.101851285 0.380782366 0.0148129649 0.134573773 0.315630853 -1.05864036 0.209764719 0.157824412 0.328962147 0.0150228925 0.11319045 -0.470798194 0.33796683 -0.0467776544 -0.225799039 0.0767776892 0.134806827 0.152405649 -0.0375680104 -0.794555187 0.190129668 -0.146204427 0.147671208 0.0942997634 0.301693648 0.0273700338 0.117501199 -0.051459413 0.0397908203 0.184363008 -0.273365378 -0.213693038 -0.0146813085 0.145202279 -0.265459597 0.0561007261 -0.0724983066 0.395189643 0.239145279 -0.0192530174 0.0919872224 0.108881272 -0.565368772 -0.0929698944 -0.202240661 0.202712119 -0.0673567131 0.30015707 -0.0074790311 -0.192715079 -0.104616858 0.119452082 -0.0843992978 0.062802799 -0.850417078 0.929363728 0.230068773 0.135976598 -0.661479533 -0.112330496 0.0243068673 0.208973765 0.289524972 0.201279253 0.0977897272 0.126074046 -0.197657198 -0.228546187 0.0585262366 0.0661254972 0.00107831554 -0.145782992 0.0185742304 -0.0421631336 0.297290623 -0.0849595889 0.00124118361 -0.00754204858 0.0696684867 -0.109415159 -0.485363692 -0.224116921 0.00849674549 -0.239973888 0.103806898 -0.188910961 0.0632149577 -0.078891091 0.0792553201 0.259133548 0.127343357 -0.350174725 0.314079463 -0.157259479 -0.0513308942 -0.0756802782 0.0237569045 -0.106787153 0.239703521 0.149071664 -0.061373055 0.142812327 0.18022868 0.00377436448 -0.0896023437 0.201420948 0.217955038 -0.12709035 0.0933718607 0.0679391623 -0.35185945 -0.0437053926 0.123172447 -0.238779679 -0.0450087413 -0.00178246829 0.0663446411 0.0563861579 0.0819605961 0.166329548 -0.0120088933 0.0193310734 -0.0463166945 -0.0568128601 -0.29157275 -0.102775954 -0.00707169203 -0.198302925 0.253869981 0.189251766 0.0917730182 -0.213811323 0.184476033 0.110519387 -0.0530769937 0.0692930892 -0.20850201 -0.114976637 -0.348810703 -0.149317533 0.0164558161 -0.0223406423 -0.0405266061 0.269949615 -0.12488129 -0.328426212 -0.409040272 -1.72332323 -0.136085629 -0.0800857916 0.119831748 0.0595644712 -0.214823619 0.220978722 -0.0164502654 -0.141336709 0.0887309387 -0.139552891 -0.0777770504 -0.427085161 0.0289489962 0.00367237418 0.18138507 0.13953805 -0.203369394 0.0556154363 0.170330867 -0.0595725104 0.186377019 0.0296072327 0.3810139 0.0113364533 0.147741556 0.223874807 0.0977369547 0.00424784143 -0.0435938053 0.0796842426 -0.0992522463 -0.158162609 0.111164138 -0.0480819717 -0.0223534387 -0.160709247 0.140674144 0.2403014 0.314658225 0.301159263 0.325412542 0.0137565909 0.0212683901 0.169384241 -0.167518198 0.0343434997 -0.0914742723 -0.0139392763 -0.0611276031 0.03732403 -0.110960692 -0.0646078289 -0.0515004508 0.0212764684 0.0869638398 -0.484967798 0.0742348284 0.0719078481 -0.0991156176 0.174689338 -0.14671272 0.0550461113 -0.0563030578 0.0154516129 -0.044600077 -0.746796012 -0.240870789 -0.0653093979 0.00135437096 0.227769181 -0.577035606 0.227473438 -0.311013609 0.203054294 -0.51927942 0.0125043597 0.227534994 -0.199584424 -0.018850306 0.142253995 0.19075489 0.0915032998 -0.119662136 0.0488988832 0.00839735381 -0.0953908041 -0.326783687 0.196177945 0.342294663 0.117555946 -0.630346477 -0.0634396896 0.2281131 0.181186065 0.0316555388 0.303083241 0.130472973 0.0902012289 0.265671462 -0.550533175 -0.0527941249 -0.0117472531 0.0995488316 0.105253644 0.0260992609 0.0641621202 0.00876781158 -0.11037299 -0.0918464884 -0.211142197 -0.195224851 0.133490279 -0.0763255283 -0.25796169 0.122079551 0.190567672 0.358897418 -0.0555399247 0.361498028 -0.204325438 0.139541864 0.10415902 -0.0131307142 -0.101230972 -0.205226719 -0.441432983 -0.197101802 0.316318095 -0.442892164 -0.151020542 0.0848232582 -0.107519656 -0.0237645991 -0.308811188 -0.409577161 -0.576034307 0.0705616027 0.0636786148 0.0236598123 0.0499406643 0.0261348523 0.027799746 0.116250247 0.128512964 0.00702137453 0.0892134383 -0.112663232 0.0125601199 -0.0126669873 0.019632725 -0.0222730469 0.105987161 0.449738204 0.016526958 0.0332954153 0.0754959807 0.0238770358 -0.165966138 -0.278229713 -0.257229537 -0.130488575 -0.235530868 0.214596212 -0.529056013 -0.379970998 -0.131457105 -0.882062674 0.317079216 0.247117236 -0.207108557 0.0800830349 0.389869332 0.0570463315 0.118250147 0.678829372 -0.497457713 0.0865785331 0.0396160409 0.0967186987 -0.013330576 0.211421356 -0.0235386249 -0.0277776755 0.0657530576 -0.102072068 0.0619488209 -0.342134714 -0.174137771 -1.01504517 -0.0331248119 -0.322625875 0.158120558 -0.0595562644 0.474867612 0.109999262 -0.0615440384 0.0973387435 6.89264052e-05 0.202103257 -0.145778164 -0.258764714 0.0557565726 -0.622697115 -0.199967355 0.110932529 0.0371218659 -0.268846393 0.000939944759 0.052326981 -0.237691581 0.0500175431 -0.0304552112 0.0128346756 -0.398613095 -0.020766357 0.0870990828 -0.819029152 -0.134458229 -0.346485257 -0.1037331 0.134340733 -0.0375813246 0.0799887106 0.0351903737 0.139535695 0.0761251673 -0.206304327 0.57715708 -0.0353565179 0.00797083694 -0.0421622023 0.0527896248 -0.00721913297 -0.566601276 0.0660614669 0.54713577 -0.190263614 -0.0258564837 0.0617695376 -0.257000566 -1.25949037 0.0538750477 -0.154972285 -0.240077898 -0.165678576 0.0368152559 -0.110198565 0.208492935 -0.151445433 -0.0701015294 -0.263570845 -0.241869718 0.0955855027 0.320481241 0.316117436 1.98506129 -0.108085528 0.244301379 -0.154053554 0.206139043 -0.154752657 0.0461405627 -0.000152610723 -0.0990211517 0.0853757784 -0.0380206555 -0.0700100064 -0.118616939 -0.124278396 -0.0601618662 0.128898755 -0.253242135 -0.279406369 -0.122522324 -0.0765317902 -0.0732392073 0.368124306 0.0246735755 0.013383409 0.047078494 -0.160722226 -0.136792541 -0.15336065 -0.0375981145 -0.186537176 0.224593818 0.187410876 0.317082763 -0.0430983454 -0.00795688108 -0.558366895 0.234320462 -0.0974680409 0.0529065952 0.155195549 0.367646128 0.125519603 0.514563501 0.103252299 0.0467976443 0.353729308 -0.200615466 0.22585085 0.20154798 -0.0372121707 -0.0269670114 0.0350943021 0.0577740632 -0.389947295 -0.311071068 0.135307193 0.0981585011 -0.125607714 -0.241117999 0.193737626 0.0972646475 0.715538085 0.40869996 -0.120002918 0.0377515741 -0.0432858281 -0.106741771 -0.00481738755 -0.00521926349 -0.0977428481 0.127011746 0.226166874 0.239485547 0.765794635 -0.308468252 0.247672781 -0.171579257 -0.443385005 -0.245169565 0.0509240329 0.128048569 0.0440544188 0.126990467 0.267702907 -0.25055778 -0.133190334 -0.307520002 0.0843966678 -0.154332027 -0.00471747154 0.0764243156 0.355027288 0.201445356 0.0174357183 0.157987297 -0.152610525 0.0283023939 -0.230992466 -0.0816101059 0.169417277 0.401187092 0.424483776 0.0712445751 -0.0416357592 -0.26715681 0.135388747 0.0976846591 -0.119804099 0.187313393 0.195050523 0.269558042 0.133763447 0.115160197 0.450429231 -0.0547099598 0.106626004 0.130286798 0.298327416 0.373436034 -0.0209812764 -0.209106937 0.0900143012 -0.192140579 -0.175947174 -0.0942060053 0.0260808114 -0.503519893 -0.236659795 2.86201334 -0.11045751 -0.452586055 0.152255952 -0.0802944824 -0.0230928175 0.101104677 -0.147885323 -0.389357984 0.231650963 0.118745096 -0.0717348754 0.0341023542 0.0460817926 0.485681832 0.127329066 -0.0302071739 0.0534155853 -0.0405885316 -0.118870854 0.0267202724 -0.119539335 0.0774156749 -0.357454568 -0.0728922784 0.129471123 0.0126486514 -0.057516098 0.0240149591 0.0520909354 -0.129704386 -0.233592555 0.319947362 -0.00260162516 -0.188700661 0.107331216 -0.486810684 0.134729475 -0.0981377661 -0.450481802 0.389179915 0.0509998426 -0.360477537 0.32061395 0.0230370946 0.306626916 0.00956202205 0.126912475 -0.0610445291 0.0533504784 0.0657638162 0.20439589 -0.180900201 -0.0459580682 -0.365762353 -0.031492535 0.518759191 0.283322513 -0.0100227939 -0.216614366 -0.0720770285 0.0298033003 -0.0181076899 -0.105563641 -0.127505168 -0.191230133 0.414151669 0.2842502 0.00752985012 0.0231114384 -0.00769654382 0.523554325 -0.0254373159 0.331268191 -0.0276520792 -0.154485554 -0.212338522 -0.0758774355 0.169295028 0.138239861 0.382802457 0.0115671046 -0.00651914114 0.0279958174 -0.0983805358 0.467666537 0.155154094 0.33236289 -0.0888617188 -0.620833755 -0.0495195985 0.111379325 0.343723267 0.0343328416 0.445240527 -0.409131318 -0.123389319 0.0853938088 -0.0465560108 0.0329533741 0.450320512 0.10842666 -0.2639274 -0.218006536 0.0314845033 0.0934049785 -0.0821789876 -0.0497901179 0.243243411 -0.439145267 0.375672191 -0.166507587 -0.248288676 -1.49293649 0.10207887 -0.0261280648 -0.112778015 -0.0820693076 -0.034112338 -0.288305998 -0.0930024683 -0.0215775762 -0.15656735 -0.144146845 0.0827551037
tensor_linearrelustack9bias 1
0.02739181
tensor_linearrelustack0bias 128
-0.179300427 -0.580366611 0.296060026 -0.323270887 -0.239184693 -0.462223411 -0.157675833 0.29762727 -0.293537319 0.178645536 0.346420437 0.387640536 0.11714524 0.171287328 -0.245947734 -0.337545425 -0.13523832 0.0240343194 -0.313129693 -0.0499744341 -0.315482438 0.0300491378 0.360298961 -0.402487606 -0.611677766 -0.0147714661 -0.238640398 -0.0437498428 -0.419770062 -0.356895924 -0.354949474 -0.148756176 -0.162419662 0.0617260076 -0.00251132227 0.0237751976 0.212058872 -0.0982431173 -0.798026383 -0.996543944 -0.159941047 0.338078141 -0.688789129 -0.222945943 -0.231673792 -0.165956482 -0.183948994 0.128914937 -0.133650452 -0.0248466376 0.228813604 -0.0633973926 -0.0711456537 0.0431355722 -0.216245979 -0.198380843 -0.564217687 -0.725335538 0.22901094 -0.414836615 -0.319707304 0.00983319897 0.338867426 0.216077939 0.279174984 -0.61528933 -0.268771648 -0.218449175 0.191766918 -0.417493671 -0.0978628471 0.104354985 -0.0994158834 0.32909286 0.163079798 -0.113926284 -0.204389796 -0.179002672 -0.707499266 -0.54064548 -0.0460288525 -0.298827887 0.367556065 -0.10223528 -0.0309287179 0.319714218 0.0360934027 -0.181029364 -0.339125365 -0.624627888 -0.078782782 -0.27221638 -0.734340847 0.292472005 0.219700441 0.0075513972 0.0596290976 -0.485181928 -0.0523280501 0.153145209 0.0756814629 0.0842893347 0.397304267 -0.348147482 -0.303976506 -0.458440453 0.0447266474 -0.18683967 -0.303121209 -0.144036919 -0.172260791 -0.335866272 0.434653342 -0.489780009 -0.134852648 -0.0273712147 -0.706432343 -0.346854657 0.379912496 0.451027453 -0.101718545 -0.249447361 -0.702824891 -0.329215586 0.347598284 0.193248585 -0.132837325 -0.0957635492
tensor_linearrelustack6bias 128
0.231927544 -0.0774511695 0.160801217 -0.262515038 0.283497989 0.347550273 0.149398252 0.168496951 0.0362657905 0.130899146 -0.0527129062 -0.145893455 -0.0723150894 -0.572798848 0.442143768 -0.0641663 -0.0667128414 -0.147345707 0.021970585 -0.311698198 0.433536321 -0.0834336877 0.395443648 -0.271328747 0.0894280896 -0.0310375988 0.0505030788 -0.15784499 0.266596019 0.270763546 0.233006373 -0.269411087 0.184789568 0.301665336 0.231667399 0.0181566384 -0.446493983 -0.492325395 0.483786851 -0.0555162095 -0.284139991 -0.0186581388 -0.175765246 -0.0184043124 0.292769611 -0.200131238 -0.0143122496 0.132693678 -0.0887453631 0.304094881 0.325682759 0.131391689 0.173023388 -0.121117793 0.0894584656 -0.182870105 0.300832838 -0.00873911288 -0.413753152 -0.0561333187 0.106055185 0.175086424 0.234932274 0.166313827 -0.306456447 -0.024490159 -0.0284543913 -0.140148655 0.331081271 -0.0236405432 0.198696062 0.235901639 -0.411650151 -0.000998475589 0.371990681 0.237380311 -0.122501954 -0.0374182835 -0.151218086 -0.668786466 0.098934412 0.0402151383 -0.240173489 0.261147022 0.239166141 0.584843457 0.0889878422 -0.0396690927 0.161982968 0.322174013 -0.846406341 -0.0505992472 0.534184337 -0.0729441345 -0.101695016 0.0602696911 0.33512944 -0.0342018493 0.514958441 -0.03328944 0.0581879131 -0.593758881 0.0956199914 -0.0105284937 0.194240272 -0.0334260054 0.500202239 -0.219670847 -0.313118994 0.461107492 0.0763227418 0.22994642 0.131123438 -0.216870308 -0.34917891 -0.0302334577 0.511705816 -0.215091482 0.142144054 -0.623187363 0.436635882 -0.255595356 0.0874812379 0.107991733 -0.14006947 0.279966354 -0.0464962386 0.159756631
tensor_linearrelustack0weight 1792
-0.461322516 -0.0509125628 -0.241595075 -0.283747613 -0.28336522 -0.41148603 0.31377697 -0.168810606 -0.0546502955 0.0618545488 0.442726403 0.210569248 0.204957679 -0.0722134113 0.0112228468 -0.0588495247 0.0444305725 0.00268095406 -0.0387612842 -0.255075783 -0.135378614 -0.296337306 -0.135097623 0.0381371863 -0.103846453 0.0788296759 0.0552949309 -0.993300498 -0.276160806 -0.0962519497 -0.0304087028 -0.0308810957 -0.124457061 0.541894078 -0.260217398 0.360973477 0.231503174 0.0529807396 0.184289262 0.0741174817 0.0992007405 -0.976765275 0.109864667 0.134103313 0.0571920387 0.038994085 0.0531906039 0.230363399 0.129642129 0.262839556 -0.0415552147 -0.0189139359 -0.0865364745 0.0324337482 -1.01590633 0.0534959175 0.432735205 -0.0326554552 0.16082105 -0.126924485 0.0487807021 -0.563455939 0.389039934 0.0107812677 -0.0148183741 0.0749072656 0.174332485 -0.154174984 -0.321477503 -0.187920123 -0.0320233181 0.0687235743 0.238269448 0.169628635 -0.188004285 0.141531929 0.756305397 0.0774248391 -0.00986546371 0.0331244543 -0.0810213238 0.230034098 -0.0409874618 0.243173867 -0.0870879665 -0.0498607755 0.228978947 -0.225119472 -0.153121114 -0.0804142058 0.595341146 -0.149871245 -0.133792192 -0.189731255 0.178927049 -0.216768384 -0.262557656 0.112847298 -0.108625218 0.00818614755 -0.0764876604 -0.0398634337 0.061738316 -0.175198033 -0.226695821 -0.221325755 0.308385283 -0.0237453803 0.190539986 0.0187953729 -0.00421729824 -0.972391307 0.03108426 -0.0213136617 -0.345071793 -0.337186158 -0.0502199829 -0.0689856112 0.354465932 -0.316672653 0.166969359 -0.0113762533 0.354164302 -0.61438036 -0.0875088349 0.225400552 -0.335771382 -0.0270083249 0.0686053708 0.0711096078 -0.0556129999 0.240325615 -0.0727135539 0.09390755 0.0410869718 -0.015152175 0.555051029 0.0143314153 -0.410832316 -0.0794403255 -0.234759569 -0.0348747261 0.0574207939 0.0429477468 -0.0671373978 0.154600248 -0.285537332 0.169038817 0.113348559 -0.166084021 0.301056594 -0.0949047059 0.138365671 -0.302154928 -0.0393539071 0.100518823 0.0216596927 0.0201270226 -0.0294915941 0.204222605 -0.205053672 0.016437253 0.33609733 -0.09815602 0.238846168 -0.00945244636 -0.0199941285 -0.686052561 0.00831176247 -0.134974137 0.010370207 0.351092339 -0.0318910405 0.0192010198 0.455986828 0.101277001 0.166190952 0.0201851875 0.0702056736 -0.793928266 0.128216133 -0.0641546249 -0.143465608 -0.0864163712 0.122888021 0.276696265 -0.152891174 0.0513054952 -0.215325654 0.22181347 0.82789427 0.147859707 -0.0909660459 -0.324593335 -0.134251624 -0.21139659 -0.446704596 -0.095870018 -0.162445202 0.0745523348 0.0271738935 -0.448222518 0.0242274348 0.0329665504 -0.319834411 0.076012291 0.430780381 0.075620316 0.0405383334 0.120379589 0.0474352315 -0.0256612133 -0.0170255788 0.0103559997 -0.139222801 -0.283628017 -0.472345918 -0.227098778 -0.234814391 0.0109142009 0.719812572 -0.451787263 0.0560952574 -0.577209651 -0.0360120423 -0.057593599 -0.0210991595 -0.0283995885 -0.0100726923 0.0427324548 0.181293577 -0.177905574 -0.688828647 -0.00342818955 0.0884347782 0.0380122177 -0.0682412013 0.779628813 -0.273412347 -0.0182315912 0.0267270971 -0.107948728 -0.485120982 -0.151005179 0.315323144 -0.150762394 0.672735155 0.0447838232 -0.178480819 0.16501385 0.201038375 0.0925434828 -0.0207152311 0.338915944 0.0688043237 -0.0475033931 -0.0216022376 -0.0952492505 -0.371620238 -0.213054404 0.214153737 0.457647026 0.0844188184 0.0622758381 -0.215691164 -0.0309830587 0.0465756319 0.176808685 0.136331365 0.120094836 -0.0609803014 0.141854212 0.394771099 0.358195543 -0.534151793 0.119540416 0.0101504391 0.0229715668 -0.481140137 0.127523243 0.0672745854 -0.051832255 0.17428048 -0.156115428 0.143772721 -0.0518362224 -0.0782414302 -0.137125999 -0.720742047 -0.0921191201 -0.0956118405 0.323002636 -0.103896201 0.237257093 0.127165481 0.155614153 0.0476729795 -0.0802710354 0.172860563 0.508705318 -0.390490979 -0.0404002666 0.14736478 0.0379931666 0.0754738599 -0.0129596759 -0.200852245 0.204437256 0.19739151 0.0703197569 0.292864084 0.104960345 -0.031822253 0.257927507 -0.0105944471 0.279560089 -0.186280206 0.0471229888 0.136733726 0.134283915 -0.0892984048 -0.3695032 0.0128598232 -0.124011941 -0.297225714 -0.0885524973 -0.11429704 -0.336428881 0.0719434246 -0.075077787 -0.243793517 -0.0237280354 0.109076351 -0.175322756 -0.00905373879 0.51071173 0.179746464 0.0542082302 0.320788592 -0.115039073 0.0691332817 0.209410802 -0.111582972 0.0573213361 -0.415881783 0.165216893 0.130037636 -0.387848288 0.0239567216 0.132940918 0.0229006819 -0.109342158 -0.0979656726 -0.178114608 -0.116187349 -0.0350179486 0.0276243035 0.0911220312 -0.0322648697 0.0186154675 0.0183289535 -0.254541308 -0.149863496 0.561066031 0.368660957 0.158652276 -0.0627837107 -0.0316799507 -0.0219309144 0.0992800742 0.249961436 -0.0510087982 -0.169077501 0.0607791729 -0.488647729 0.0656325221 0.070010215 -1.11090755 -0.218301922 0.0750832036 0.0393497162 0.145530507 0.0246243104 -0.0437351465 0.212552398 -0.182211429 -0.0479183272 -0.0299920533 -0.210517436 -0.280894578 0.203894258 0.204268664 -0.104716554 0.106839992 -0.301915944 -0.454834998 0.393895388 -0.114201121 0.415403336 0.274942458 -0.227694541 -0.0559942722 0.341946721 0.244735122 -0.0973534212 -0.205516547 0.336563498 -0.157750547 0.323412448 -0.207024857 0.149357319 0.04502213 -0.0416667983 0.0461774617 0.17562148 -0.172352299 0.126170039 -0.148793191 -0.184015051 -0.0075214114 0.111760773 0.0650466606 -0.0137236649 0.0601100102 0.0285845567 0.0864146575 0.511921525 -0.0547388457 -0.802525342 -0.0174041148 -0.218651399 -0.10272038 -0.277841449 0.0639736801 0.216239527 -0.0604274236 0.00737150572 0.0170505829 0.169365108 0.0202805363 0.0760461465 0.0829170719 -0.223220631 -0.0102785369 0.155354515 -0.553205192 -0.394731879 0.444019198 0.0926484317 -0.135538042 0.00310813426 0.0861702487 0.046331469 -0.0918432847 0.289727062 0.0648689047 -0.80600214 -0.0175161082 0.100095056 -0.0641829148 0.056733232 0.688752294 0.133646652 0.0611223318 -0.157431975 0.09736114 0.329010218 -0.19787015 0.718604028 0.106955342 -0.313114494 0.0192361679 0.0588752776 0.101442084 -0.0269131772 -0.602304995 -0.555477321 0.0409184955 -0.0713889301 0.119197413 -0.0334072523 0.146698877 -0.103193775 -0.0425732769 0.431192756 0.0243287142 0.217471734 -0.543636322 0.230715096 -0.654497623 0.387325615 0.293049723 0.047676798 0.108609773 0.139565289 -0.589658916 0.679788888 -0.0440512784 0.0721776709 -0.047530856 -0.0852409974 -0.270980954 -0.177902937 -0.0675624385 0.183949381 -0.0311882608 -0.103704713 0.00667816773 0.0200530756 0.0767284408 -0.0148924664 -0.0236861669 0.331399709 -0.0588259585 0.229794368 -0.469825983 -0.0868887529 0.141579732 0.036637824 0.0229309704 0.286927193 0.158270463 -0.215785921 0.112586148 -0.342052251 -0.0591470338 0.0227329936 0.216579765 0.14711836 -0.195355371 0.363336682 -0.254211754 0.123789825 -0.011779652 -0.0176748559 0.0271242913 -0.00472017284 0.165351465 0.224287316 -0.25116232 -0.118203297 0.0627148896 -0.656266272 -0.626046836 -0.133579507 -0.0326566808 0.221399054 -0.0820992216 -0.36265403 -0.112495303 0.0648818463 0.270060509 -0.301505417 -0.350640088 0.0732631385 0.0857645273 -0.523383379 0.131260633 -0.101011649 0.152127445 0.11395964 0.27391988 -0.137265071 -0.0872274414 0.0766179934 -0.254699379 0.0200015977 -0.342820913 0.295586646 -0.501405776 0.190626115 0.0250203107 -0.157685712 -0.194348603 -0.0954672396 0.0766001344 0.0794338807 -0.00187835156 -0.0345587246 0.171885416 0.011730819 0.06849958 -0.283550024 0.0160501152 0.43989116 0.0143678533 -0.0354603231 -0.170677528 -0.0141611397 -0.0853630304 0.121425785 0.0272965916 0.0439057574 -0.330326796 0.478004932 0.0903356597 0.00746210199 -0.0357895419 -0.704604089 0.139097765 -0.156912684 -0.160863861 -0.38797909 -0.00285658776 0.290457159 0.173447683 -0.0968658999 0.361689061 0.12157461 0.296250135 0.442620069 0.209039822 -0.333904237 -0.0080046868 -0.261540353 -0.491252631 0.162580475 0.416936517 -0.143142819 -0.152645841 -0.0554585569 -0.42568019 -0.343058527 -0.344124109 0.24370645 0.183581918 0.113577351 0.00631193211 0.0703374594 -0.0894519165 0.214703247 0.225257203 0.0339297131 -0.0326734819 0.0634408146 0.263335764 -0.0838196427 0.314668834 -0.123387709 -0.258683145 -0.56635201 -0.0710701272 0.115850255 -1.00944662 -0.41744712 0.123990506 -0.165743575 -0.425747395 0.10960713 -0.524710953 -0.0469829589 -0.22994867 -0.150912583 0.0299783256 0.483813554 0.427426308 -0.0120368162 -0.189141497 -0.0268423315 0.291357577 -0.209000081 -0.047594551 -0.109003194 -0.287519932 -0.234338596 -0.172504008 0.619217992 0.168924615 0.466334403 -0.0493639968 0.087719731 0.00954475161 0.237085998 -0.0388400853 -0.435431242 -0.608910382 -0.0869693831 -0.044641152 -0.242241189 -0.256665766 0.174019009 -0.00596622378 0.141180411 0.120286055 0.0264807642 -0.212063581 0.171870738 -0.0590619221 0.224956363 0.0359572321 0.13231127 0.0858754441 -0.0753304362 0.174258649 -0.334856242 0.0119342301 -0.43937853 0.131999493 0.0308761094 0.339415401 -0.16758284 0.131961599 0.104477674 0.00627549645 -0.0366508439 0.410082489 -0.241655588 0.110382043 0.0710789263 0.146674618 0.586467505 -0.045565851 -0.179885626 -0.717103064 0.477541387 0.17145671 -0.00842199288 0.0888555869 0.229209334 0.235294342 0.257441461 0.25010255 -0.224419549 0.221607417 -0.299638927 0.0860217363 -0.111049213 -0.676772416 -0.0630953982 -0.0999107659 -0.0521097966 -0.0721233487 -0.0298657008 0.0409523658 -0.128514081 -0.084723115 -0.531029642 0.00660773367 0.205088794 -0.156360969 -0.10008689 0.597039759 0.235685602 -0.121337995 0.224711195 0.109286793 -0.135083944 0.134977624 -0.253462225 0.151835293 0.42215839 0.0358891599 -0.604675412 -0.136804163 -0.117402397 0.0696738362 0.219008073 0.0298224706 0.250762671 0.0237907469 0.0319091156 -0.164010584 -0.0818775296 0.0521968417 0.241391316 -0.0415860638 -0.603127837 0.0124750743 -0.272243321 0.186792046 0.133659616 -0.0548909009 0.243824795 0.0778234079 -0.404908895 -0.306584597 0.178059086 -0.0215044059 0.576509595 -0.0463308133 -0.420072198 -0.194101974 0.151830792 0.0784916878 -0.0191893633 -0.0874783695 -0.0570584983 0.167900681 -0.189541504 -0.273364365 0.334196925 -0.193772227 -0.190523133 0.122498915 -0.171699166 -0.139440119 0.0172173847 0.336167723 -0.477681935 -0.0862930641 -0.100375623 0.00851930212 0.0841590464 -0.113890789 0.406536222 0.0598012097 -0.426792473 0.0906833783 -0.0178122688 0.0360023566 -0.0396236219 0.192117989 0.119557664 -0.0554731824 0.0225972794 0.196529746 0.0477945134 0.149403229 0.0949022323 0.255475789 0.422687173 -0.11409606 -0.469440252 -0.0488480926 0.0686258301 -0.216422439 0.0497966446 0.111784615 -0.145048827 -0.113741815 0.0518846139 -0.42127943 -0.775235713 -0.555670857 0.154235274 -0.0590861104 0.280261606 0.072854504 0.0290962253 -0.320654035 -0.208405405 -0.509487629 -0.245601431 -0.21106419 -0.113122046 0.030894462 -0.238362119 -0.131391183 -0.0660581738 0.121391319 0.125590608 -0.0032558185 0.21104756 0.108172886 0.102191411 0.0332645327 0.183503494 -0.0203123111 0.164575547 0.326517314 0.247717604 -0.0107520204 -0.614637196 -0.0351211317 -0.214440256 0.227056533 -0.222654864 0.352039814 0.184939578 -0.00461380789 0.069943957 0.0136893922 0.223393515 -0.093335554 0.194733873 0.0849812776 0.21984221 0.119112633 0.136521772 -0.168113664 0.0384695791 -0.756961405 0.138365135 0.0510736257 -0.11571198 -0.0678061843 -0.0799392387 0.0143639585 -0.284263015 -0.0453829132 -0.0132282004 -0.0309178252 0.314838409 0.0978223905 -0.330403566 -0.803046465 -0.0523366779 0.118764766 0.159687638 -0.0843533874 0.0198470298 0.0854334906 -0.136957064 0.153533578 0.123885982 0.0128637059 0.483652204 0.0244327821 0.0366943441 -1.28361046 0.020184882 0.0545184314 -0.258300811 0.196040243 -0.143825635 0.266550452 0.0168132428 0.110731363 -0.548755884 -0.022218423 0.151658982 0.235787764 0.0455710292 -0.498686045 -0.11091876 0.116490938 -0.186735898 -0.155713663 -0.171471 -0.253717601 0.0604536794 -0.0927035064 0.253029346 -0.475413948 0.261936784 0.0146561423 -0.0969849825 0.168018356 -0.0357427821 0.00665210793 0.0337934345 0.0201816019 -0.0259515569 0.0261581335 -0.0585023984 0.0292813797 0.267268509 0.000341198 -0.751292765 -0.109479986 0.0451539047 -0.186468855 0.0368467607 -0.0692497641 0.0431637205 0.0918465257 0.123701058 -0.10159269 0.164961383 0.335343808 0.309092581 -0.217861205 0.0557420142 -0.0538100675 0.383976042 -0.153939217 -0.111426473 -0.0301805846 -0.347447276 -0.441739529 0.228920996 -0.0972915962 -0.232430622 0.0464478582 -0.394762337 0.10779012 0.422623813 0.236766785 0.0227005333 -0.0055125542 -0.165270776 0.0433868244 -0.334862024 -0.268228561 0.0119569656 -0.294445872 -0.487380832 -0.508356094 0.327713549 -0.00791996252 0.445435554 0.0728138089 0.0139168147 -0.102636173 0.102658682 0.149145216 -0.0813621879 -0.267605633 0.426919699 -0.236746058 -0.0896035433 -0.172823697 0.20768179 -0.138490647 -0.107748188 0.0380319767 -0.0090096416 -0.317014605 0.296952695 -0.111324623 0.0262951422 -0.0575251095 -0.0597634465 0.167709872 0.0433232374 -0.0678822398 -0.691918194 0.0393033512 -0.407856345 -0.20033282 0.220045745 0.373892128 -0.117193148 0.00334380311 -0.0629201233 -0.0239480361 0.015152988 0.372428596 -0.372245818 0.130796269 -0.121266365 -0.00703174807 0.456445336 0.00132005149 -0.237670183 -0.233498991 -0.00507636135 -0.00604572427 -0.0138577083 -0.0493483655 0.199148327 -0.0426187217 0.336922497 0.0456453227 0.482395291 -0.011656845 0.200205997 0.194935352 -0.0146945436 -1.09965777 -0.328559935 -0.0268868152 -0.131452963 -0.0751160011 0.0469054207 0.437673986 -0.287781149 0.466903627 0.0455635823 0.0428062677 -0.218347713 0.13043502 -0.192047268 -0.57139641 0.235571072 -0.140060902 -0.0477945916 0.151487187 -0.00258731423 -0.570956051 0.710553586 -0.308052838 0.153440803 0.0517706983 0.301547557 -0.549810231 0.0204049516 -0.594456971 0.219452024 -0.0389204286 0.0193934776 0.134045899 -0.00302641164 0.157205507 -0.382985145 -0.01286605 -0.696915448 0.0353464074 0.308861643 0.0149245216 -0.131146416 0.268203467 0.267486036 -0.0303707011 -0.198944077 0.102836736 -0.035159748 -0.145528823 -0.528153479 -0.412350953 -0.00573449116 -0.00263762986 -0.0240519699 0.0745129883 0.00113617186 -0.467490137 -0.0264427792 0.0275588315 0.261740923 -0.170298561 0.00243003946 0.234729573 -0.308729649 0.0594036914 0.449657828 0.287854165 0.0238020513 0.293280959 -0.0107962117 0.0838808492 -0.0755536407 -0.0478682406 0.0573334545 -0.0768370479 -0.0595261045 0.0854788199 0.185175627 0.102822348 -0.9178617 0.0426064767 0.262186617 0.33549735 0.0857258886 0.254353315 -0.0242425464 -0.0135387257 0.0354172699 -0.288964421 -0.0662661567 0.211755648 -0.156291157 -0.0980620682 -0.141098082 -0.00133319048 -0.487589866 0.217823267 -0.24807708 0.22963424 -0.307907015 -0.0612224974 -0.0688513815 -0.0364140198 0.0865093395 0.371914059 -0.214062974 0.269995451 0.29198879 -0.0169194173 0.327673674 -0.186179832 -0.100379154 -0.668138683 0.0144293914 0.181434229 0.0532860458 0.116275951 0.0937363356 0.153425843 -0.161166161 0.0203984678 0.516792595 0.00407189922 0.066693224 -0.102350764 -0.809682429 0.136536241 -0.0822462514 -0.257167548 -0.0609577037 0.117680743 0.256289572 0.0414797813 0.172112629 0.277591109 -0.297180295 -0.0739494786 0.00527223712 -0.180144355 0.117186323 0.244287118 -0.186833754 -0.0956739709 -0.0183949787 0.0791222528 0.0708208457 0.108058624 -0.203717992 0.321452677 0.2144555 -0.102464318 0.233485565 -0.430314481 -0.100181215 -0.323612273 -0.328797042 0.029175045 -0.173885703 -0.230386466 -0.422431767 -0.0106793903 -0.182488158 -0.0362230651 0.430461496 0.197415635 0.218016386 0.222651228 0.00948552694 -0.167248875 0.362310559 0.0213484019 -0.0708562955 0.0090295719 -0.133691221 0.156479061 -0.0983724967 -0.0570651293 0.205821067 -0.14394024 -0.321170419 -0.671036482 -0.0504885353 0.0320668221 0.128486082 -0.00990818162 -0.479911715 0.118934222 0.0276317578 -0.172890291 -0.166127339 -0.28628239 0.189950556 0.0237644147 0.141127899 -0.0389838852 -0.0325990953 0.350333065 0.0886515081 -0.0901375264 0.173574299 -0.00905273855 -0.0896949247 0.15540576 0.0330393203 0.121711001 -0.3561652 0.523374498 0.0162214357 -0.0752302557 0.0135552166 0.170021519 0.0328963548 0.229715794 -0.0166747272 -0.0743755251 -0.183562994 -0.638277113 0.783788621 -0.215185776 0.212907791 -0.0306892283 0.223369494 0.127276078 -0.116112292 0.0206824057 0.263715386 0.106509544 0.0862622708 -0.0126299635 -0.0801887289 -0.0885066092 0.42890045 0.0796328261 -0.699705839 0.232552245 -0.286733836 -0.0919361636 -0.152619347 0.0899795666 0.114316292 -0.0041993605 -0.125645697 0.0175126772 0.0904206261 0.0303249732 0.246368453 -0.304232419 -0.511121869 0.0531278849 -0.326594681 0.293162167 0.0262089279 -0.472308189 0.188993767 -0.118102573 -0.0734918788 0.0748870894 -0.0258148722 -0.212154627 0.278540909 0.0477615446 0.396529347 0.0108200461 0.0782477334 -0.617428303 -0.153414205 -0.419832289 0.039750196 0.0134557988 -0.0435176492 0.0555562973 -0.0104505131 0.230139673 -0.0760284066 0.203534618 0.450418264 -0.0122452239 0.26458931 -0.362278938 -0.155905217 -1.5435046 -0.222295612 -0.0722908974 -0.16890116 0.134888202 -0.0575351343 0.783121884 -0.72640413 0.205266237 0.176232725 0.0741051435 0.155630946 0.021788409 -0.258811474 -0.0681275725 0.0406063274 -0.25172928 0.25957948 0.089436397 -0.0791353434 0.555926979 -0.300117075 0.290329605 -0.184585452 -0.0317447446 -0.360396117 -0.141273037 0.151689991 0.212757498 0.024005549 -0.173957661 0.345666558 -0.384544939 -0.174690992 0.307471991 0.16652976 0.113033071 -0.571348965 0.015245866 0.0668196976 0.312985629 -0.197944224 0.00810967013 -0.291319758 -0.248364836 0.0165932085 -0.164604902 0.00638117502 0.104951426 0.365747809 0.0956207663 0.334412932 0.223894879 0.301792383 0.241565481 -0.114268206 -0.433434546 0.285804838 -0.00101741566 -0.010193821 -0.404015601 0.153830007 -0.128227115 0.266925037 -0.1825746 0.0485176705 0.12370044 0.193264753 -0.374138385 0.0283552893 -0.370319337 0.253902048 0.0495062768 0.156173989 -0.203473285 0.0179964956 0.0896166936 0.0353316143 0.0967849046 -0.600594819 0.211510181 -0.0772101879 0.0840804353 0.0218544714 0.213641062 0.0884075314 0.104928702 0.160940304 0.08686582 0.203177884 0.138021246 0.247745052 0.246692285 -0.488184392 -0.129391223 -0.28819859 0.00149287714 -0.145674929 0.232803687 0.131896615 -0.0193128623 -0.0272132661 0.0238666255 0.081907697 -0.190248623 0.273083508 0.132738233 0.206122667 -0.0595527142 0.210709065 -0.631333888 -0.120029636 -0.180597618 0.214384645 0.00878136884 0.114027113 -0.366089016 0.0575979576 -0.33215034 0.186663792 -0.30167225 0.0247785915 -0.018573219 0.38184768 -0.232328907 -0.0842846408 -0.727278233 0.0572393909 -0.309913963 0.0358955525 0.0502868034 -0.0959723145 0.220278144 -0.249921709 -0.0859296992 -0.230588928 0.0854554027 -0.135582909 -0.14035815 0.0788555592 0.532786965 0.0622658618 -0.0489363633 0.0123446798 -0.379480243 -0.233833909 -0.578451335 0.0385041274 -0.0292292181 0.151858971 -0.0647410452 0.180995345 -0.35763061 0.0500138216 -0.011849015 0.237833932 0.023117682 0.219871178 0.0946244672 -0.0964230895 0.455730379 -0.528568208 0.019645391 0.235837787 -0.0290253051 -0.14654617 0.101898737 0.140663564 -0.450109512 0.220014736 0.0125111425 -0.133902669 -0.0980205759 -0.0459700674 0.142319217 -0.332354337 0.0619056113 -0.256721556 0.0428337306 -0.210006118 0.107474618 -0.313033611 0.474814653 -0.114779398 0.0348214321 0.0452117771 -0.148604125 -0.0425255634 -0.259802401 0.200899467 -0.309497088 -0.548609734 0.0814437792 0.0809859931 0.0904150307 0.149499282 0.363019168 -0.569292545 0.0697776377 -0.073022753 0.0684951022 -0.0136042023 0.0433842167 -0.00954203308 -0.107107505 0.336842984 -0.124174461 0.477847308 -0.380296111 -0.114789374 -0.0421821699 0.113351971 -0.0716109574 0.138479128 0.158892155 -0.00885450933 0.100978106 -0.0851547867 0.353689611 -0.594599187 0.105802208 -0.430761129 -0.245780468 -0.011922162 0.247176543 -0.259412199 -0.0761273876 0.00570507813 -0.00896370597 0.00183405541 -0.0249501243 -0.0765895918 0.0615885556 -0.112920344 -0.663371444 -0.0221421197 -0.0281014219 0.164498121 -0.122064151 0.0504580252 0.0572601855 -0.00681129331 -0.0594106019 0.113564253 0.336136222 0.120270766 0.158630177 -0.360176146 -0.0381582677 0.219537422 0.109000854 0.0181377456 -0.630524695 0.199765384 -0.0266974196 -0.513828874 -0.146641389 -0.141747206 0.26025033 -0.816213846 0.0239447113 0.227532014 -0.161052674 -0.0767170042 0.101670653 -0.0348632671 0.0105250739 0.102498345 -0.0322004557 0.167323872 0.0426983871 0.04489002 -0.00460877875 -0.507229447 0.1801157 -0.284348071 0.136603415 0.257798076 -0.730882347 -0.230219871 -0.265685886 0.236056715 0.0962367058 0.364157528 -0.232860267 0.0287148859 -0.27302444 0.295217186 0.0481317714 -0.217667177 0.0406225622 0.113905735 0.178006813 -0.166811019 -0.950804472 -0.0583081879 -0.0169457234 0.337810189 0.127747491 -0.0744329691 0.580688953 -0.106770508 0.450980097 -0.864601195 0.252131969 0.105571806 0.193854585 -0.0384572223 0.110070415 -0.0744526312 0.00175560021 0.0190189257 0.151546821 0.108195797 0.0137483189 0.31141901 0.00567262294 -0.706312716 -0.073260501 0.277844638 -0.10075222 -0.354107112 0.412133992 0.0146804955 0.0216986295 -0.0376501195 -0.00319052301 0.0744926631 -0.173338726 0.355679691 -0.0795602277 0.247522488 -0.11576362 0.223855302 -0.761623263 -0.100085504 -0.219441459 0.16694288 -0.0367400721 0.102784075 0.0994805172 0.0891900733 0.0925634503 0.243669748 0.177906737 -0.017702926 -0.0184965488 0.0891544521 -0.47868228 -0.0200715829 -0.326820195 -0.409477502 0.0361485966 -0.112879448 -0.307290137 -0.208782673 0.335420698 -0.212798283 -0.0584680773 -0.153554022 -0.0269671157 0.159045622 0.318056822 -0.0284484979 -1.028355 0.0681040064 0.175072774 -0.0531402975 -0.0890350193 -0.190267995 0.00939344335 -0.389207959 0.0447476283 0.57621038 0.470426738 -0.0723714679 -0.059266258 -0.214179188 0.128022134 0.168533444 0.148038924 -0.190999448 -0.110376649 0.257128775 -0.122638337 0.408817887 -0.124455296 0.107586645 0.292032868 -0.0293371063 0.0152979568 -0.0024663622 0.124751061 0.134717941 -0.0477620885 -0.0545711033 -0.00899576209 0.237942636 -0.131232604 0.166461498 0.223359674 -0.497441381 -0.0272353198 -0.42596522 -0.570690811 -0.0132182864 -0.026524391 0.105909869 -0.0109426193 0.0370064825 0.0100050541 0.0579666235 0.0557338037 0.265986234 -0.111422032 0.36256516 -0.0689172447 -0.0758659169 -0.699179709 -0.156766161 -0.181394234 0.178888261 -0.0295850579 0.116707578 0.0752098635 0.160276726 0.0666794777 0.0697304383 0.381155223 -0.397175014 -0.0262545682 -0.0174223147 0.144218519 -0.0795587152 -0.042253349 -0.0842252299 0.0169387516 0.169183597 -0.0474660322 -0.198077694 -0.0630960017 -0.0734510124 -0.210479677 0.568132222 -0.14830853 -0.0192894153 -0.548939943 0.0634424239 -0.36316061 0.160870627 -0.113287561 0.132551923 0.0938892215 -0.0106335254 0.280421287 -0.331838161 0.293916285 -0.104532279 0.442806333 -0.157514468 -0.0198890064 0.166726962 -0.0472249016
