tensor_linearrelustack9weight 32
-0.0903140604 0.431685656 0.297813922 0.395507663 -0.414562076 -0.0462003797 -0.070628956 -0.122829974 -0.0735371485 -0.0713867396 0.0209439471 -0.0818769038 -0.0674977899 -0.010720931 -0.1098134 0.238750532 -0.0661026537 -0.125764668 -0.168406546 -0.145045131 -0.803768992 0.236035585 -0.699401975 0.297280252 -0.2719419 -0.146108374 0.196237907 0.501244247 0.0772732943 -0.0435149558 0.342143714 0.238542229
tensor_linearrelustack6weight 1024
0.0441891402 0.564516962 0.00592477294 0.384073466 0.171153352 -0.441834033 -0.183566287 0.410358727 0.158257782 -0.038478002 -0.249797314 0.221529528 -0.147110134 -0.358763874 0.156162456 -0.287498474 0.128130078 0.392627954 0.277001202 0.0701779202 -0.0261180643 -0.0529130027 0.260366261 0.409303933 0.229991868 -0.0727495924 -0.0266566239 0.476536006 0.00834049564 -0.125930503 0.0678973496 -0.099912785 -0.112461932 0.147277236 0.501828253 0.661072671 0.144913226 -0.456851751 0.357851148 -0.899381042 -0.990168929 0.313399315 -0.275191903 -0.211532667 -0.170033976 0.259923488 -0.267114222 -0.318065047 0.439994454 -0.0976958647 -0.517354071 -0.37815398 -0.950509787 -0.260943711 0.287312984 0.150333256 0.658322394 1.11147881 0.0626862347 -0.290334433 0.21295312 0.270973206 0.0978946984 -0.106396802 0.137134299 0.158477426 -0.489944637 -0.210780874 0.454889834 0.641526699 0.130789161 -0.414596379 -0.421192676 0.0484587103 0.0306884386 0.152841926 0.299698234 -1.399786 0.0938661695 -0.399394304 0.345656306 0.44492802 -0.327633709 -0.0915713608 -0.443313181 -0.863388836 -0.233684584 -0.0696448386 -0.31238386 -0.303107589 -0.597218812 -0.5882743 -0.340244532 0.506138027 0.0113816373 -0.289164186 -0.674466133 -0.621733904 -0.157116458 0.32860443 -0.0312204454 -0.314964324 -0.0876988098 0.216321841 -0.168061495 -0.505218983 -0.432547837 -0.205914512 0.71204102 0.268825948 -0.492277175 0.571977019 0.206133828 -0.327797681 0.00592149841 -0.377079099 -0.0650392175 0.128344849 -1.28641188 -0.284515083 0.234191045 0.186670393 0.0378053747 0.548273146 -0.367775232 -0.374991179 -0.0334324911 0.091688253 -0.483382881 0.217336103 -0.720319569 -0.150367558 0.40463081 -0.0433144644 -0.705676973 0.0406975336 -0.201135635 0.219815284 -1.7210362 0.265376121 -0.497457445 -0.180045947 0.654859781 -0.0709325299 0.054752931 -0.0109572932 -0.452075452 -0.477047622 0.523682952 0.101146892 0.112758264 0.220686674 0.112805814 -0.025973428 0.0129531426 0.162909448 -0.7485075 -1.82786775 -0.952487111 -0.468317419 -0.195298254 -0.286139041 -0.0630696118 -0.277009249 -0.136433378 0.154175803 -0.0651570559 0.191584289 0.387831986 0.171070814 -0.0942784697 0.00220174715 -0.419907004 0.271526933 0.395224214 0.266781658 0.213115767 0.278417647 0.213650927 0.0187449474 -0.0736087188 0.325754315 -0.0209254324 0.798510611 0.216372788 -0.262283981 0.179858252 0.207425296 0.327429742 0.239235744 -0.0169484336 -0.172253042 0.194371983 0.52015847 -0.148536995 0.213637531 0.133753702 -0.130525738 -0.368329346 0.144130677 0.169199824 0.0455195531 -0.173554748 0.109203205 0.067409955 -0.0488990657 0.251558602 0.194270164 0.175243944 0.570079267 0.289735645 0.0203900915 -0.277251571 0.113478467 0.347391993 0.333717853 0.171740621 0.197369441 -0.298385739 0.193523228 -0.0326373577 -0.352594584 -0.153652892 -0.0678978786 0.344693869 -0.0250665564 0.0987473503 0.274046063 0.49439764 -0.292143583 -0.19668068 -0.113875128 -0.170044869 -0.375858992 0.0416880175 0.298826367 -0.351630896 0.303279489 0.582390308 0.405852169 0.45747757 0.296407282 -0.553036571 0.0393507816 -0.426597089 0.0878595933 0.426539779 0.0171983726 0.280343235 -0.924461007 0.560013235 0.115098201 0.0969836488 -0.0220115948 -0.700203478 0.104527317 -0.0855728239 0.142763153 -0.0358642302 0.27865696 -0.00309695862 -0.0711454973 -0.470058888 0.0327794999 -0.209295571 0.0938100591 -0.119356699 0.203462973 -0.127146274 0.273825943 0.290588915 0.357933313 0.461288273 0.539579391 0.235904559 0.0731284469 -0.394849867 0.236847878 -0.04783177 0.512176454 0.0645320266 0.0826068074 -0.0874281228 0.124043815 0.41132471 0.0997025073 0.0157148 -0.314180195 0.254684657 0.47629565 -0.0271816999 0.0786610171 0.32696712 0.186024159 -0.208641678 0.233194172 0.0902573541 -0.313928187 -0.338100463 -0.249235153 -0.0896386206 0.511409163 0.165926412 -0.026616862 -0.0370163545 -0.0588553473 0.0790277123 0.0338912569 -0.217412978 0.674271286 0.0513855889 0.522443414 0.570794821 -0.602561712 -0.125826195 0.0129580535 0.501386225 0.326737523 0.358229667 0.131373107 0.00606652908 -0.193079799 -0.1685009 -0.250751406 -0.211718172 -0.111067966 -0.246510625 -0.00392948696 -0.215075165 -0.211949497 -0.129596561 -0.139853135 -0.189132854 0.0338582136 -0.0772926733 -0.108169071 0.0145772528 0.0776533931 -0.0515493713 0.0278628711 0.0438364893 -0.155500755 -0.0759834722 -0.0822747573 -0.0157626346 -0.0534770936 -0.124107912 -0.19226101 -0.151047453 -0.190283433 -0.036916513 0.00562956231 0.175290629 -0.00700142374 0.10917107 0.488980621 -0.00401422195 0.0936744213 0.00104780635 0.150812313 -0.114460796 0.0997291431 0.0735065937 0.276878923 -0.197703809 0.254744977 0.359335303 -0.0311223641 0.308510631 0.290631145 0.351020843 -0.327596605 -0.311825305 -0.0335753746 0.0612771139 0.462030053 0.122013196 -0.190713599 0.125674918 0.376250505 0.342712462 -0.348180532 -0.558337092 -0.176019847 -0.0627679601 0.217092097 -0.145174682 0.328674078 0.283414483 0.068204388 -0.466692209 0.197118804 -0.269932568 0.217457622 -0.151281655 0.300040126 0.136760473 0.208844021 0.719685614 0.307737678 0.445253938 0.355913848 0.367982298 0.0311460961 -0.41014716 0.280092329 0.0293001141 0.485290796 0.162729576 -0.142099395 -0.116140909 0.173050091 0.18298322 -0.0804978088 0.203288212 -0.189203858 -0.119105056 -0.0363998674 -0.097994484 0.0659176782 -0.234331876 -0.252744645 -0.102153465 -0.277060062 -0.0803128928 -0.0241393708 -0.220761254 -0.0323725566 -0.0270717517 -0.0955037847 0.126365691 -0.14117676 -0.0851641074 -0.0810758993 -0.122557029 -0.00824367907 -0.107315466 0.00237663905 0.061178796 0.0559011213 -0.200094149 0.129223749 -0.078863062 -0.138274983 -0.119008653 -0.00919299945 -0.0205950309 0.0275650974 0.132116824 0.203491017 0.0862705559 0.556892455 -0.487094164 -0.216357321 -0.331040412 -0.210056201 -0.157960877 -0.339173079 -0.0965663716 0.158635408 -0.0283290837 0.379738867 0.588044643 0.260802507 0.0758706257 0.270637482 0.143400848 -0.14601548 0.153213695 0.742744923 0.266530156 0.227844611 -0.336943597 -0.00607658923 0.0446908996 0.503865421 0.506951809 -0.128835738 0.373114496 -0.405887693 -0.198227942 0.191207379 -0.0372759923 0.0630252212 -0.970246434 -0.30096218 -0.0962827578 -0.370466501 -0.740613341 -0.111391708 -0.270794541 -0.611534595 0.0210477095 -0.069604978 -0.418405026 0.24694033 0.450629562 0.234301254 0.0404024459 0.480327189 -0.383423716 -0.176546127 0.68283391 0.150364965 -0.294734091 0.456494361 0.260401309 0.0685148984 -0.496900946 0.0662017837 -0.405503899 0.718090057 0.0979642794 -0.141261175 -0.0639392287 0.318521142 0.144351944 0.19844842 -0.316809058 0.109581463 -0.0219084471 0.0121151358 -0.153159738 0.383315384 -0.096720852 0.166287675 0.734164059 0.0837298781 0.179725215 0.411842555 0.492146552 -0.08998698 0.0112497238 0.11555285 0.325129569 0.503840208 0.143428028 -0.546009541 0.0740692541 0.0455791317 0.113752492 0.11060638 -0.348337322 -0.138994038 -0.0766249001 0.313124537 -0.283344001 0.524771631 0.336016089 -0.721176147 -0.247098163 -0.212789953 0.259947509 -0.00114453374 0.143520698 0.166457653 -0.409092993 0.143620476 0.326029211 0.445455074 -0.175496981 0.511176646 -0.0653562024 -0.207134932 -0.0760661662 0.556644917 0.0761273578 -0.141096145 -0.16987741 0.165950865 0.056231454 0.700651526 0.0795301497 0.0044534984 0.0619532987 -0.0699146166 0.138913706 -0.284727812 0.0596306212 -0.504871488 0.0976760238 0.0500415675 -0.0968892053 0.146723688 0.262916297 -0.471180856 -0.461769581 -0.247562036 -0.0274606124 0.0106814178 0.58323127 -0.0214501694 0.0594723187 0.46049121 0.169786096 0.190585315 0.245980263 0.0383974873 -0.439700365 0.180499598 0.799567044 0.0500493534 -0.0280310158 -0.771653533 0.492359668 -0.151481569 0.108724132 0.316896737 0.411029309 0.403126866 -0.548665702 -0.447618783 0.247234657 -0.473015845 -0.155820534 -0.119936258 0.399517149 -0.103304543 -0.296290338 0.0392579511 -0.0726560429 -0.073929891 0.0616949797 0.577440619 -0.09770336 0.245419845 0.386607409 -0.131217256 -0.147726864 0.571198404 0.353649318 -0.0597979128 0.224794164 -0.195728451 -0.171340063 -0.253604531 0.0410435423 0.120653279 -0.000238388224 0.16573067 0.186401471 -0.0759474114 -0.14876011 0.0743753165 0.225439548 0.278163314 -0.244673014 0.308831334 0.0813206285 -0.117620975 -0.0204634871 -0.511805713 -0.14170824 -0.401614338 1.2370863 0.256141841 -0.482816815 -0.171862915 0.0233136006 0.0328876264 0.15433763 0.0683010444 0.120543741 -0.0301562473 0.0169128813 -0.230235025 -0.428564996 -0.440036595 0.122083694 0.261658996 0.181716353 -0.202204019 0.556848288 -0.0202131979 0.249338001 0.148426086 0.257471621 0.100104965 0.137514636 0.2369598 -0.32581231 0.0549899042 0.101403482 0.0248755515 -0.500211835 -0.40086323 -0.283842862 -0.727195799 0.476016164 0.416799128 -0.189016148 0.24983643 0.128501743 -0.807389557 -0.431537598 -0.314730287 -0.399972945 0.184428275 -0.205858126 -0.710297883 -0.426158667 0.489662439 0.17422846 0.208997384 -0.137582615 -0.0882626772 -0.111892581 0.409963787 0.445223361 0.169430315 -0.00606633583 -0.230197847 0.0396967418 -0.428848237 -0.466606051 -0.436638027 -0.20963636 0.218179971 -0.462769628 0.0516241491 -0.628852665 -0.0288437959 -0.0192392431 -0.297745764 -0.126605481 0.158576354 -0.929469824 0.328638166 0.24737519 -0.673803031 -0.352013677 0.406380296 1.08423662 -1.59490931 -0.0035705755 -1.47819054 0.425382763 -0.0613923706 0.188224122 -0.17134136 -0.0152111761 0.677981794 0.0254062004 0.00244241906 -0.159429714 -0.333768278 -0.271321088 -0.219868243 0.156350493 -0.74014163 0.0497424193 -0.377491504 0.493119389 0.521874666 0.212062344 0.00852409843 -0.0937429592 -0.935547233 -0.322968632 -0.471134692 -0.0977735966 -0.241143584 -0.089071542 -0.079165332 -0.0993068069 0.201975957 0.145131618 -0.0961211547 0.116684459 -0.209160522 -0.73539257 -0.244761437 -0.150713608 -0.174798518 -0.331184924 0.59786886 -0.103693441 0.170997962 -0.421314955 0.261930466 -0.454109609 -0.139123946 0.755321324 -0.191279158 0.218345106 -0.151353166 0.269287586 -0.815349281 0.307926834 0.506325006 -0.127231389 0.184149802 -0.085748218 0.38080585 0.370922685 -0.566793203 0.866700172 0.240071207 -0.60536927 0.137501508 0.16673027 0.38330406 -0.181626514 0.0513587557 0.312844574 -0.606691599 -0.399536371 -0.00816288032 0.301748425 0.316225827 -0.265610784 0.430796325 -0.248808324 -0.169932067 -1.49528193 -0.209604681 0.121727206 0.094458811 0.364758998 -0.0776738897 0.27892071 0.253272533 0.331612527 -0.027991293 0.0825281739 0.0630702451 0.188453317 0.411310822 -0.108213648 -0.19933188 0.0796235502 -0.610255361 -0.212135524 -0.0614759102 0.466104448 -0.120103277 0.285062879 0.21814321 0.0239138026 -0.575894833 0.0144669749 0.0830309764 0.319089562 -0.737523854 0.803667724 -0.222826362 -0.0770118684 -0.397679389 0.132918894 0.0272049382 -0.0519886203 0.222295061 -0.0913393274 -0.199441254 0.0727698952 -0.147280201 0.310559779 0.0401854962 0.276260257 -0.550804198 0.0840902105 0.0420915037 0.322969526 0.664143264 -0.251076549 -0.75202173 0.19620952 -1.24548995 0.145127401 -0.348549664 -0.28209722 -0.389442056 0.39655757 -0.705126226 0.5369699 0.347120374 0.139779299 -0.305536181 -0.028797606 0.450367987 -0.355336279 0.0844783112 0.267386764 -0.634384096 0.525178254 0.462066919 -0.16196239 0.382391989 0.283151358 0.280864269 -0.756203473 0.456690609 -0.555486202 -0.177617565 -0.17666845 0.351952642 -0.0522074327 -0.053751681 -0.0675239861 -0.0791691542 -0.0538890809 -0.181005806 -0.154091552 -0.103781208 -0.154742584 0.0605942123 -0.270611793 -0.133476809 0.0348509997 -0.214834094 -0.04422668 -0.105726101 -0.0892947093 0.0215500668 0.0531395897 -0.10105101 0.0642254874 -0.0669613406 0.0130126281 -0.191277206 0.0207262002 0.0809697211 -0.188250914 -0.10884326 -0.130341426 0.0643237829 -0.170421034 -0.189817801 0.0118733486 0.0590209626 -0.128641605 0.401300013 0.10018909 0.121088356 -0.208837301 0.138800561 0.0446769744 0.0832514018 -0.0785599276 0.217206746 -0.11231675 0.164492324 0.755817354 0.160740793 0.106022052 0.323214561 0.0478135012 -0.104564786 0.00775902858 0.294656217 0.393854678 0.531047642 -0.0259941686 -0.511227965 -0.0338196754 0.357745141 0.447929651 -0.0700897425 -0.200919092 -0.203596413 0.352988809 0.507634699 -0.0312529393 -0.413103759 -0.22352089 -0.821877599 0.2407846 0.0645893812 -0.494921595 0.355720907 -0.126373857 -1.1218698 0.49475044 -0.567233801 -0.19502084 0.00736635225 0.0762959123 0.369597346 -0.335818291 -0.1575187 -0.546040118 0.622371733 -0.304988444 0.149242535 0.0413550958 0.405019879 0.628252029 -1.30817616 0.12376646 -0.155056775 0.745899916 0.363075852 0.480028093 -0.0772637203 0.167175561 -0.612003922 -0.450927258 0.727348864 -0.0417344458 0.14124611 -0.315597475 -1.076913 -0.293935329 0.34222734 -0.181084245 0.0664619878 0.172096029 -0.13176097 -0.22253114 -0.0351127721 0.324885339 0.200812295 0.171378165 -1.67916906 0.41206935 0.573532522 -0.0670855939 0.547183335 -0.256836444 -0.256767243 -0.102898106 0.0431942791 0.374370992 -0.132444531
tensor_linearrelustack3bias 32
0.829552412 0.579676807 0.0138318045 -0.5958184 0.411693722 0.369966745 0.30089277 -0.0681731477 0.591968358 -0.47123602 -0.466982722 0.128081232 0.489215374 -0.127005279 0.626456916 0.477194816 0.635310352 0.938434362 0.163913026 -0.16800335 0.470072031 -0.218870327 0.117138714 0.0258426871 0.304621279 0.22017251 -0.00744310254 0.44890362 0.253923029 0.257643551 -0.0501916036 0.44093591
tensor_linearrelustack3weight 2048
0.0757277012 -0.095406495 -0.136463195 0.205405369 -0.202208251 -0.0424776897 -0.203088209 0.414830983 0.169981018 -0.382071376 -0.115316786 0.49693042 0.214304581 -0.333411455 0.594133735 0.145210892 -0.025536282 0.562732756 -0.166585609 -0.666795492 0.107263349 0.0297092199 0.409546345 -0.381105423 -0.645626783 -0.190559953 0.081958577 0.837411404 0.163391083 0.263243675 0.298423916 -0.788108766 -0.455654889 0.131627411 0.0195354857 -0.14949657 0.114912011 0.168629497 0.392955899 0.0215239078 -0.17296806 -0.535614252 -0.231084034 0.0803522766 -0.674172342 0.244109124 0.646237195 0.0559261255 -1.06489062 0.0979624689 0.00965504255 -0.808743179 0.164763227 -0.922651529 -0.106283911 0.0419186093 -0.547433853 0.164088488 0.520475924 0.31736061 0.286956966 0.0133555997 0.238133907 -0.729210198 -0.0442828275 -0.0552610122 -0.103518859 -0.124223948 0.111558452 -0.0374096148 -0.182521299 -0.0549675971 -0.393366277 -0.088813059 0.337786168 -0.215182126 -0.433774799 0.292797744 -0.170734793 -0.204502776 -0.096565932 0.603986025 -0.267063111 -0.177027777 -0.105808012 0.210681692 -0.490477651 -0.578103781 -0.263941944 0.02013864 0.122442037 0.312426269 -0.281955689 0.636904001 0.475548387 -0.187235937 -0.472729564 -0.213013008 0.525830626 0.490429878 -0.517177403 -0.1555527 0.660374582 -0.133016363 0.285203576 -0.0185461938 0.0803760067 0.472126037 -0.379909724 0.0858316049 1.12714934 0.481232703 -0.911869466 -0.0259949397 -0.590436757 0.341211766 0.189152688 0.462250084 -0.241562977 -0.00937226508 0.897968769 0.0692748651 -2.23799944 -0.0603235289 0.167216241 0.0888010859 -0.398431152 0.0984367281 -0.104624033 0.38851878 -0.312886357 -0.280449033 0.230325833 0.0793148428 0.231356338 0.238455698 0.403181195 0.0148854358 0.434447229 -0.678613126 -0.208964214 0.0888673738 -0.334952801 0.48991546 -0.0577061735 0.615721047 0.276230156 0.555483937 0.34702152 -0.0224743038 0.42836377 -0.428754061 -0.540863574 0.536379218 -0.0666456521 -0.156953976 -0.471449167 -0.519353092 -1.12140071 -0.0836926773 0.0934518278 -0.0818209052 -0.306655526 -0.216172457 0.053809911 0.224773929 -0.100513734 0.501268923 0.36953184 -1.2746594 -0.197862908 -0.595223963 -0.0486447513 0.099534139 -0.0319800973 0.0946351737 -1.51091933 -0.0475733504 -0.336915225 -0.731899977 0.0791737959 -0.00806561485 0.184623405 0.0201870985 -0.825021327 0.384142458 0.433879852 -0.608166993 -0.171110705 0.258390933 -0.296848744 0.395174712 0.217384622 0.289609581 -0.0527113974 0.132298589 -0.205183432 -0.165966347 0.37889412 -0.0340174288 0.199802652 0.0894488692 0.116917342 -0.302013069 0.0325072631 0.419187039 -0.0451116711 -0.0531212725 0.149084866 0.324516118 -0.138844386 0.580009043 0.34153837 0.07608556 -0.532648206 0.085024938 0.339198858 -0.111075327 -1.85084939 0.145704389 -0.0290278718 0.44682622 0.196000397 0.226870328 0.0225104894 -0.0627092645 -0.43934837 0.141799703 0.873422623 0.388436258 0.392834812 0.171957701 -0.170338452 0.832187653 0.0714750141 0.274621636 0.121868424 -0.360776782 -0.238535881 -0.0105585018 -0.402833879 0.479756266 0.532270908 -0.465298086 0.463726729 -0.107465118 0.264275074 -0.0717094243 0.285799176 -0.318439156 -0.763460219 0.301549315 -0.16919291 0.46261856 -0.0535997078 -0.118444182 0.36090523 -0.0339642428 0.365579069 -0.0532526523 -0.86372596 -0.437297165 -0.847180307 -0.0552271344 -1.07633364 0.745150805 0.21829696 -0.827516496 -0.661158144 0.391735554 -0.0391424075 -0.268735826 0.059228234 -0.13677597 -0.192832336 -0.0373165682 -0.0291890539 -0.284736127 0.599146545 -0.0600645207 0.671148896 0.245989546 -0.0653619394 0.434351593 -0.0377686732 0.0858189911 1.11705112 -0.214880213 0.263870716 0.097321339 0.0504671447 -0.161878526 -0.162409723 0.127150014 0.320720524 -0.339687437 -0.395409018 -0.547740877 0.048693195 0.608095467 0.126233503 -0.581737995 0.902039587 0.147922441 -0.790643275 -0.314501792 0.315594375 -0.152625769 0.115118235 0.0931686088 -0.287071735 0.130636841 1.16789103 0.357573032 -0.0293842107 -0.568653524 0.142094612 0.125694647 0.60291034 -0.180285722 -0.0461850278 -0.255924016 0.100407057 -0.211773172 -0.107602999 0.312518984 0.0738300383 0.183817804 -0.12922132 0.425360054 -0.182344958 0.2725555 -0.123256385 0.00907017477 -0.969818711 -0.118041947 -0.277199954 -0.804350436 -0.0758586377 0.134399608 0.673142135 -0.458591849 -0.361909658 -0.061520461 0.333099425 -0.306229949 0.106415145 -0.530873239 -0.128800288 -0.622533977 1.91669405 0.0153415585 1.2309705 0.128792062 0.119160481 -0.41139093 0.718718529 0.260832161 0.0932169929 0.509145916 0.151374191 -0.400829017 0.33014822 0.160931423 -0.111601889 -0.173152626 -0.643197715 -0.44082737 -2.15597248 0.329216748 -0.391645432 0.206931859 0.299091578 -0.0394081436 0.268415064 -0.113143161 -3.45697594 -0.152478546 0.849865437 -0.686827779 -0.40510568 0.173621163 -0.188399225 -0.0625905097 -0.36249578 -0.268949002 0.352442592 -0.287222832 -0.0972523838 0.353071511 -0.950217009 0.00052144815 -0.0964633152 -0.359558612 0.176498339 -0.298317879 -0.0518307909 -0.547852337 0.306460649 -0.877198815 0.530713201 0.349347323 0.282485634 -0.130033866 -0.0219731126 0.594517589 -0.259755284 -0.114168003 0.23649101 -0.0824984685 0.173974782 0.278393656 -0.144973472 -1.4154675 0.565275252 -0.1785862 -0.230934009 -0.137949377 -0.0689392984 -0.0102592381 0.371349961 -0.532599986 -0.0430807211 0.60733813 -0.652314246 -0.0763380304 0.0349523649 0.0873291641 -0.0302509833 -0.0690308884 0.165839389 -0.0807134137 -1.01789761 -0.215979055 -0.136429504 -0.27928257 0.335426956 0.0110445991 0.519893885 -0.228412703 0.87846595 0.166668192 0.0376214646 0.308748722 -0.136736706 0.145416498 0.0540296547 -0.43350625 0.193471208 0.731998503 0.371650457 0.111429289 -0.840129673 0.613423884 -0.0390575714 0.0496960655 0.494022965 0.0877563432 0.891308308 0.9366799 -0.787847877 0.633761168 -0.386939943 0.0328958556 -0.412941694 -0.133387953 -0.171989784 -0.0980233103 0.135679945 -0.227721795 -0.8204813 -0.12678811 -0.138834 0.368627459 0.0976219326 -0.42892471 -0.812517285 -0.578359306 0.365910411 0.9430179 0.0754555985 -0.412590116 -0.0785500482 -0.274555326 0.388305992 0.12362054 0.03517773 0.206164837 0.00289997295 -1.16524935 0.152016714 0.0832606256 0.305483103 0.188251257 -0.534793437 0.0105699245 0.13029848 0.0492014922 -0.371273577 0.0712781847 -0.100991428 0.0864526778 0.133843288 -0.0542792827 0.877203524 -0.0665913224 0.182941481 -0.0528573841 -0.244157448 -0.239362106 0.654640436 -0.979374886 -0.291037023 -0.246214837 0.208266705 -0.0801683888 -0.249121994 -0.296944439 -1.21871293 0.233184785 -0.0316480249 0.0989222825 0.776818216 0.181554481 -0.0188107435 -0.311268657 0.503103077 -0.270472795 0.0867658779 0.427026242 0.0203479286 0.0305272229 0.163290441 0.0329433419 0.329555988 0.122042961 0.145341381 -0.126767889 0.0875865221 -0.0988427252 -0.296083987 0.384178519 0.150056228 0.168770611 -0.425473243 -0.0185856875 -0.692367196 0.155462757 0.0371698737 -0.357519865 -0.0222038124 0.0991800651 -0.0788119286 -1.0797106 0.00123874401 -0.0554908626 -0.409752071 0.23459211 0.495798707 -0.181237683 0.348209202 0.00309483777 0.306198776 -0.35787192 0.166366741 -1.29167235 0.34182626 -0.146549687 1.49540865 0.100016348 0.200181365 -0.37222448 0.042806346 0.184275046 0.0505068377 0.0999304131 -0.0362726077 0.38203454 0.289040595 0.245202139 0.58682102 0.195798904 0.411712855 -0.0248499066 -0.275088489 -0.0999330953 -0.139923915 0.610399842 -0.582666576 0.0788744614 -0.0887727439 0.185522944 -0.075576961 0.393263698 -0.144798011 0.16380626 -0.155539766 -0.785294354 -1.68829703 0.189277008 0.643850684 -0.185392857 0.206074044 0.519163489 0.712608278 0.438281268 -0.657875836 0.0263760053 0.188783631 -0.545480013 0.18793568 -0.356701642 -0.570617199 -0.35436964 -0.163336933 -0.134771809 -0.0995144099 -0.0688405856 -0.320672899 -0.146849051 -0.0285982471 -0.023348961 1.25108695 0.301445991 0.480879426 -0.0102560297 0.757847548 -0.365515739 -0.101616435 0.117962338 -0.42015785 0.390597135 0.684568822 -0.0812340975 0.501341581 0.889999807 0.215688378 -0.0258125234 -0.269509614 -0.148446724 0.0566793717 -0.129413947 -0.430730462 0.512929678 0.439106435 -0.139867529 -0.417401284 -0.0505979694 0.393609315 -0.426644921 -0.280899227 0.0796866044 0.412290812 0.360193223 -0.0353859738 0.343654394 -0.690561712 -0.118308663 -0.374963611 0.132195279 0.342387438 0.644127965 0.215876207 0.0321606286 -0.0244189836 -0.25158903 -0.248816296 0.305012345 -0.0309756938 1.38460147 -0.191694856 0.0504987165 0.612578571 -0.183935672 -0.108217813 0.583459795 0.202169746 -0.0825007185 0.0951949507 0.372262448 0.415797889 -0.882428706 0.112399273 0.119157143 -0.0350547992 -0.0864717588 -0.603477061 0.312409818 -0.331795543 0.48309201 0.617050409 -0.513637483 0.515732408 -0.20881623 -0.200008377 0.786366403 -0.177146569 -0.526830077 -0.381802708 -0.318736553 -0.173310563 -0.418211997 0.034716595 -0.121026047 -0.617741585 -0.768264174 -0.122545585 0.125924841 0.658392012 -0.514628828 0.809149265 0.143933833 -0.481507331 0.148196265 -0.296170652 0.379254669 0.248433337 0.0457931049 0.213194728 0.225401491 -0.460183293 0.171333492 -0.019144807 0.390185267 0.317199439 0.15211542 -0.108610928 0.0943147391 0.0857935399 0.0144915543 -0.0530836359 -0.058374919 0.266711861 0.204038396 0.354098201 0.89327091 0.0356017947 0.771012127 -0.265323758 0.476943433 -0.104716867 0.194637269 0.0402352326 0.115550652 0.404167622 0.33468613 -0.28380549 0.129412308 -0.567849457 0.51388526 0.0246506128 -0.279806882 0.144319952 -0.132992253 -0.671117365 0.586096406 0.31657654 0.0355266705 -0.00122131547 -0.340932995 -0.823388457 -0.229047611 -0.346323967 -0.0171067789 0.352314293 0.0227660034 0.26306513 -0.00771900686 0.258849412 0.17337127 -0.103300035 0.0758716986 0.0200971793 -0.25702548 0.264349729 -0.0478596687 1.18099248 0.0116714193 -0.362836748 0.100657649 0.286480129 0.300517589 0.133279502 0.0870539993 0.198332936 -0.531602204 -0.135166302 0.537805676 0.0116776582 0.460833162 0.320084393 0.0093313735 -0.859843016 -0.0026134334 -0.158120096 -0.352248818 -0.160919681 0.502054513 -0.22041136 0.198306814 0.838404417 -0.0565821938 -0.100290276 -0.743052542 -0.656913698 -0.142672017 -0.350513756 -0.135686263 0.38045013 -0.994055271 0.0273726266 -0.424675316 -0.362533569 -0.0757556632 -2.32928443 0.138272986 0.139835283 0.306062698 -0.161875039 -0.333381832 -0.206920743 -0.505369902 -0.324809432 0.0958978832 -2.00122595 -0.260619462 0.807972491 -0.174554542 0.25347048 -0.190724492 -0.0642263666 0.0443661548 0.0794900134 0.43281427 0.607715487 -0.803918362 -0.705709279 0.0971893519 -1.46399355 0.0814559683 0.796653926 -0.248840407 0.51731807 -0.000888930692 -0.0963502675 -0.859909773 0.0868437067 -0.28485626 -0.25859341 0.303322792 0.120388933 -0.53012681 0.0951310918 -0.239413589 -0.113798551 -0.178138673 0.25672406 -0.0763722435 0.102551199 0.698096812 -0.492083341 0.0685143322 -0.0652187243 0.568500578 0.969278455 -0.389213443 -0.40576762 -0.697605908 0.289939612 0.1674826 0.0690196529 0.262306005 -0.331828654 -0.605118811 0.0828344747 0.169914037 0.423969358 0.396955699 0.1095924 0.480333418 0.37142238 -0.171911582 0.331624389 0.270515352 0.00629930664 0.0920731351 -0.0773673952 -0.519909918 -0.153192818 0.299617738 0.0602432415 -0.368504345 -0.260188282 -0.228435457 0.290739447 -0.417393893 0.220845401 -0.312213629 -0.267706424 0.211065307 0.332021952 -0.309026003 -0.972793639 -2.04970121 0.588769376 -0.0404294357 0.083929427 0.151564077 0.478012234 0.195861787 0.174534827 0.489453375 -0.297913849 0.0132140536 0.188043058 0.11072477 -0.18888469 -0.0873174593 -0.233028665 0.61186105 0.240972638 -1.3807106 0.142119884 -0.0185110178 -0.316671461 -0.141283274 -0.0483941622 0.226791143 -0.0340899676 -1.0724653 -0.272936881 0.250840306 -0.00708169397 -0.34467113 -0.242991596 -0.00635758322 -0.209145814 -0.630422294 -2.69531918 -0.055518087 -0.210700855 -0.56073916 -0.496632546 -0.0216268282 0.148011625 0.171641052 -0.375490457 0.242548063 0.0704063103 -0.0746205747 -0.161037117 0.116752654 0.134499863 0.358077556 -0.0753186792 0.358384103 -0.485450417 0.215203851 -0.0563624352 -0.28556779 -0.356479079 0.028879581 -0.0966580734 0.29760763 0.254315645 0.384745896 0.296047658 0.250478715 -0.039843142 0.112611033 0.0342033729 -0.758872688 -0.219175532 -0.464747578 0.0909296721 0.160571456 -0.22383824 0.0408199914 0.632998943 -0.228870884 -0.131624371 -0.224996239 -0.244084895 -0.267568916 -0.0348590575 -0.0658882931 0.196193039 -0.245201737 -0.110102884 -1.36657214 -0.166000187 -0.297403157 0.754241168 0.0672603473 0.145221189 0.00534800533 -0.757357121 0.375473171 0.60597384 0.0492306314 0.301725477 -0.191200376 -0.00409269473 -0.873017371 0.184505612 -0.145625323 -0.717018962 0.19088687 0.485936433 0.12609227 -0.172215074 0.198783666 -0.707314432 -0.00738437939 -0.239544779 0.325715065 -1.17325008 -0.204907879 -1.0068959 0.552127242 -0.0383088663 0.461978614 -0.737097323 -0.0315036289 -0.192905724 0.195931554 0.299588442 0.621616244 -0.0586388111 0.0773185194 -0.528675795 0.0236671399 0.522702634 0.537043691 1.10277343 -0.00994493533 0.278305948 -1.22747195 -0.126856759 -0.207284614 -0.596081376 -0.479893327 0.111043565 -0.838739455 0.0911134705 -0.772175133 0.0360719413 -0.2205147 -0.22022596 -0.183089018 0.0772756115 0.310707599 -0.31952852 -0.0557797626 1.01335466 -0.151591301 -0.949927688 -0.0321749635 -0.0223812833 -0.282426327 0.786201954 -0.122873709 0.298064798 0.215911284 -0.101768613 -0.694414258 0.151210889 -0.70987016 -0.357964963 0.466636807 0.244509101 0.22329995 -0.000181913027 0.0667836443 0.0372329466 -0.184157908 -0.017735051 0.488077074 -0.678460479 -0.133914873 -0.76871717 0.350302517 -1.03605247 -0.21759665 -0.244152129 0.133467421 0.357894927 -0.195279866 0.20309785 -0.0619281493 -0.354072541 0.316381842 -0.0474679396 -0.393452317 0.233702943 0.366612196 0.561943829 0.0531617291 0.0914634094 0.130969435 -0.249237701 -0.032316044 0.343523085 -0.143208429 -1.12006843 -0.404934257 -0.000388039538 0.587657273 0.518293321 -0.0253837537 -0.749389827 0.124432378 0.0142097706 -0.121132776 -0.39351508 -0.882889271 0.0983615965 0.738407135 0.164139017 -0.139281213 0.586243212 0.10986831 -0.371852398 -0.000328512688 -0.253724873 0.559665263 0.564393997 -0.0730684847 -0.437435806 0.536098421 0.139592409 -0.104846127 0.616162837 0.336338967 0.474300444 -0.19970277 -0.10033495 0.117203116 0.0198196191 -0.0369167775 -0.240777597 0.425448447 -0.428772897 0.00555114727 0.0794501379 -0.119334109 -0.140101895 -0.563599885 -0.0717409104 -0.0661308244 -0.268022418 -0.0653312728 -0.40723595 0.360410303 -0.414434671 -0.612622321 -0.234494314 0.530518889 0.514099956 0.0582890511 0.0283853039 0.292500764 -0.0668743849 -1.32008815 0.0872790217 -0.247989789 0.342566729 -0.433956236 0.327093869 -0.236878216 -0.423710108 0.290389985 -0.276646823 -0.0730548576 -0.109606907 0.327181399 -0.665035129 -0.320272952 0.0504146628 -0.189388886 -0.271743655 -0.0122292545 0.395496845 -0.270284265 0.56624347 0.0596998669 0.348984838 -0.845096886 0.304501384 0.457223356 -0.0509593189 -0.00765968114 -0.607630968 0.184754714 -0.230408221 0.0700747296 0.339559644 -0.133868843 -0.864415288 0.356910974 1.08007634 0.0601729415 0.309494525 0.66706413 0.195058525 0.223195955 0.0703076497 -0.500925899 0.58802712 0.131515056 -0.416852415 -0.120748423 -0.287985086 -0.564436376 -1.64448917 0.641221762 0.350091368 0.245250016 -0.129503474 -0.0488170311 -0.110418409 -0.0220533367 -0.376529843 0.0376016162 0.0901117325 -0.0106955701 0.184994087 -0.0524415411 0.536477029 -0.586396396 0.337636322 -0.104556389 -0.389407426 -0.412503421 0.0887802392 -0.0219343752 0.0157924835 0.245666459 0.461166233 0.165617928 0.521862328 -0.208487168 0.452239215 0.0292714499 -0.282884717 0.594664216 -0.0372584611 1.08535028 -0.101636976 0.0286616888 -0.167482615 0.282374382 -0.00815226324 -0.454179645 0.411382079 0.232074589 0.434792608 -0.186355338 0.0354007818 0.415038407 -0.549421191 -0.0981366709 -0.351575911 0.580310643 -0.145644501 -0.00973778963 -0.480556637 -0.313979894 0.0233659521 -0.276841998 -0.203105867 -0.360570401 -0.407656193 0.0530405603 1.65443313 0.413057923 0.238413155 -0.350271583 -0.151397407 0.0050401357 0.38837558 0.279635102 -0.381160647 -0.312685251 -0.506525934 0.160119876 -0.738641381 -0.261470377 0.298716247 -0.0569243319 1.22364998 -0.309931964 -0.271930665 -0.239699379 -0.120645419 -0.460187286 0.467471927 -0.355581492 0.30129692 0.0943425968 0.0663072243 -0.772301495 -0.720108926 -0.493662447 -0.284622371 -0.0179717969 -0.0637564138 -0.401650727 -0.569817483 0.552254021 -0.69340241 -0.283052266 0.897580028 -0.16192928 -0.101226665 -0.400307596 0.219683141 -0.0441629291 0.00997661892 0.417957634 -0.54314059 0.300074279 0.156787306 -0.454616398 0.103414103 -0.0581106097 0.0303773135 0.153692022 0.388735205 0.519909561 0.0473017097 0.594428718 -0.182341889 -0.300316244 -0.0709532052 -0.251749098 0.364179611 0.427106768 0.157560706 -0.220183015 -0.172742501 0.0640146285 -0.774962246 0.0209845621 -0.556553602 -0.393058956 0.369558215 -0.289603114 0.0189178102 -0.630935311 -0.508499324 0.414453059 0.254994482 0.108762175 -0.156600296 0.153122678 0.212415665 -0.183334202 0.0452049039 -0.10717573 0.385665119 -0.357849389 -0.430916786 0.147483423 0.579874337 -0.270252347 0.400664747 -0.112853073 0.660497367 -0.339109004 -0.241043195 -0.058952827 0.261604965 1.34464288 0.60403955 -0.0556847379 0.0597786121 0.318528563 -0.619358778 -0.0663146004 0.356377453 -0.759762943 0.0380764753 0.0314500034 0.22590591 0.00397415413 -0.00205268385 0.170320496 -0.272903651 0.02994789 -0.261375099 -1.68477273 0.493617177 -0.359343082 -0.132123768 -0.095228523 0.325717509 -0.898136616 0.346661985 -0.118412443 -0.373350024 0.130634621 0.87820071 -0.154717565 -0.0219960846 -0.124639727 0.730093837 0.133877307 0.194270313 -0.253659576 -0.0635107681 0.132140309 -0.401523918 -0.131568998 0.815255404 -0.454386175 -0.104542054 -0.243698999 0.0128561556 0.599560738 -0.103116833 0.454654276 -0.763709545 -0.0349213555 0.146135524 -0.0761322975 -0.952365279 -0.265209019 -0.0990542322 -0.293949813 0.220584393 0.206435755 -0.678344131 0.346072406 -0.435940623 -0.515250325 -0.0461011268 0.779704452 0.718139291 0.197379291 0.61771512 0.200493157 0.289234728 -0.169796079 0.211431906 -0.385513932 -0.221522167 0.329896003 -0.321888417 -0.608792603 0.172334298 -0.150560617 -0.257357299 -0.166149259 -0.69000113 0.180167422 0.172655389 0.167713404 -0.190690786 -0.0401184559 0.685217798 0.0815307945 -0.153450981 -0.749691069 0.0867097527 0.406962037 1.43308568 0.522193849 0.254192531 -0.315200269 -0.104111046 0.162154302 0.178751856 0.203634709 -0.29378745 -0.179844573 0.0753603578 0.347460538 -0.0713420659 0.535961211 0.144365519 -0.290215552 0.205212519 -0.165674284 -0.623447001 0.565094769 -0.400484234 0.00109043694 -0.396521807 -0.61701417 -0.223076209 0.154649258 -0.308232725 -0.0329983123 0.0269676764 0.0746755973 0.329433173 -0.0389960408 0.0108003337 -0.990421236 0.141245276 0.536338389 1.15612066 -0.151948825 1.04287887 -0.391026139 0.308163673 -0.4849374 -0.481887996 0.48844561 0.325347662 -0.174609423 -0.149974614 0.708211482 0.239495009 -0.465558499 -0.0200902037 -0.700474799 -0.735278666 0.22194542 -0.559025466 0.144635603 -0.206741706 0.788024366 -0.0260880906 0.875261366 0.276475638 0.175224796 -0.705550134 -0.173678666 0.111645341 -0.0527581014 -0.0221163724 -0.068709366 -1.67741489 -0.0555972531 0.144523382 -0.0993618816 0.364954054 -0.270457536 -0.14953883 0.224185586 -1.25406337 -0.326943457 0.0629734695 -0.179533973 -0.158200473 -0.485998333 -0.234584868 0.424771279 -0.463549405 -0.107763723 -0.231243938 -0.378861934 0.258430958 -0.259112418 -0.315445036 -0.228897333 0.0428447835 -0.144714922 0.217249602 -0.0994167253 -0.149545014 -0.104675777 -0.267244697 0.699682653 0.878764331 -0.0672585368 1.04564261 -0.392931849 0.301459461 -0.209800601 -0.0818158388 0.197105989 -0.387606859 -0.00691707525 0.371061742 -2.30789304 -0.0832952932 0.350574553 -0.418006331 0.497998536 0.57561779 0.274627328 0.00295450189 0.0181086119 -0.119174272 0.978964269 -0.235522792 0.54916811 -0.201307073 0.478163302 0.134948373 0.519632339 -0.152370051 0.043306876 -0.296174526 0.475935489 -0.623439372 -0.416632056 0.186083436 0.172793567 0.203092888 -0.391691715 -0.493150741 0.132167935 -0.52477479 0.0876824558 0.337988883 -0.060311716 -0.650942385 -0.175439328 0.137945652 -0.364535451 -1.49206042 -0.631923676 0.671444774 -0.205164686 0.128790453 -0.319392651 0.334581494 -0.835899651 0.431952268 0.10021989 0.461771697 0.0499966443 0.265072227 -0.277604043 -0.705837905 -0.124840677 0.272445083 0.771783948 -1.60157394 0.317622155 -0.00493159331 0.282378882 0.635269284 -0.0699657649 0.13704063 0.0843574777 -0.249979392 -1.26790214 -0.253742814 -0.339208782 0.377628624 -0.0839804709 -0.943848073 -0.182821333 0.496201962 -0.21781826 -0.378526747 0.155130044 -0.191057831 -0.20075801 0.237547413 -0.217944428 -0.113130972 0.23982349 0.189059585 0.613666832 -0.286797374 0.416285545 0.148220837 0.445842534 0.176145419 -0.579315782 0.00381140667 0.347043037 0.510518849 -0.612906158 -0.123018935 -0.165005788 -0.184836075 0.225156307 0.223181531 -0.337017447 0.223782748 0.93703711 -0.428580016 0.474406749 -0.884408474 -0.263699383 0.207041949 0.26693666 0.587815464 -0.281003892 0.182906315 0.363993376 -0.430332184 -0.00585979456 -0.376672417 -0.161871493 -0.191966444 0.0985599905 -0.686234415 0.356604964 0.460166812 0.114459984 -0.278205812 0.105541609 -1.07399929 0.236135736 0.187064946 -0.299673736 -0.089162223 -0.706564069 0.229719192 0.596394002 0.493892848 -0.340080142 -0.293763518 0.338208228 0.3654432 0.69463104 -0.151000008 0.269918591 -0.409939051 0.240782365 0.180901274 0.684072733 0.282407492 -0.413435787 0.0534926169 0.257407278 0.300638527 0.22901915 -0.229444876 0.308830202 0.0877666846 0.291033655 0.100774623 -0.0797647238 -0.131927654 0.492287397 -0.542429984 0.0988667086 0.123760223 -0.0490096249 -0.172979251 0.263058007 0.00676003704 -0.318969935 -0.186154529 -0.117853582 0.131935731 0.0268190317 0.641674578 0.0389685668 0.380673468 -0.18214345 -0.99437654 0.407040149 -1.2303654 -0.141506344 -0.0163230281 0.224392891 0.295531303 0.610580742 0.295326561 -0.0389222056 0.47233516 -0.214405164 -0.248340636 -0.199789703 -0.96657896 -0.304491431 -0.306031346 0.192816079 -0.345931858 0.0627920628 -0.0645298287 -0.547899961 -2.26680899 0.44350177 0.410898566 0.146282256 0.776569188 0.129180595 -0.345170617 0.0385030173 -3.18294096 0.0457688645 0.36986959 -0.0384230576 0.633225083 0.151025102 -0.355830133 0.348332167 0.113760829 0.194155008 0.51042062 -0.0889465585 0.427422076 -0.552154124 -0.353438795 0.0611366481 0.570577681 0.379648924 1.29349577 -0.103182197 -0.861759782 0.234369621 -0.0716975555 -0.187186435 -0.103731811 -0.118756458 -0.328731745 -0.344146162 0.724328339 0.0849621147 -0.432286829 -0.23317273 0.265798986 0.177824393 -0.134305477 0.261158675 -0.24519293 -0.143969834 0.0295107979 -0.0776432231 0.0615708642 -0.213715628 0.88998729 -0.259812146 0.489109784 0.436413914 -0.0502175167 0.0824458376 0.536366105 -0.439625382 -0.220272437 -2.43281412 0.161688134 -0.558255792 0.176386863 -0.0313552357 0.649642527 -0.31128794 -3.86575532 -0.247352943 0.59567225 0.158218548 -0.0022226756 -0.782346487 -0.0181424636 -0.115314424 0.00165711739 0.113297053 -2.49789739 -0.194093123 0.216292664 -0.177431867 -0.399488956 0.212324873 -0.342890978 0.102493227 0.0643185005 -0.297731102 0.58959353 -0.50247407 0.316829652 -0.590869486 -1.05784559 -0.0860674083 0.942360938 -0.674816608 0.237486333 0.0128804715 -0.305989265 -0.239213645 0.0417924486 0.30199036 0.175772622 0.176218033 0.352526248 -0.737917066 -0.397136629 -0.0628478751 0.132135108 -0.328254968 0.101723954 -0.0406780653 -0.275578648 0.2483031 0.166175753 -1.80964053 -0.823799074 -0.281051129 0.378494591 -0.105084881 -0.40991044 -0.856751502 -1.08415318 0.0521915965 -0.255268753 0.238172069 0.700376272 -0.459389061 -0.102830581 0.435074449 0.411070317 0.233358517 -0.491717547 0.047652591 -0.31332773 0.143926829 0.216536641 0.383071512 0.224082038 0.178408012 -0.264237136 0.174390882 -0.634894073 -0.193281665 -0.117376328 -0.0245843045 0.286690295 -0.0902010724 -0.0810475722 0.18485336 -0.250000834 0.458577007 0.486737043 -0.494558156 0.0228562076 0.31144616 0.616293967 0.109782539 -0.265800655 0.128317803 0.289573014 -0.243030488 -0.133697018 -0.287662417 -0.209654137 0.258237332 0.508639097 0.574979186 -0.160431311 0.171969861 0.134238839 1.22151923 -0.120903671 -0.547712028 -0.0120304301 -0.012676131 -0.0977874771 -0.0698960498 0.413230926 0.383289307 -1.61709476 0.115690157 -0.709843874 -0.329009175 -0.391753823 0.817218542 0.290556878 -0.241763324 -0.210252106 0.27122879 0.48408854 -0.149173811 0.193251953 0.54345721 -0.117682979 -0.0306598786 0.0731376931 0.0951809362 -0.631349683 -0.659757674 0.0328781605 0.385269046 -0.157176375 0.150324434 0.185062617 0.0413729735 -2.01399469 0.203993574 -0.416692287 0.308605731 0.328635097 0.222012758 -0.893515885 -0.209510013 -0.356695354 -0.161932811 -0.0486166701 0.0454249009 0.0984602273 0.291374743 -0.221209005 0.111530133 0.261629164 0.951773524 0.683627248 0.164214745 -0.282779545 -0.256045401 0.242186114 0.211515456 -0.266473711 0.128753722 -0.125881612 0.101085886 0.302576929 -0.477609873 -0.26390481 0.00322590233 0.909016013 -0.0478091054 0.107140072 -0.572722554 -1.05387664 0.385577947 -0.0995478407 -0.0101323528 -0.597531676 0.272580236 -0.184035674 0.58325994 0.237387374 -0.0252681226 0.0454832837 0.567488432 -0.000133015012 -1.12015152 -0.114326447 0.165244848 0.41322884 -0.684301376 -3.13163805 -0.010444466 -0.173631176 0.152563229 -0.223066673 -0.0906086266 -0.179097041 -0.255781353 0.437906474 0.217176467 -1.54376864 -0.0130178099 -0.0174464062 -0.578693151 -0.522396743 -0.184775397 -0.373500437 0.168454289
tensor_linearrelustack9bias 1
-0.550415158
tensor_linearrelustack0bias 64
-0.664527416 -0.544331968 0.481344402 -0.0175281037 0.254439712 -0.299759835 -0.240659505 0.31329307 0.925752163 -0.126886636 -0.26585561 -0.635465622 0.216133386 -0.510764182 0.65456599 -0.0109888501 0.442578882 -0.415498018 0.277942598 -0.542285144 0.429064065 -0.650729418 0.333033472 -0.406970263 0.671237886 0.235563576 0.536834359 -0.653564036 0.263457447 0.663847387 1.11817157 0.468710154 0.993170738 0.73304671 -0.338011384 -0.495240718 -0.746908545 -0.418977648 -0.0291076377 0.848078668 0.0548225157 0.270923167 -0.64939183 -0.189055175 -0.729491711 0.648424447 0.798715234 -0.563265383 0.934707701 -0.28383261 -0.298143506 0.649826527 0.490841538 -0.789759517 -0.481679171 -0.0792944208 0.927065551 -0.0520197153 -1.00655329 -0.493421823 0.0767773241 0.292684972 0.269108236 -0.0689802989
tensor_linearrelustack6bias 32
0.397976339 -0.516508877 0.529940605 0.686948776 0.484531045 0.0266499575 0.389675438 0.0203073099 0.258680165 -0.00422481867 -0.116392702 0.253979743 0.0698338524 -0.256324947 -0.0540090725 0.290235698 0.171943054 0.286356717 0.423295438 0.594575942 -0.564463735 0.337470144 -0.645102501 0.733975053 0.649351239 0.445316046 0.453471303 -0.254949749 -0.216501608 0.296997219 -0.100764245 0.33738178
tensor_linearrelustack0weight 896
0.231496021 -0.0929468498 -0.12243285 -0.223280445 -0.173944935 0.037064217 0.0354465507 -0.081867367 -0.436488122 0.117167175 -0.0496379547 -0.409516424 -0.0815715417 0.702970207 0.265802383 -0.344055653 0.570872366 -0.0562589914 0.0776543543 0.955226541 0.429664195 -0.396295816 -0.236872017 -0.0183206946 -0.410944641 0.132745937 0.0266994834 0.302563757 0.0557592213 -0.171110854 0.0554964915 0.0842221528 0.402445763 0.270708919 0.932518065 0.123175874 -0.497155637 0.0445994958 -0.28956899 0.470955253 -0.20160614 -0.468243033 -0.516161084 0.260838002 -0.0201239083 -0.223194927 -0.0519348085 0.032414522 0.26505217 0.0874789432 0.431868672 -0.0024877314 0.534731448 0.434549034 -1.24593079 0.116324835 0.203534439 0.111167356 -0.574746311 0.0334858075 -0.0196231492 1.53729093 -0.373675197 -0.418439329 0.524635315 -0.173191786 0.0122686634 0.0239588358 -0.330414206 -0.138391361 0.193409383 -0.134058774 0.660121918 0.0432934575 0.122470073 0.767473519 0.116522126 -0.0919074863 -0.639403701 0.0212276503 -1.00798976 0.0867226869 0.17888473 0.348437607 0.138938189 0.355930209 0.125689611 0.0185846947 0.0303352196 0.913477957 0.444016993 -0.468168259 0.669430375 0.0769750997 0.061009299 0.124366485 -2.14031601 0.0303335655 -0.66353941 -0.0717627928 -0.0519645475 0.0304547548 -0.0707277581 0.0437158495 -0.146479115 0.105205394 -0.111960396 -0.870838225 0.102968514 -0.247059733 0.521079183 -0.265699416 0.0990998521 0.239141047 0.292039394 0.0554749891 -0.0163308848 1.25577188 0.118610457 -0.650977373 -0.181633443 -0.0114148445 0.304266185 -0.0103993844 -0.0142749064 -0.575198293 0.0436495133 -0.0390228331 0.372900963 0.309904307 0.00478862692 0.593504846 -0.827088475 -0.0417330042 0.900531471 0.0350013785 -0.545297146 0.27031523 -0.249355793 -0.0512320511 0.0633292124 -0.233964324 0.292002082 0.143605992 0.059702117 -0.553755879 0.398346364 1.19909918 -0.891808033 -0.0150469197 -0.7482149 -0.311584085 0.0884150267 0.194358483 0.28948167 -0.0082932841 -0.551520646 0.159042493 -0.102893077 -0.506907821 -0.45737052 0.33058241 -0.706354618 -0.0345596969 -0.250017703 0.611365974 -0.0687076822 -0.702261567 -0.481352746 -0.0149610378 -0.153536737 0.0938345268 -0.0571810901 0.640457332 -0.217240065 -0.175211027 0.200638846 0.0536246374 0.996180117 -0.642313123 0.0767906308 -0.0673378408 -0.0885115936 0.0399186909 -0.705475569 -0.564982176 0.102479465 -0.721085489 -0.615247726 -0.821199 0.297937334 0.0177860223 0.579338849 0.17210333 0.156214997 -0.100687057 -0.0662698373 0.162860185 -0.175310865 -0.148836598 -0.0272919443 -1.2675705 -0.10310185 1.26445889 -0.099500902 -0.081127055 0.338802129 0.222798869 -0.101190582 -0.000489887607 0.236289322 0.438395649 0.0583122335 0.11073973 0.0805174559 -1.07766926 -0.971343338 0.613911271 0.657242239 -0.246073321 -0.261485517 -0.167009652 -0.0938069001 -0.097421445 -0.106189519 -0.111570038 0.145174265 0.157362297 -0.112778485 1.04138446 0.505483031 -1.23697293 0.525273621 -0.0179378465 -0.178092152 0.00694176741 -0.114845969 -0.427244514 0.225640476 0.0269589107 -0.317033947 0.0215655603 -0.0806171149 0.430588126 -1.0738374 1.02805614 -0.92524302 0.163234025 -0.600607872 0.176434889 -0.226964891 0.0298920684 0.124951273 -0.0627315342 -0.00518286787 0.107002124 -0.0310769677 -0.0203576032 0.201077178 0.482678175 -0.221934125 -0.04736875 0.527968884 0.663521945 -0.189917564 -0.114846669 -0.283359468 0.0446702279 0.150458723 0.0362228975 -0.380588651 0.188553751 1.40983033 -0.0452161729 0.0178349148 0.00564741483 -0.464637488 0.405883849 -0.415651292 0.110128656 0.230805248 -0.625109792 -0.180569336 -0.167608336 -0.0119684692 -0.0823655277 0.485249996 0.0625008941 0.378240347 -0.0105011621 0.186592132 -0.181112289 -0.554537833 -0.665953398 -0.178534999 0.0580768213 -0.638785958 -0.768788874 -0.42185846 -0.726516783 -0.39058426 0.47873795 0.790153384 -0.0725622922 0.179099545 0.398774922 0.0822135359 0.186744392 0.052952759 0.0308475196 0.0726284161 0.0935918912 0.24578169 0.816321671 0.511073768 -1.0862273 -0.295270592 -0.0121152094 0.481936634 -0.598276377 0.163326859 -0.515988231 -0.413934648 0.311981291 0.118577592 0.162349492 -0.033759404 -1.01779878 -0.174957246 0.341949791 -0.0737486035 0.0197407156 0.0629503205 -0.0769089833 0.00883487798 0.33228001 -0.219621226 0.0369076431 -0.145333439 -0.120164707 -0.14017415 0.248882383 -0.353110105 -0.680642188 -0.58997786 0.0483890288 0.317677796 0.310530484 0.281207472 -1.29359126 -0.187995881 -0.0309970789 0.0309631564 0.0379911587 -0.0188981201 -0.291147768 -0.308251977 0.183615714 0.902257562 -0.703261733 0.0927301049 -0.0193394367 -0.721029639 0.049523674 -0.201713651 0.0610082224 0.0407833867 -0.0389220044 0.239213452 0.196974158 0.465666056 0.249053255 0.765580356 0.0698767677 -0.25722596 0.208669499 -0.0965053067 0.165021434 -0.627579808 0.0407782421 -0.128356487 0.0522643998 0.539720774 0.550698817 0.611926198 0.8574844 -0.501930475 0.0137609318 0.294960409 0.259452909 0.0943084955 -0.0334680863 -0.963453412 0.0893293992 0.438854188 0.244352445 -0.027841337 0.499563336 0.0302364994 0.216013819 0.103686489 0.189036623 0.611539304 -0.312667996 -0.126081333 -0.704086125 -0.0914827213 0.0720174685 -1.09308155e-06 -0.00380070484 0.0212765597 0.231595844 -0.00639913371 -0.0491988845 -0.0798693746 -0.00345599581 -0.185380638 0.849933505 0.145603433 -1.77459466 0.323055863 0.315049976 -0.0227488503 -0.049724862 0.00336087379 0.366903752 -0.0388978794 0.606827021 0.179145217 -0.00923452619 -0.203381851 0.0320537351 -0.349340945 -0.910571873 -0.124267451 -0.116430618 0.243666306 0.013910058 -0.018800322 -0.282302856 -0.761591017 1.44064569 -1.09184849 0.0432237573 0.161935255 0.227785915 0.404723167 -0.134864211 -0.0155098671 0.0877891704 -0.000274934166 -0.0150196385 -0.0244800542 -0.459394664 -0.393625975 1.00924814 0.754505396 0.0133016417 -0.12432377 -0.0246584751 0.0370280035 -0.510556936 -0.184492886 -0.105545506 -0.227243021 -0.0895236433 -0.058882542 0.25284493 -0.154108822 -0.0558831878 0.860959768 -0.179883733 0.313257575 0.107992344 -0.905340195 -0.357822329 -0.244433478 -0.354856133 -0.0810734183 0.00590319838 0.00598879252 0.516697347 0.309195191 -1.16509795 -0.583152711 -0.103118755 0.215008527 0.236410454 0.174136907 0.528320968 0.574772894 0.111939736 0.172395751 -0.130727708 0.0145990765 -1.49574077 0.659849465 -0.253823996 -0.256232113 -0.0246199612 0.115113892 -0.624677718 0.0553870313 -0.173218176 0.157648608 0.0294412151 -0.0267846696 0.198179558 0.133851901 -0.386898994 1.00963819 0.1964643 -1.05738306 0.0552522652 -1.16446543 0.581701994 0.00224653352 -0.132771105 -0.173312262 -0.118757181 0.0677686408 -0.0194449667 -0.25027141 -0.021486314 0.284073323 0.0638171434 -1.13329661 0.248020768 0.379724681 0.46608758 0.165483892 0.455408156 -0.536013842 0.0525797568 -0.0383763872 0.0147076705 0.0486665331 -0.20460546 0.424101561 0.114402041 0.416116953 0.0462446809 -0.626411319 -0.437516034 0.370783478 -0.16285795 0.0983326957 0.0405482054 0.0945739448 0.0300959479 -0.0161799844 0.1984227 0.107441589 -0.0165746417 0.219894484 -0.0378041156 1.04649401 -0.251282483 0.0839897767 -0.11157997 0.144091025 0.0666803271 -0.178632379 -0.138464361 -0.0568458997 -0.601621449 1.51182568 -0.0683254451 0.103233106 -0.0670066923 0.690993667 -0.783451319 0.017837774 0.0450512245 -0.512179315 -0.0928556919 -0.180024639 -0.00294791232 -0.194129258 1.15424263 0.163444817 -0.277124286 -0.399560392 0.101029709 0.848437726 0.111948662 0.0763984695 -0.701081038 -0.0230490975 0.13731578 0.0277206358 -0.0194795262 -0.000988422078 0.0453183353 0.0180025883 -0.00074799126 0.143732041 -1.32453835 0.0308076516 0.138308555 -0.199042588 -0.0173487756 0.113745265 0.0720780641 0.399575412 0.217083246 -0.216393441 -0.400360018 -0.419091821 0.270150065 -1.21139789 -0.0686455667 0.671130776 0.360696048 -0.282683074 -0.477761328 -0.099305965 -0.0284441579 0.129302487 -0.162968591 0.148112386 -0.184785441 -0.126560196 0.292440444 0.0676551834 0.057797946 -1.13617027 -0.597400844 -0.415443331 0.0245284922 -0.318458825 -0.184050083 0.106481455 -0.071517542 0.0770246834 -0.748266459 0.174445212 0.953643203 -0.531222045 -0.131728932 0.394547164 0.141642734 -0.0789800063 -0.281846195 -0.093549259 0.188241586 0.100312635 0.0340032168 -0.0146452952 0.0710789934 -0.0230562668 0.20830372 -0.178822026 0.0604258031 0.841824234 0.00161083613 0.10613592 -1.12760496 0.230913654 -0.0342951342 0.0362083539 -0.00043314544 0.0557093732 0.114142723 0.168692216 0.131263614 -0.898705304 -0.00942889042 -0.138800323 0.132587448 -0.5983904 0.763167143 -0.0123880943 0.146989167 0.0286407098 0.0541550778 0.0261644106 0.0228905492 -0.00657165097 0.0162701569 1.18436384 -0.0088371411 -0.0976604149 -0.0222094022 0.132922187 -0.965912223 -0.276340902 -0.134921625 -0.107152469 0.081166923 -0.643387973 -0.0698713735 0.479852051 -0.169511661 0.265441269 -0.0326535702 0.0765843168 -0.137414157 0.128491268 0.422858447 -0.1355308 -0.348475665 -0.0712339282 0.177862316 -0.0206388999 -1.44913709 -0.469633043 0.533023596 0.0936898068 -0.0972796381 0.0362290591 -0.21269533 0.145256147 0.392213792 0.174519479 0.250955582 0.255512178 0.165595844 0.0527592041 -0.388724983 0.283615023 -0.0232382938 1.11272836 -0.108354278 -0.132263973 -0.316834718 -0.0269053131 -0.677014053 0.121924527 -0.104035825 0.143307686 -0.123379424 0.0797853544 0.19273074 0.141276598 0.212677628 0.0253742225 0.0691862702 0.19394654 -1.80168033 -0.12497887 -0.279259056 0.304356933 0.0343748592 -0.0101901637 0.106464088 0.0636580959 0.470944941 0.94192034 -0.901589811 -1.40914977 -0.030410843 -0.388243467 -0.0902731717 -0.290291876 0.371025443 0.114196472 0.211572289 0.295815498 0.325402617 -0.389011681 -0.0115627488 0.569184244 0.543451369 0.68761009 0.0962316617 -0.240390494 -0.232299969 -0.0644796938 0.255163103 0.102827989 0.0151580777 -0.0403405838 -0.11194776 0.0894459412 0.385209948 -1.21881258 -0.272158712 0.271134049 0.056314446 -0.525626957 0.590273261 0.168920502 0.0993055403 -0.00269396929 0.0776179433 0.0362296589 -0.0439078249 0.0199711267 0.151290923 0.0190258473 0.0503764041 0.421520352 -0.00666759536 0.529810846 -0.116059735 -0.0458344407 -1.3648392 -0.0167213604 0.349277973 -0.011135973 0.0381293111 0.0507721342 0.0107163247 0.429002017 -0.475377411 -0.950701833 0.294497132 0.108795166 -0.205787167 0.490856618 0.167861655 0.0426908508 0.013715161 0.0252230503 -0.13242963 -0.0858959779 0.227405846 -0.325442463 0.032721024 0.375208437 0.0968261063 -1.72611225 0.54878056 -0.15376544 0.0776019618 0.0630501732 0.212164402 0.0155507941 -0.0716566369 -0.061020419 -0.00347155053 0.601095319 -1.74825788 0.147275075 -0.160799816 -0.0154143358 -0.000417183328 -0.119140573 0.158690855 0.374447793 -0.602021337 -0.190308452 -0.0371879563 -0.212687358 0.102548413 -0.0254005883 0.119240142 0.274068624 0.317821294 -0.0784318298 -0.127406597 0.646973014 -0.00482177967 0.0876348391 0.239227518 -0.0583618879 0.0550044812 -0.237493932 0.099059172 0.64835465 -0.657754779 -0.486582071 -0.097297594 0.470779449 0.463319659 0.0629034787 -0.126738086 0.304240227 0.107501358 0.532996833 -0.50376749 0.0429892652 -0.556070626 -0.304627836 0.744093776 0.224888742 0.192804202 0.583158433 0.0818254128 -0.358794004 -0.838312984 0.160979867 0.110134304 0.334076256 -0.0338086076 -0.0114755081 0.92357713 -0.638804615 0.565901577 0.606420755 0.424166471 -0.515563369 -0.112728782 -0.410584778 0.0137788178
