tensor_linearrelustack6weight 32
-0.315920055 -0.276769936 -0.0976371095 -0.120191693 0.511256933 0.321114063 0.364694148 0.39886862 0.309826255 -0.212291121 -0.26066187 -0.442857862 -0.111704722 -0.174411207 -0.197170392 0.391370356 -0.163189754 0.518970907 0.337532789 -0.174906984 -0.196450382 -0.121399142 -0.352954566 0.482950807 -0.134708822 -0.221682221 -0.215498507 0.373738229 -0.387986243 0.495810509 -0.13416639 -0.109552667
tensor_linearrelustack3bias 32
0.35893181 0.771822393 0.687367797 0.630743742 0.554315567 0.611796737 0.740277946 0.649689138 1.14458299 -0.120471813 0.184188977 0.0449987873 0.274383664 1.09475553 0.841605067 0.104805 0.817087352 0.746813715 1.20613468 0.709108889 0.695790827 0.519500852 0.404891998 -0.835128069 -0.0266378094 0.277609318 0.140610307 -1.34745562 1.17128932 -0.652417958 0.691423059 0.531637013
tensor_linearrelustack3weight 2048
-0.835915864 0.113889284 0.0119774127 0.142938629 0.181855187 -0.134153232 0.472207069 -0.133019775 1.80495858 0.33779332 -0.485298455 0.0575605594 -0.97622925 -0.0348192081 -1.28837109 1.83814502 0.454724729 -1.30480587 -0.261930943 -0.00386090996 -0.0980527699 -0.0698893741 0.0546882376 0.602821946 0.486623436 -0.0383062214 -0.540429831 -0.486073822 0.0548538156 0.240971684 -0.365702391 -0.620641887 0.0385272913 -1.03967619 0.425700754 -0.208186284 -0.33273527 -0.591509163 -0.14717491 0.0858314782 -0.36270082 0.696496129 0.0332592167 0.216395631 -0.0487590693 0.0102198748 0.198266745 -0.238220036 -0.00728925597 0.185558498 0.1586463 0.408842593 -0.437630564 0.0675055385 -0.856242657 0.294926375 -0.414702117 -0.000528707635 -1.58930683 -0.0615728348 -0.761559725 0.760400236 -0.201082841 0.356449813 0.418145597 0.213273272 0.171996132 -0.361552417 -0.637844086 0.289293796 -0.462986946 0.0561411902 2.21365929 0.447496384 0.229168653 -0.412209153 0.2480928 -0.233693212 -0.511025429 0.865304351 -0.0814501271 -0.146749988 -0.184227541 -1.3874197 0.18922545 0.155704722 -0.103054367 0.620229602 -0.0739831254 -0.34830451 -0.748748422 0.317723215 0.172502726 0.356472254 0.18033655 -0.579447806 -0.0651890263 -1.25143492 -0.143954039 -0.655534983 0.417203844 -0.620426118 0.43466267 0.421690345 0.249164864 -0.538208961 -0.197641894 -0.123546176 -0.388466418 -0.0294636842 -0.34227398 0.503984392 0.648190975 -0.234738216 -0.355929911 0.374184877 -0.153310448 0.613498569 -0.338933229 -0.393110842 -0.592855752 -0.00503922766 0.0763599351 -1.67429101 -0.25148946 0.320327938 -0.100426622 -0.215930015 -0.0357631333 -0.0443256162 -0.135083154 0.113757558 -0.0952510536 0.148845077 0.398094177 -0.0516298003 0.962908626 0.0538280085 -0.250026852 0.320177406 0.289300978 0.107836954 -0.0938875899 0.417779148 0.514720321 -0.127960995 0.464755505 0.464235961 -0.0840289444 -0.503054082 0.068050459 0.11535871 0.00166792865 0.64823252 -0.317403376 0.609676778 0.1503416 0.504862845 0.327115774 -0.0139727853 -0.0211295057 0.319778383 -0.461884528 0.169289023 0.256339043 0.0675505772 -0.103971981 0.132012293 0.767352164 0.607355535 -0.514901817 -0.110318661 0.00792458933 0.629092693 -0.0685341209 0.280480593 0.318391353 -0.337719768 0.10131792 -0.227730483 -0.545085728 -0.37635988 0.40425992 -0.422348201 -0.605462432 0.157650962 -0.0468700491 -0.201669469 -0.387729138 0.0572825484 0.169305861 -0.250154108 0.0243437067 -0.510360897 -0.00509772683 -0.356668174 -0.172234997 0.377857387 0.159472823 0.214688659 0.973329842 0.653116345 0.096022889 0.390863776 0.276627392 0.36144048 -0.310267597 -1.06838322 0.371075183 0.230102196 0.205114231 0.475565583 0.299155891 -0.19038631 0.162750453 0.0799695998 0.0762568563 0.354533643 0.230131537 0.476255566 -0.135192737 0.53210175 0.0724109411 -0.207175389 -0.0382390544 -0.0358095318 -0.618036866 0.14755021 0.66344291 0.320012063 -0.512090564 0.203001738 0.498976976 0.613520622 -0.0898626596 -0.0328914411 -0.54046762 0.429699838 0.00780404918 0.179703221 0.00209920481 -0.273203135 -0.277822435 -0.175002396 0.267231703 -1.05449438 0.457179695 -0.076983124 -0.501903057 -1.07396269 -0.1377379 0.0395581424 0.018996289 0.113697149 0.12070255 -0.301620275 -0.100905634 -0.674955249 0.329534501 0.536812305 -3.22865748 -0.195735767 -0.000238795779 0.672441125 0.581172287 0.998244464 -0.610149264 0.184182525 -0.614785016 -0.0186169706 -0.571784377 0.669894338 -0.0194954686 0.376880586 -0.0933841392 0.424252063 0.136540294 -0.0182242207 0.066829212 0.0918970779 -0.0544072092 -0.0561207235 -0.202591658 -1.38695312 0.0764802024 0.0502854288 -0.5122329 -0.146098807 0.0698008984 -0.492520273 -0.827330351 -0.138748139 0.45022288 0.576322973 -0.289407194 0.578546822 -0.0309328884 -0.581747293 0.145130843 0.0328077562 -0.0734219179 0.827072024 -0.200066701 -1.19602847 -1.25112045 0.263033271 0.207325011 -0.208627313 0.324887902 0.217321336 0.0458538793 0.200850829 -0.0299125519 -0.679610729 0.203665301 -0.209377378 0.0983121619 -2.46040225 0.265317529 -0.55029124 0.26376906 0.220803231 -0.295258701 -0.0714770332 -0.284611732 -0.960003018 0.179515943 -0.0676177219 -1.31636202 -2.09066606 0.254581869 -0.0574242286 -0.264682114 -1.12954402 0.674953222 -0.542149603 0.129746884 0.213417172 -0.183100253 0.177038983 0.118347161 -0.245997265 0.236164406 -0.463585168 -0.201951072 -0.261303037 -0.155985683 -3.10965276 0.347716004 0.0981123894 0.258933485 -0.227083981 0.322694421 -1.09688473 0.58427453 0.570281327 0.227130741 -0.819824755 -0.217168272 -0.330689013 -1.31228638 0.157127813 -0.592784762 -0.383500934 0.0522002801 0.982387364 0.101698838 -0.162790716 0.784879208 0.610459089 0.220000729 -0.481412113 0.330775142 -0.158336312 -0.352509975 -0.768264234 0.485881597 -0.0776289329 -0.0372612588 -0.0434872434 -0.52433461 -0.807082176 -0.503030002 -0.607872784 -0.00516828941 0.176100835 0.163508341 -0.0888612047 -1.37061429 0.244564191 -0.0500946045 0.280810118 0.716891944 0.1681225 -0.787938714 -0.00338783907 -0.159737363 0.40723899 -0.228832394 -0.14561756 -1.98969984 -0.552298963 -0.239419997 0.601339579 0.0897281617 -0.0964816213 0.111386329 0.663421392 -0.0319355689 0.325285316 0.152709484 1.54772091 -1.4126972 -0.108190738 -0.566456556 0.07713148 0.0419072136 -0.585435927 -0.0645071939 -0.681938529 0.0342254937 -0.318659186 -0.0826003179 -0.60453999 0.928421974 -1.25688493 0.025476113 0.138108715 0.509592235 -3.49351811 0.458866298 0.245521873 -1.46682048 -0.0891022384 -0.0814753845 0.141385734 0.608663499 0.0577648357 0.0609231628 -0.908874154 0.0562479943 -0.547717273 -0.133739486 -0.3461079 0.433609277 -0.0849158019 0.081094034 -0.138229623 -0.773046911 0.0686839744 0.290162206 -0.0866109803 -0.447265804 -0.236141056 0.0655508712 -0.177234784 -2.18473721 1.17301357 -0.615279138 -0.0310341995 0.857329011 0.602144957 -0.112730242 0.0721070543 0.151931897 -0.380853981 0.691966236 -0.0287025068 -0.121666268 -0.361229271 -3.13276434 -0.566031516 -0.811756849 -0.066628091 0.470140815 0.237554431 0.293330342 -0.420621097 -0.217240974 -0.0322054066 0.365682393 -1.21595025 0.177323923 0.184441999 -0.935435891 -0.121915221 -0.615702629 -0.147172198 -0.885722458 0.566922903 -0.088225089 0.467769027 -0.262823999 -1.35135448 -0.0734367222 0.460861951 -1.8007592 0.796655595 0.0441400446 -0.273993134 -0.240267351 0.0472619087 -0.242784992 -0.239355028 -0.472255707 0.312232703 -0.158327222 0.133645356 -0.330141842 0.119953275 0.10582675 -0.00732853543 -0.404884964 0.485316068 -0.223480389 -0.270030022 -0.0253226627 -0.169683829 -0.307727098 0.0328520387 0.819375098 -2.50941181 -0.0559288785 0.0696838126 -0.0512532108 -1.50586843 0.277720898 0.00612837402 -0.710412562 -0.626148224 -0.170301348 -0.0260467064 0.0701706558 -0.235700622 0.274401873 0.520983279 0.279922515 -0.418287039 0.370816767 -0.318406194 -0.728775382 -0.107655801 -0.381724298 0.35542351 -0.558358848 0.55064714 0.414332181 0.0708543584 -0.514169931 -0.158466205 0.444528073 -0.0865225643 0.920231521 -0.42124334 0.0867483169 -0.145584673 -0.134031966 -0.70317775 0.139583886 -1.1571455 0.201781854 -0.0593124107 0.119672842 -0.458151668 -0.279008836 0.0704905689 -0.465987146 -0.0661654174 -0.104557 -0.146359831 0.171007663 0.0628521442 -0.499700248 0.232226267 -0.777050316 -0.336189449 0.212094218 -0.655039012 -0.214878514 -0.709647 -0.569213569 0.361890048 0.126792818 -0.314394027 -0.163200557 -0.746550798 0.462838471 -0.134716615 0.486006051 -0.521450698 -0.418076128 0.0315241665 -0.361207962 0.077312775 -0.333409667 -0.434597164 -0.669117272 0.351813674 0.0928899646 0.94133687 0.759901702 0.138246194 0.133573815 0.389161974 -0.228919119 0.141241878 0.0910205394 0.361730695 -0.650761425 0.242937148 0.574798942 -0.306249559 1.1067301 0.244076297 0.41383037 -0.368610382 0.197609916 1.6964395 0.178875804 -0.286714494 0.476686299 -0.684965968 -1.65101302 0.44885233 -0.514971733 0.711422265 0.437622726 -0.60845077 -0.200812891 -0.663163602 -0.314203441 0.376675636 -0.346072257 0.101927251 -0.155097604 0.142066136 -0.228678197 -0.880547881 0.217931375 -0.168361619 0.193941146 -0.400016189 0.214924887 0.248564273 -0.235948637 0.248399794 -0.0804956555 0.65246278 0.877670228 0.0482265875 -0.559734046 0.684299052 0.413401514 0.0110253505 -0.301362246 -2.01762223 -0.0418005064 -0.199779481 -0.840449989 0.294507563 0.859823227 0.0300470013 0.236979142 -0.188676283 -0.0696241036 -0.6708166 -0.131940335 1.44904792 0.676799059 0.14975594 0.117428638 -0.459477425 0.0546018258 -0.909314513 -0.356795698 0.475046158 0.438007236 0.145009845 -1.45131779 -0.126211047 -0.286240786 -0.237428367 -0.025116004 0.0735873953 -1.95175922 0.0498823933 0.283364296 0.0528981686 0.481943846 -0.29067862 0.240657806 0.223041594 0.12295866 -0.0747825727 0.310771734 -1.33393323 -0.034963429 -0.122648239 -0.112418696 -0.294362247 0.0518957712 -0.545952857 0.486533314 -0.260812849 -0.51672101 0.0263222493 0.149435669 -0.0827427208 -0.034106005 -0.242840335 -0.460030854 0.0981285572 -0.312974393 0.628240228 -0.463891089 -0.491250664 -0.670091569 -0.240443841 -0.0867647752 0.675447822 -0.145251736 -0.247848764 0.0740672946 -0.72634089 0.689002573 0.32961905 -0.0977043286 0.283283859 -0.124338627 -0.824359238 0.0455638207 1.65502143 -0.707030118 0.0334238857 0.250752807 0.333938062 0.13783437 0.257988483 0.289605677 0.731313229 -0.101817235 -0.314458191 0.317849904 -0.232622102 0.0139978277 0.691912115 0.634366572 -0.0249460991 -0.405154645 -0.00136076869 -0.250808448 0.645008922 1.05263114 0.871399105 0.00620691199 0.915408015 0.350485682 -0.175280288 -0.589143574 -0.0503487401 -0.286014944 -0.287249148 -0.0467681438 -0.719628513 0.299460441 -1.18042159 -0.238538757 -1.09257483 0.361921102 -0.348447442 -0.316796124 0.120797731 0.101771921 0.200906128 0.449237078 -0.49741751 0.910893083 0.419338614 0.407255799 0.511684 -0.0480565652 0.170568824 -0.484445751 0.566220105 0.0492559038 -0.104717061 0.260194778 0.24166818 -0.448458791 0.0168420337 0.178183183 -0.123820677 0.233512253 0.795528233 0.392139167 1.0052458 -0.197944984 0.186855748 0.0495212488 -0.0506036617 -0.337753236 0.489214152 -0.909261107 0.42174986 -0.454080164 0.151667461 0.349897087 -0.481348038 0.77155745 0.400520712 -0.228724554 -0.154097915 0.0018575443 0.515183508 0.043121513 0.165405735 0.26222828 0.233194545 0.425054371 -0.555132747 0.310837775 -0.678077519 0.251356632 0.128199726 0.0641297549 -0.107590087 0.372654676 -0.022720959 0.20173122 -0.0761332735 -0.0542862043 -0.076988548 -0.534300864 0.0182379521 0.0216844566 -0.403699249 -0.106552348 0.400567144 0.185960457 -0.231993943 1.22747815 -0.692702055 -0.350782305 -0.771922708 0.522936404 -0.287099272 -0.0225101858 -0.332743824 -0.239790574 -0.69288528 0.297193736 -0.115925215 -0.317947447 -0.330894202 0.104258113 0.595793188 0.407924443 0.167696282 -0.39956826 0.649406075 -0.306427836 -0.12678124 0.468347639 -0.169843778 -0.0838382617 -0.651829004 -0.0435832664 -0.675146401 0.732229173 0.234915137 -0.671972871 0.261647999 0.248569742 1.4624306 -0.219776943 -0.0877365321 0.157133088 -0.0951170921 -0.222646236 0.388916135 -0.0828172714 -0.0308460481 0.304263115 -0.173766211 -0.555516124 0.383809656 0.0544131957 -0.100142434 -0.122589894 -0.0962211341 -0.113179192 -0.246427327 0.0754851475 -0.713600397 0.315673858 0.230041564 -0.20814158 -0.126824304 -0.420014858 0.275661349 0.544409156 -0.310740203 0.0411633328 0.213570699 0.221281409 -0.652258515 -0.0881022289 -0.242419213 0.0603313968 0.403915256 -0.251628518 0.762141585 0.386241734 0.0850853473 0.345885366 0.00539893098 -0.394560069 -0.544390976 0.260023504 0.231935352 -0.433010429 0.551260233 -0.0154014034 -1.62529314 -0.34453997 0.529083371 0.0619694255 0.179099813 0.0741723701 -0.391707271 -0.919086397 0.241562173 0.488130838 -0.798295081 0.185743064 0.155113131 0.664791703 -0.436047286 -0.213836029 -0.34522438 -0.862211764 -0.656918287 -0.328193784 -0.0755653456 0.0789091885 -0.136180639 0.350335926 0.0454106927 -0.0140625471 -0.732333958 0.019589927 0.0813441202 0.223955944 0.0192679726 -0.0866751596 0.0284756329 0.0937194079 -0.0496538989 0.917420626 -0.0133201685 -0.191880673 0.0500556603 0.480249345 0.660352767 -0.271471947 0.522435248 -0.0545453504 -0.521718383 0.0391126759 -2.16957688 0.211244375 -0.204319909 0.425555408 0.0432619192 -0.0557261258 -0.474010944 0.143848777 -0.0225251932 -0.224571615 -0.151068538 0.569827437 0.0351899453 0.229658455 -1.54010129 0.406725079 -0.612538636 -0.207688972 -0.456965357 0.0973360986 0.18317531 -0.194612384 0.450373501 -0.231991485 -0.867456913 0.275451362 0.406588405 -0.494001478 -0.346654475 -0.722548723 -0.15874508 -1.82633877 -1.78250408 -0.209278986 -0.110175721 -0.472066492 -2.14942241 0.44077161 -1.46531594 -0.417394578 0.384476095 0.149769753 -0.277117014 -0.598501921 0.219763085 -0.541761816 0.342458189 0.70074302 -1.00411117 -0.213602245 0.363245398 -0.734365404 0.127177432 -0.949492574 -0.637761474 0.109512836 0.0875381827 0.104438283 -0.058602646 1.12756658 1.03277695 -0.434848636 -0.0817645639 -0.022652952 -0.539023757 -0.214890152 -0.317613691 -0.822064996 -0.708690643 -0.563855588 -0.582142413 0.0340921544 -0.127643734 -0.144929945 -0.364768773 -0.127628356 -0.0905294791 0.109395809 0.678925216 0.412863374 -0.417987972 -0.38489303 0.89604044 0.245423511 0.0771236941 0.0927875564 0.534083307 -0.668415844 0.423497587 -0.141000137 -0.0309655033 0.254307151 0.0835088938 -0.283536196 -0.956702113 0.196964353 0.00460456824 -0.0674429014 0.424026221 0.117862351 -0.161772609 -0.391066462 -0.566723108 -0.29161495 0.325324535 -0.19319047 0.598256469 0.18060185 -0.189406186 -0.0472665057 0.224881262 0.432692111 0.104156762 -0.313666165 -0.0394488685 0.359001279 -0.122928627 0.309115738 -0.230363175 0.231634751 0.0979291946 -0.234121129 -0.00278983451 -1.52868724 -0.167628884 -0.520661831 -0.377019793 0.23857376 -1.46203709 -0.967527449 -0.0554041415 0.105026245 -0.921325088 -0.103693917 -2.45668817 0.218922406 -0.235453203 -0.18338865 -0.343666553 -0.329094708 0.462836295 -0.389159024 0.538738072 0.195230335 -0.716491997 -0.588896513 1.60046804 -0.402692378 0.200467318 -0.534950137 -0.277715355 0.0790212452 0.281288415 0.380244583 -0.583432734 0.0806619078 0.446747899 -0.714372635 0.110540152 -0.951004863 0.976339579 -1.92595983 0.254381418 -0.170112938 -1.09534407 -0.316767156 -0.529808104 -1.00603008 0.282178521 -0.114422999 -0.0954358429 -0.0269779246 0.231411681 -0.669623077 0.137750417 0.586766362 -0.0173349474 0.0406955667 0.429310799 -0.0416888744 -0.272177726 -0.611538172 -0.285564065 -0.215000764 -0.179508001 0.224200889 -0.286961257 -0.230603024 -1.43310869 0.00507974578 0.248522192 -1.64990652 -1.58308184 -0.662389278 -0.0568793789 0.460415423 -2.49897456 0.0164898429 0.218384802 -0.605042696 0.0459289141 0.0356037356 0.0889796242 0.206128269 0.316019058 -0.310275823 -0.386480868 0.0721110851 0.0149360998 0.769412279 -2.14819551 -1.05186415 0.140216127 -0.326058537 -0.0430809893 0.408922136 -0.21318619 0.259487242 -0.11805144 -0.0220815986 -0.00748845888 0.0346767418 -0.526834667 -0.0401037 -0.353661656 0.655643344 -0.118841588 -0.0878488868 -0.0397501513 -0.50251615 -0.0569968484 -0.49111253 -0.00632946566 -0.250009358 -0.231579244 -0.013138256 -0.000802469905 0.100101106 -0.570812285 0.173671722 0.0110734478 0.270160049 -0.0756454542 0.221306831 0.0485195778 -0.358227164 0.0693169758 -0.195456177 -0.147222444 0.112194061 0.249080062 0.0802240521 0.285891652 0.067127578 0.192636922 0.121393479 1.15626645 0.0429992937 0.403384864 0.176571146 -0.0348969921 -0.129398614 -2.60965967 0.0905652717 -0.667086184 -0.143876076 -0.222770452 0.577709734 -0.176993743 0.284972876 -0.0761476383 0.268760234 0.21696122 -0.0810024291 0.250155807 0.176118299 -0.0120914532 0.166122586 -0.524166346 -0.233302429 -0.330674112 -0.641372621 -0.161413833 -0.219825625 0.172059461 0.430173635 0.54305023 -0.762199521 0.398594886 -0.433471292 0.343970209 -1.25960422 0.449935138 -0.244897485 -0.629319787 -0.201836422 -0.688677609 -0.514185727 -0.437575907 -0.000562522153 0.760439754 0.632619023 0.130033612 -0.0540708788 -0.187079042 0.137929663 0.120821193 0.127664864 -0.185836881 0.477760404 0.421836376 0.437143475 -0.10476578 -0.0438152999 -0.720391214 0.335117757 -0.358474284 -0.0839936435 -0.016018251 -0.268396229 -0.0166350901 0.442157239 0.212638274 -0.39071244 0.470012307 0.0355846658 -0.836572886 0.127116278 -0.241022453 -0.170067638 -0.767083049 -0.065367654 0.0938612223 -0.307745755 0.387242407 0.429986924 -0.612280905 -1.26881969 0.216365993 -0.181118831 -0.184844449 -0.0158968661 -0.0286640674 -0.252553076 0.0229011588 -0.0742805973 -0.282033563 -1.22513664 0.34271425 0.81601423 -0.126258969 0.364395171 1.44602287 -0.239700198 -1.1802156 0.548867047 0.872943819 0.113294356 -0.587851882 -0.311371416 0.549115539 0.73311007 -0.206137121 -0.151365548 -0.539409161 0.385491878 -0.121332079 -0.189508677 0.172454402 0.0448212437 0.0426153615 0.355081379 0.363727152 0.224669114 0.044086922 0.266075373 -0.405623078 -0.176861063 -0.207222193 0.876104236 -0.373016655 0.0294942521 0.0680271015 0.484887391 0.869734704 -0.337546974 0.742550611 0.39327836 0.433816284 0.251322627 -0.488650441 0.0297766067 0.264295399 0.0656933784 -0.0936174318 -0.0299604572 0.091467239 0.313766867 -0.163932353 0.355308115 0.020064529 -0.334288836 0.632731438 0.0356258154 -0.0605726726 -0.216928869 -0.218281195 -0.280937314 0.220671415 -0.134636447 -0.0879254714 -2.082201 0.574102879 0.243944451 0.15516147 -0.164496407 0.319680274 0.520022988 0.272470266 -0.12500909 0.491014719 -0.111627951 0.527626991 0.267721057 -0.53654027 0.785010219 0.288854569 0.0696989968 0.00333589013 -0.17626521 0.46723786 -0.658619463 -0.183552071 0.045436386 -0.142747298 -0.270009667 -0.291826457 -0.598698378 0.183724239 -0.165181831 0.0902878195 -0.244111672 -0.0257309191 0.00703847455 0.0550970547 0.197441012 -0.36958909 -1.47018707 -0.750712693 0.447907209 0.0278579239 0.0211142898 -0.404397309 -0.736441016 0.297973424 0.0106180925 -1.2773391 -0.380155742 0.145316273 -1.22804797 -0.119637497 -0.00733624166 -0.475213349 -1.84177291 0.369259775 -0.760270298 0.443901211 0.142922312 0.194378078 0.0938239619 0.192483753 -0.124203481 1.83302951 0.00575289782 -1.02845979 -0.110127352 0.148577347 0.67541486 -0.558419824 -0.832050383 0.527268112 -0.0255754534 -0.0698303878 0.606979609 0.0096254833 -0.115825415 0.256286651 -0.0101074185 0.54906714 0.0126355262 0.919680119 -0.528016508 -0.291648835 -1.04241157 -0.14294827 -0.3755247 0.0178769175 -0.840854228 -0.142706648 -0.0720584467 -0.43390727 -0.0612196811 0.0669040531 0.262292981 -0.293410987 0.396441728 -0.600556314 0.466634065 0.232555792 -0.563530862 -0.112088457 -1.27364099 -0.100579008 0.452360302 -0.408046424 0.207617566 0.0182224829 -0.213670477 1.48223531 0.722068369 -2.30014324 -0.145217955 -0.0603015572 -0.36105603 0.535878778 -0.160954833 0.26708445 -0.0817039013 -0.319458097 -0.302155465 -2.48664641 0.0668923333 -0.28673923 -0.26254335 0.308168471 -0.263080746 -0.568594396 0.548255265 0.0829857066 0.0727044716 0.0478573143 -0.746050954 0.125167727 0.296921313 1.01458299 -0.586096346 -0.569040596 -0.598673582 1.1756829 -0.344607264 0.443035692 0.615213275 -0.419282526 0.0990485996 0.0484910607 0.171607688 0.12779209 0.493957222 -0.144235492 0.435603142 0.193503723 0.18145974 0.238029361 0.258027434 -0.0932210237 -0.0263472795 -0.162134349 0.0406670533 -0.0304614697 0.913375139 -0.316031545 0.294969887 0.322270095 0.268130571 0.242833614 0.0925042406 0.154497355 -0.228856787 0.320422649 0.0462642722 -0.895260632 0.153075397 0.246153206 0.220877871 -0.165076062 -0.253419399 -0.689036071 0.448646724 -1.09765244 0.524701476 0.300902486 0.0420671478 0.36611858 -0.397278577 0.833690822 0.656237364 -0.284253359 0.147501677 0.0574261434 -0.517937541 0.278083891 0.293358475 -0.0788684338 0.0229360797 0.453117758 0.350120217 -0.387369782 -0.968301773 0.105528787 0.301183075 0.0162935518 -0.10667792 0.106689967 0.246841833 0.224833488 0.00240212074 -0.271665365 0.340792745 0.276486546 -0.064753063 0.055906225 -0.927755296 0.493014157 -0.930865049 -0.355754703 -0.496811152 0.155878603 0.319287002 -0.0486361124 -0.368470669 -0.382958323 0.0207017586 0.444227606 -0.529277205 -0.342422307 -0.997807145 -0.347744018 -0.0178857408 -0.260636777 0.406467617 -0.146586806 0.449362606 -0.0800332651 -0.61582613 -0.320869982 0.20253177 0.680171132 -0.0277745351 -0.100138053 0.453786075 0.282699913 -1.02025867 -0.00159692438 0.109706372 -0.249492839 -0.73537147 -0.220663816 0.141820878 -0.068405807 -0.0117030535 0.572052777 -0.42472139 0.215485051 0.294580281 0.845827341 -0.229225859 -0.30659762 -0.666503608 -1.26736069 0.0106529566 0.517865598 1.06828666 1.63337696 0.270737976 -0.229417905 0.339685112 0.777956069 -0.725876331 0.0555629618 -1.49381042 -0.358660787 0.331436932 0.141221851 0.667354286 0.299443305 0.0459943414 -0.26485309 -0.129135117 0.376035839 -0.644600987 -0.250579804 0.320197493 0.365000963 0.120073028 0.157212526 0.512861907 0.112544812 0.34699139 0.228233397 -0.189904436 -0.182262957 -0.0557104424 0.202479482 0.187980518 -0.159925893 0.318487495 -0.0438304655 0.296214312 -0.162375331 -0.0281049907 -0.726955354 -0.0348764323 -0.262084186 0.172495455 0.197527528 -0.11380177 0.878245831 -0.708130062 -0.912574291 0.0662603155 -0.165129095 -0.0178750996 0.897738099 0.959789038 -0.0238611996 0.289049327 -0.633035302 0.189216375 0.0662504807 -0.7555179 0.0845566913 0.290564775 0.777042329 -0.265623868 -0.136376575 -0.85303092 0.221825302 -0.516816497 0.047554329 -0.112464033 0.232387438 0.10970021 -0.091858387 0.380996674 -2.42735267 -0.216700032 -0.0500712693 -0.0257696621 0.334702492 0.622800231 -0.786020637 -0.518035889 0.0391133986 0.0491487682 0.0465219915 -0.0632615685 0.115571506 0.28532064 0.253807962 -0.123567812 -0.152346849 -0.292797148 0.514748335 -0.868597746 -0.122536674 -0.536891878 0.778750718 0.580500484 0.256823689 0.391824931 0.00600981805 -0.755976021 0.216215104 -0.129124671 -0.74770242 -0.159250081 0.228113264 0.249670327 -0.334580749 -0.273533732 0.671758473 -0.134124547 0.52792275 0.155036449 0.152463555 -0.253603101 -0.11561092 -0.112701923 0.198292717 0.665378213 0.385030538 0.0850757658 -1.65369904 0.0877325237 0.281648725 0.130192995 0.262049437 0.0707265735 0.239242911 0.160147116 0.999702752 0.126772344 0.195632875 -0.482317418 0.366665095 0.0402742364 0.559729159 -0.0488807112 -0.143719196 0.153212756 -0.0763195306 0.0284651965 -0.992952824 -0.0875398591 -0.284915298 -0.486931294 0.0448176824 0.813730478 -0.389267415 0.485614985 -1.02848446 0.384075105 0.124252982 -0.459196508 -0.796007395 -1.43120348 -0.0477262363 -0.202488303 0.142539784 0.382631183 -0.0285088569 -0.965238571 0.705664337 -0.131060481 -0.32776621 -0.000101639591 0.0249592401 0.169965938 0.700296879 -0.0750739872 -0.0102963466 0.25511837 -0.115227744 -0.106620036 -0.34037739 -0.208476111 0.280773848 -0.0831458345 0.483850181 0.168853924 -0.918230236 -0.761984587 0.13190636 -0.0554404035 -0.239264533 0.3120372 -0.0385860987 -0.390405029 -0.266792417 -1.93642449 0.0309214648 -0.629949331 -0.0890031382 0.36027655 -0.00639673928 -0.0497303866 -0.533053458 -0.205195308 0.038208738 0.121495917 0.0641065538 0.0638469383 0.210816041 0.251999795 0.161475703 -0.724202573 -1.21336424 0.655826151 -0.0866587386 -0.307527572 0.167417094 0.293660462 -0.0298138075 -0.150140688 0.551949203 0.0417257138 -0.251974881 0.530996084 -0.158476338 -0.00406610919 0.0971887335 -0.539033651 0.147262454 -0.0570858195 -1.68487215 0.359724939 -0.452896148 -0.169014439 -0.172530532 -3.87472558 -0.355720252 -0.099856548 -0.294525117 0.336714566 0.323440492 0.195244461 -1.34828031 -0.412614584 -0.198208898 0.234882414 -0.27440387 -0.431949228 -0.542316973 0.297363311 -0.610216618 0.451764256 0.200973988 0.476708502 0.0110641532 0.106852345 0.914567828 -1.11923754 -0.849370897 0.213324592 1.07109928 -0.0202023387 0.685829222 0.380632192 -7.64304018 -0.143202975 -1.05420613 -0.774916828 -2.70170045 -0.127356142 0.111590728 -0.207577601 0.283909053 0.111172602 -0.444168061 0.0772658437 -0.140519425 0.0974398553 0.134812266 0.711264133 -0.362545192 -0.128283635 -0.324207664 -0.360490948 -1.7553575 -0.065540202 0.0645091608 0.256156325 0.0807113871 -0.270984113 -0.722409785 -0.590623736 0.00824144669 -0.472485811 0.00119153014 0.859652162 0.754732847 0.0868448243 0.164325491 -0.207538545 -0.257617593 -0.186680913 0.285835564 -0.130731001 -0.378007025 0.610869586 -0.191636741 -0.294492424 0.105887681 -0.121332735 0.780316234 0.667323649 0.256862372 0.0147000998 0.319507062 -0.338046819 -0.515355825 0.0691771731 -0.0152505971 -0.544320166 0.909242809 -0.0669522807 0.249324515 0.341888368 -0.758298457 -0.0228178594 0.0924610496 0.648019016 0.918862879 -0.0833453909 -0.130422845 0.141223207 -0.00819960237 -0.342290699 -0.2129412 -0.271593273 0.273000062 0.592913985 -1.01442623 0.320717961 -0.291677296 0.498629808 -0.109373681 0.294775128 0.4000099 -0.144015029 0.160105139 0.217580348 0.406602263 0.0944945887 -0.0906715244 -0.00986923277 -0.317061037 -0.165932447 -0.17236948 0.702227235 0.168553516 0.0498007946 0.0378618166 0.629201829 0.0439088754 -1.08021069 -0.0249572396 -0.168596283 0.595900476 0.0600058548 -1.04137301 0.279868096 0.2038932 0.598353386 -0.137381896 0.00175927742 -0.182852969 0.413642168 -0.0250239931 0.420605481 0.290809691 -0.00832625944 0.700127721 -0.300611258 -0.159094706 0.0600928776 -0.194786191 -0.563334346 0.197168648 -0.509086967 -0.192583635 -0.490211844 0.433501124 -0.243067384 0.192677572 0.415090263 -0.0142601831 0.277986586 0.0464543365 -0.539405107 0.408854663 -0.303196222 0.152584136 0.42965734 0.172741205 0.460219413 -0.379009247 0.00383210951 0.407354087 0.379938781 -0.100805722 0.145818621 -0.00394628337 0.452904642 -0.30869481 0.269161522 -0.13834326 -0.136507526 0.123104587
tensor_linearrelustack0bias 64
-0.0425880104 -0.0135944616 0.616309404 -0.13249588 1.17701817 -0.248036325 0.136552721 -0.0641816333 1.31150997 -2.01526165 -1.17042041 0.431494921 1.225021 -1.32094324 0.195731089 -1.78756022 -0.653505266 -0.655820847 -0.416380882 -0.54893589 0.869505048 -0.144229814 -0.111865558 1.13415897 0.90309757 0.0439065099 -0.78839004 1.34109545 -0.755060971 -0.00827771798 -1.03757989 -0.776054561 -0.972489476 -0.10349486 -1.49389458 0.155708641 -0.628501117 0.294711322 -1.34940445 -0.837836385 0.863329828 1.30494034 -0.700626016 -0.799205303 -1.33795595 1.38200378 -0.524160206 -1.68296409 1.44883776 -1.08887041 -0.737263739 0.132244289 0.259793937 -0.398985475 0.595627248 -1.21190047 -0.355488777 -0.701364338 -0.682040751 -0.859738171 0.547401309 1.49289012 -0.679227173 0.50149107
tensor_linearrelustack6bias 1
-0.582175434
tensor_linearrelustack0weight 1344
-0.908209324 -0.200553566 0.0674499571 0.112844452 -0.000955336669 0.0413567498 -0.0776353702 0.118534729 -0.353090942 0.118141711 0.082201004 0.452610135 -0.350031763 -0.295286953 0.235835239 -0.73525238 -1.25708878 0.044836361 0.146367386 0.919003785 -0.303943187 0.303527415 -0.295142978 0.102682486 0.306674749 -0.0299027916 -0.0180990566 0.121890865 -0.0588719137 0.284487665 0.0123405699 0.186511248 -0.0789239407 0.226524502 -0.285973638 -0.674117684 0.139311731 0.218609169 0.011170933 -1.64169574 0.189545557 0.067010209 0.099847503 -0.0297607817 -0.0268537346 0.122271761 -0.157705948 0.227880806 0.0131077515 0.136612281 0.210659027 0.0752969459 0.174866438 -0.0250001047 -0.115838937 -0.278005242 -0.401185811 0.021605419 0.836063087 0.444306463 -1.45127356 -0.252791256 -0.474532396 0.0559751764 -0.20117487 0.309004575 -0.0439485535 -0.0833246112 0.113329425 -0.123594597 0.0494681187 1.18571782 0.321344554 -0.749856353 -0.873657405 0.0433063582 -0.372087508 0.236134678 -0.0942529663 0.0918876082 -0.764217198 0.308550298 0.0186347049 -0.340017468 0.0417123213 0.242701679 0.0971276611 -0.00940327998 -0.0310179181 0.0289559104 0.0302350763 -0.0383711793 -0.0732337087 0.0810256824 -0.0651213154 0.0373883918 0.986435115 -0.13087517 0.0607291237 0.0573949255 0.288124055 -0.77078706 0.0716649294 0.0366193429 -1.14919937 -0.155823812 0.106638342 -0.0888881907 -0.129435927 -0.157279238 -0.0236709416 0.0134493886 -0.390889943 -0.54024452 -0.0230267178 -0.179010466 -0.0218742508 0.248122051 -0.284708619 -1.83016431 -0.0533647127 1.1561923 0.232050285 0.56653589 -0.058224313 -0.026216764 -0.0545029826 -0.0323676281 -0.0665036589 -0.111433454 0.0413335189 0.0934675112 0.229794577 0.128515765 -1.17183864 0.4007245 0.28344065 0.431347728 -0.655425191 0.370367348 -0.959894955 0.189987674 0.784551144 -0.107669435 0.0150522077 -0.0628790334 -0.0372167639 0.234095022 0.0613599792 0.0233915411 -0.405028999 -0.111208759 0.164922044 0.0759698749 -0.15404065 -0.204816997 0.887937546 -0.341698289 0.0389235318 -0.235986769 0.138857394 0.259528607 0.180373743 0.268723369 -1.78380716 0.362527609 0.156132862 -0.217106342 0.0652606115 0.0770897269 0.0406739563 0.216030985 0.230233446 -0.0539333187 0.0736827031 0.0478078201 0.113082707 0.237270609 0.0333296061 0.0868257657 -0.0420701802 0.399138242 -0.201515391 -0.036366079 0.00630779425 -0.436626345 0.302376211 0.178751096 -1.77799773 -0.0736855939 -0.0184269007 -0.0660542771 0.0318011343 -0.0636033714 -1.36862779 0.00926836953 -0.065906249 0.02689684 -0.106118083 -0.0740563497 -0.112654753 -0.578020394 -0.114707574 0.224507362 -0.0209887307 0.247779027 0.269685328 0.021711316 -0.0620426796 -0.13866429 0.293329746 -0.437889546 0.184505701 -0.2430785 -0.165836886 -0.0724749416 -0.019868644 -0.245091245 -0.114263117 -0.0065974677 -0.0732473359 0.201207593 -1.12008965 -0.147667766 -0.961092651 0.0131469015 0.00786952488 0.319109142 0.0015124951 0.704007328 0.449372083 -0.937819004 0.163271576 0.0331208296 -0.211594298 -0.11941433 0.0200525112 0.0929730237 0.0432949737 -0.133225664 -0.47856915 -0.204354048 0.924559057 -0.284686744 0.453291088 0.0124879964 -0.174238995 0.113474175 -0.485358 -0.563646317 0.0996718481 -0.130425274 0.0940896571 0.352866769 0.115112856 0.0224831551 -0.0126440413 -0.102020979 -0.00505840778 -0.128494099 0.647042453 -0.0886859819 0.062257953 -0.942896605 1.15623784 -0.647873163 0.340031713 -0.0911248624 -0.293042272 0.375447989 0.11543148 -0.0614414252 -0.833455861 0.196823657 -0.0374420099 0.0496692248 0.21918273 0.193953231 0.064815037 0.0441325419 -1.52434683 -0.109490082 0.0946713164 -0.147835732 0.0262526348 0.0247153081 0.0143391918 -0.58147198 0.00317247375 0.434278995 -0.319686919 -0.0102677867 0.149342015 -0.246916533 -0.314002663 0.0302407872 0.0775578991 -0.0362582803 0.0235905014 -0.786849201 -0.0599005297 0.119219594 -0.735541284 0.497610718 -0.274654299 0.49347347 1.02772331 0.0611702912 -0.0737902373 -0.049282182 -0.164396361 0.359773725 -0.00735018635 0.383733481 -0.252757281 0.0900887847 -0.166539311 0.102431767 0.16890347 0.0607199036 -0.0533810519 -0.0291658808 0.057573799 0.0487989411 0.455525428 0.179912388 -1.12078559 -0.5535779 -0.535785854 -0.459784567 -0.00163711945 -0.00313743949 0.0545205995 0.185920954 0.077181004 0.495412588 -0.00529294321 0.172597021 -1.10426545 -0.0684690103 0.105416857 0.00247519207 -0.0458857194 0.0226536095 0.108391598 -0.0100368522 0.104360357 -0.0161452405 -0.133326828 0.132539108 -0.725734413 0.361145914 0.457502037 0.0077565629 0.0184495002 0.136112839 0.139693871 0.106626391 -0.311498672 -0.367693424 -0.0394625142 0.149306595 -0.144220218 0.576597214 0.128003493 0.651867986 0.898654938 0.115384333 -1.10133576 -0.213873982 -0.272787839 -0.226027444 0.0656237826 -0.768513918 0.498986423 0.215960264 0.523630381 -0.387122035 -1.03218949 0.462787896 0.159060776 0.0850204006 -0.0744894519 0.260023534 0.0703069568 0.00219577388 -1.22149026 -0.259596795 -0.0799309015 0.555974603 -0.440087289 0.0263956487 0.703174829 0.2998555 0.0722816437 0.0625478104 -0.126281902 0.00742572034 0.249865159 -0.157565266 -0.579340458 0.472594082 0.41697666 0.193394557 -0.199353099 0.0761717483 -0.0249073803 1.19169974 0.137132108 0.249782473 -1.30488169 0.44597888 0.0729079321 -0.0985809341 0.00940251537 0.0475138351 -0.446577698 -0.225447714 0.50187546 -0.0503369831 0.925695181 0.221094564 -0.151508003 0.00686459616 -0.155247435 0.191306189 0.0873525292 0.0414044522 0.322655857 -0.474325627 0.321410537 -0.465570271 -0.910738349 0.12478973 -0.21500659 -0.0851602852 -0.209216267 -0.107439972 0.0351420045 -0.118511565 -0.918789625 0.203801095 -1.39983785 -0.170876473 -0.118980087 0.131926045 -0.0517745204 -0.060242746 -0.101575337 0.10149096 0.201046154 -0.0608336478 -0.69822067 0.449472249 -0.0590647534 -0.0269596446 0.69801861 -0.451363415 -0.249635443 -0.0968268514 0.348759294 -0.177889675 0.253559917 0.464889616 -0.210545436 -0.0466142558 -0.158754855 0.0656013787 0.122535445 0.0392232165 -0.191596836 0.180371642 -0.052463945 -0.230774388 -0.230632633 -0.350456148 -0.236473829 1.58362567 0.381800503 0.108909771 0.298012227 0.103406034 0.0277806222 -0.0633512884 0.539771318 -0.204736337 -0.44915545 -0.133515343 0.0527360365 -0.0333229229 0.0273037665 -1.09041631 -0.283703774 -0.077132307 0.27061066 -0.143388286 -0.11883495 -0.123471364 0.107228979 0.719676614 0.403948486 0.13304159 0.588962078 -0.775209904 -0.231474683 -0.165836155 0.235978916 0.226642907 0.000508519122 -0.0605464429 0.0910643637 0.132238537 -0.115025535 -0.0664705336 -0.107128516 1.70884562 -0.967568994 -0.252900302 -0.227100685 -0.00377970212 0.472529858 0.265930235 0.203870118 0.0622369759 -0.262675822 -0.0953344628 -0.0371376164 -0.0990666151 -0.0549837351 -0.052895017 0.287031442 0.153937995 0.234638721 -0.20641619 -0.0806479827 0.0736619979 0.509604871 0.0731981024 -2.02291298 0.0441121161 0.035319373 0.201279223 0.916704535 0.570688069 0.0307611153 0.0206408352 -0.325231194 -0.118212365 -0.422871023 -0.45450449 -0.655195653 -0.63944304 -0.591108382 -0.623216867 -0.677066982 -0.517466605 -0.208565637 0.693122089 0.683985353 0.550841212 0.302115411 -0.078376241 -0.400927842 -0.163091987 0.321300685 0.327903271 0.0633193925 -0.0578047484 0.210995123 0.00443061069 0.0546759665 0.0359048583 -0.0614055246 0.0878627747 0.0185757242 0.0249782875 -0.0100757806 0.0683866888 -0.0199554358 0.178899378 0.446763009 0.00545631582 0.0207553338 -0.102990404 0.53592217 -0.282148927 -0.0795026347 -1.75143611 0.207065016 -0.219523713 -0.170388922 0.212093592 0.0441883393 0.220092788 0.0514473245 0.053608194 -0.533379257 0.279024482 -0.119705103 0.975749552 -0.798419654 -0.0114363609 -0.0335410275 0.0488502085 -1.63683605 -0.0165647604 0.165020242 -0.417529076 -0.159713671 -0.28344664 -0.342776328 0.423604757 0.167683572 0.045223318 -0.0559041575 0.00462668762 0.133467838 -0.103530765 0.22509487 0.592082918 0.855644584 0.0634524375 -0.40146184 -0.981607914 -0.425670505 0.111813746 -0.0355336852 0.00963883009 -0.42626363 0.0672819018 -0.0617110133 -0.188285992 -0.304358691 0.0257197712 -0.126765966 -0.069748424 0.0300688632 0.0486226901 -0.193282992 -0.106121868 -0.0630047992 0.13329874 0.195755914 -0.151582941 -0.0345770121 0.0188317094 -0.734200716 0.092041865 0.273536772 -0.183158323 0.76949054 0.157537118 -0.0443468429 -0.0493013337 0.0169548523 -0.124513082 -0.133083493 -0.042238988 0.157333061 0.778868496 0.271376014 -0.229249507 -1.39808965 0.0468347073 0.478951216 0.11550352 -0.18526426 -0.304453105 -0.059072759 -0.107442699 -0.162440374 0.41611442 0.477504164 0.175886303 -0.225595713 0.16024825 0.170684397 0.0601789728 0.206153482 0.0488528088 0.484546661 -0.264384091 -0.979261279 0.523509502 0.120813578 -0.00925601274 0.373047024 -0.10721612 0.105243541 0.0220561363 -0.500860691 -0.541565418 0.327595294 -0.556630909 -0.184045419 -0.204328626 -0.0325544514 0.0830227211 -0.328686357 0.00528745959 -0.34450075 1.68907881 -0.20586364 0.0796156824 -0.863736451 -0.341055185 0.254157424 0.202841297 0.271726906 0.401856095 0.0885779262 -0.0403822064 0.0781342983 -0.712317884 0.0904326141 -0.155851007 -0.133061945 -0.028332632 0.168851674 -0.0245323759 0.0451819934 0.175036445 0.359571725 0.327510297 0.169331342 -0.677293301 -0.451369613 -0.270727694 -0.323316693 0.0491457805 0.441227436 -1.27388918 0.178182974 0.19563134 0.449938327 0.243758425 0.398991972 0.267444968 0.00786700565 -0.196253628 0.160018206 -0.0346811228 0.101730488 -1.86095071 0.853994668 -0.233379498 -0.0660722926 0.321802229 0.0806028247 -0.298149258 -0.220228374 0.730889559 -0.451221287 0.00805093534 -0.240930691 -0.381614476 -0.189354435 -0.227648556 -0.101128884 -0.27495718 -0.818841696 0.00299347634 0.171073139 0.0850081891 -0.715777457 -0.1491604 -0.537142098 0.924127817 -0.278985202 -0.761897027 -0.266267538 0.254828185 0.531395793 0.626509428 -0.951292515 0.55099988 -0.417617351 0.239794597 0.497919977 0.560838878 -0.0299296938 -0.019300459 -0.146237105 0.145923361 -0.0253046546 -0.769851267 -1.24232316 0.299684823 0.78827256 -0.864301801 0.263198882 0.605280936 -0.189309493 0.267147422 0.401978165 -0.0531463437 -0.575589061 -0.583291471 -0.34461996 -0.332583934 0.361649811 0.186155722 0.0985892713 0.195703909 0.0804957449 0.10028626 -0.336934984 0.216563642 0.142799303 0.509931743 -0.730049789 -0.119940989 0.0915584043 -0.0852358565 -0.198562592 -0.271570802 -0.228660077 -0.459213287 0.513190985 -1.20483232 -0.100987338 -0.2478811 -0.22260344 0.295379192 0.711695611 -0.200366959 -0.294738472 0.0430157557 0.302439839 -0.263487369 0.489067793 -0.184780076 -0.327939779 0.204523399 0.144364327 0.0485682301 0.594971418 0.00069508265 0.650650144 -0.126018494 0.343693376 0.418544054 -0.728624165 -0.180251405 -0.350343734 -0.0831816569 0.0235526264 0.0117286434 0.380336255 -0.358129531 -0.2339596 0.268830329 0.59323585 -0.433889478 0.538007021 -0.118514583 -0.573179007 0.363983393 0.248929545 -0.325802773 -0.996454954 0.136006191 -0.108434886 0.0814039335 -0.0695731416 -0.0907920524 0.182546288 -0.0555147119 0.0597085021 0.298752129 0.0839277357 -0.162091121 0.173851639 -0.455655515 0.152712539 -0.281748652 -0.0465432703 0.79646337 -0.136055976 0.126159996 0.105224133 -1.3310039 -0.519702375 -0.156963274 -0.74224633 -0.210218832 -0.271090358 -0.0233700331 -0.0856711194 -0.470029205 -0.848504782 -0.121267833 0.198566988 -0.936744392 0.260137886 -0.264645517 0.705981731 -0.0968454182 0.651703656 0.157443613 -0.239599153 -0.00611116365 0.287009686 -0.0194767173 0.321633875 -0.335292071 -0.439237773 -0.155556038 0.0305015594 -0.13850221 0.225897267 -0.147141308 -0.349817127 0.374169886 0.157311693 0.23025994 -0.370366573 -0.372393161 -0.0819021016 0.802568018 -0.189482808 -0.396094471 -0.159087211 0.202613384 0.0915398747 -0.354917884 0.445081592 0.14204371 0.108443126 -0.00238365028 0.0624763444 0.0477980562 0.630792022 0.264298379 0.194613695 -0.606912613 -1.2850579 -0.18830581 -0.130517453 0.171390146 -0.0118251937 -0.144549161 0.0244715009 0.166659981 0.651665628 -0.0824213102 0.197092503 -0.0190894399 -0.00674809283 0.0620712824 -0.00345136132 -0.00883655809 0.0408514366 -0.000196157256 -0.0466376953 0.0846354887 0.00840707496 0.0712542012 -0.0133481817 0.709878206 0.0316322334 0.47928682 0.042236153 -0.482252687 -0.0930373669 -1.28631878 0.618794084 0.210901141 0.961844802 0.233188197 -0.0151068596 0.145184502 -0.150255486 0.274341285 0.380020857 -0.102168769 0.431644976 -0.0190977585 -0.103971802 -0.011815222 -0.39738211 0.133968845 0.206073895 -0.362807989 -0.627791345 0.497436702 -0.113073252 -0.166006342 0.124144606 -0.359172225 -0.525861442 -0.142231643 -0.151360244 0.0775295198 0.0653941408 -0.866297483 -0.421162605 -0.101832673 -0.475355655 -0.208187431 0.0953981355 0.0358540565 -0.0554580577 -0.00596982194 0.145865113 0.234923214 0.0623725951 0.557172358 -0.178621784 0.162005201 0.0336760059 0.0318785198 0.0165741704 0.00172826683 0.0530777648 0.0137052927 0.0550392158 0.0630644113 0.16611132 0.0210185405 0.00245000934 -0.344619095 -0.0289628729 0.0181747191 0.500376165 0.069142215 0.116051242 0.543683946 -1.05871856 0.46172452 0.0721325949 0.0133727081 -0.033265993 -0.131072715 0.269682288 0.0437814146 0.0325620025 1.03357971 0.24844259 0.125416562 -1.54536498 -0.843762338 0.182806149 -0.207079068 0.0152344126 -0.34322986 -0.0437947735 0.0446636043 0.163241446 0.402596116 0.0451583639 0.0995632857 -0.274219811 -0.195645526 -0.0998933166 0.0604348443 -0.120606788 -0.0502537452 0.126210704 0.224015653 0.219234034 -0.0847826526 -1.18009162 -0.444198966 -0.721084774 0.276921481 -0.132720694 -0.403333366 -0.355392903 0.289132088 0.113606602 -0.31643185 0.272022545 0.0624338873 -0.00239591207 0.0414926 0.381989986 0.0320032164 0.281184763 -0.360282212 -0.194531471 0.160768658 1.22869217 0.23985526 -0.0151652182 0.521134257 -0.00864729006 0.367769122 0.226214871 0.136940077 -1.76549375 -0.259549946 -0.171528354 0.200262129 -0.974136531 -0.310499936 -0.362313151 -0.0356797352 0.088985078 0.205629781 -0.184105828 0.0649333894 -0.901136339 -0.501582801 0.17154789 -0.0498390496 0.468910128 -0.567782998 0.346119165 -0.243589953 0.397913545 -0.22766453 -0.272473842 0.108401604 -0.124481276 0.0471344292 -0.209250003 0.129800081 0.125251114 -0.0557067804 -0.012203061 -0.168099597 -0.569749653 0.191606149 0.250593066 -0.693510175 -0.912705243 0.479809433 0.177329242 0.220684245 -1.64894247 0.383858353 0.19655852 -0.372903347 0.0320973583 -0.0181546919 -0.0928237215 0.165029183 -0.0390615612 0.185621247 -0.0813333318 0.117500976 -0.299147904 0.0614751168 -0.112652361 0.674492538 -0.734983444 -1.07867205 -0.638295293 -0.00781062059 0.777597249 0.733157039 0.691850841 0.192049593 -0.342070132 -0.435182601 -0.00332215196 -0.186711192 0.180834249 0.00751946028 -0.110330991 0.0289612841 -0.0657183677 -1.17243266 -0.151121274 -0.0908769071 -1.21706748 0.423639476 0.169691443 0.278998107 0.0438659005 -0.295643061 0.255892247 0.00958185922 -0.177349821 0.21245724 0.281392902 0.0334506445 0.341247857 0.410646677 -0.0114498073 0.387587875 0.15455468 0.144892097 0.746656954 0.85928005 0.428652018 -1.82723105 -0.179749265 0.0261646416 -0.162716791 0.0113688763 0.0488821901 -0.180109337 0.0148887783 0.0125604309 -0.159646064 0.119908407 0.134008676 -0.00561473845 -0.0265941638 -0.0803819001 0.0600132942 -0.00312191108 0.118344896 -1.10104549 -0.123507269 0.223744094 0.53190434 0.0561750196 0.0762941167 -0.974488556 -0.0497474559 0.694469929 -0.159630597 0.122620113 -0.418163151 0.504600346 0.122731164 0.186060637 -0.392164797 0.117752306 -0.557800651 0.365490973 0.0978498757 -0.228270277 0.152482465 0.225884944 0.612182796 -0.915303946 -0.409625471 0.225245818 0.687618673 -0.225718454 0.129191414 0.363850385 -0.0757523105 -0.023949042 -0.0267734528 -0.227753878 0.0148992212 0.227843732 -0.241662964 0.334369749 -0.407813668 0.170739442 0.126377031 0.291838199 0.119513407 0.233752623 -0.755108476 0.0285326075 0.432469785 0.535874963 -0.202648982 0.13581641 -0.0308851749 0.196210906 -0.00942732487 0.154163972 -0.0982973948 0.148404792 -0.145140201 0.138588041 0.0796717927 0.386849284 0.0150505882 -0.0106658526 -0.37346226 -0.870931149 -0.405688167 0.683384359 0.768042326 0.567336798 0.442909896 0.0784990713 -0.38712427 -0.460025698 -0.408853918 0.285132408 -0.485640556 -0.155406401 0.0722548813 -0.0201264638 -0.0895099714 -0.0438186564 0.352457762 0.0158237219 0.0120690428 -0.114032418 0.176343828 -0.0980472714 0.316585988 0.780779123 0.049607262 -0.132716715 0.00708756316 0.277641803 0.182269618 -0.00150762696 0.13173306 -1.07381892 0.061188966 0.0303335693 -0.0653429329 0.0309011843 0.0918965638 -0.860763848 -0.0383001268 0.079158254 -1.21722472 -0.785602152 0.0791762993 0.531411827 -0.89764452 -0.467582911 -0.0194003005 0.0298850928 0.51006943 0.444584727 -0.081450507 0.389028251 -0.0577042513 0.0473177433 -0.181637257 -0.0524542965 -0.0423035175 -0.143930003 0.197777614 0.0666149855 0.0101853888 -1.48174489 -0.600444436 -0.242759705 1.31686854 -0.124767587 -0.125413254 -0.426149517 -0.190902889 0.171658486 0.0877256468 0.19238244 0.443777889 -0.00401018281
