tensor_linearrelustack9weight 128
-0.645185947 0.116755985 -0.46719262 0.153879508 1.02584946 -0.0562518314 0.74521637 -0.300274104 0.279633343 -0.182731956 0.20350267 -0.985661626 -0.566616237 0.0960925817 -0.141335741 -1.18158543 -0.884355128 0.371479988 -0.31023106 -1.36981189 -0.0858457983 0.608077347 0.217158899 -0.139478937 0.265800208 0.136380851 -0.351900995 -0.295172423 -0.101040877 -0.173186898 -0.507209599 -0.0811789036 -0.335186034 1.75118136 0.13969776 -0.158872426 -0.425536364 0.184019402 0.113585375 -0.0863071978 0.331291139 0.445147991 0.149189904 -1.21028781 -0.736692548 1.01833212 0.147720531 0.994755387 -0.242146969 0.319373697 -0.580618978 0.202197626 0.719179273 0.192956239 -0.104565591 0.218104869 0.200524777 -0.362262845 -0.081117712 0.516106367 0.324891835 0.192987621 -0.0414052233 -0.174611747 -0.234790459 -0.514170051 -0.828943491 0.325808197 -0.644160032 0.84959662 -0.215598375 -0.109609686 -0.0749540925 0.150311336 -0.494706661 -0.589753926 0.188393921 0.202397108 -0.336048603 -0.0662657917 -0.812690854 0.193071663 -0.0509343408 0.183177218 -0.290605128 0.113740452 -0.0844531059 -0.783114851 0.171665475 -1.2334857 -0.542306066 -0.134305596 -0.194483221 -0.1188756 -0.75533998 0.226886541 -0.242936715 0.35393706 -0.121167906 -0.189936385 -0.289666921 -1.26770473 0.383934557 -0.304113835 0.468051136 0.279105365 0.13517262 -0.141362697 0.756452262 0.260894567 0.141906768 -0.235694379 0.195384219 -0.192390442 -0.53732729 -0.211163536 -0.137628868 -0.153425992 -0.130840108 -0.103098772 0.165466085 0.170026302 0.507815063 -0.173078522 -0.489745945 0.0473224856 0.624020159 -0.204563081
tensor_linearrelustack6weight 1024
-0.472363204 0.371843696 -0.618110418 0.147114351 -0.20591639 -0.86885947 0.121070974 -0.337517112 -0.0241468865 -0.0554601997 0.06094753 -0.264358908 -0.109991618 0.400844336 -0.0828925744 -0.0855256692 0.105693966 -0.407739431 -0.0103394892 -0.242285952 0.0350967944 -0.00237770798 0.127630293 0.586521149 -0.115142107 0.0499785766 0.295468926 -0.151287362 0.570372939 -0.0601266474 -0.0746243969 -0.220278412 -0.44680509 -0.0490474254 0.90480125 0.297479987 -0.808443844 -0.10815715 -0.355611622 -0.11759869 0.181917325 0.123187482 -0.147100747 0.147809863 0.0460839942 -0.19899404 0.114424735 -0.0187909119 0.3660734 -0.230493039 -2.00700712 0.246952966 0.184559166 -0.183299378 -0.86712122 -0.0686900392 -0.0287780482 -0.267234027 -0.123192355 0.373159826 0.3324202 -0.189568952 0.0605545789 0.728568435 -0.524457693 -0.161183432 0.252715141 0.0158236157 -0.221574858 -0.416406155 -0.230429575 -0.272942305 0.0656013414 -0.216476321 -0.286365211 0.187346622 -0.18947649 0.0233691316 -1.06503463 0.538861454 -0.126918808 -0.179027095 0.0591800883 0.0400379747 -0.264272153 0.56394875 0.185359716 0.0541377626 -0.181734502 0.323495835 0.0283733606 0.184307277 0.11912106 -0.187217712 0.0433339551 -0.863810539 -0.0828222558 0.0943044722 -0.0821311697 -0.0525905602 -0.0370493233 0.369902939 -1.0445081 -0.188578859 -0.331122547 0.119632334 0.22656773 0.0991924331 0.19154413 0.0550843216 -0.210660428 -0.46884048 0.046474427 0.340531111 -0.0402647816 0.563483536 0.093447648 0.0773853511 -0.177572861 0.350412041 -1.57446659 -0.267293632 -0.0509909354 0.69268775 0.021834407 -0.00741209602 0.363197953 -0.078006275 0.0360074118 -2.38101792 -0.702869713 -0.259252906 -0.15530096 0.263688534 0.100646332 -0.695576549 -0.337856054 -0.168298006 0.598130524 0.182847291 -0.0666245446 -0.233417258 -0.304808676 -0.0667109713 0.150538206 -0.187494755 -0.127395719 -1.14095473 0.0508434065 -0.0973378345 0.382530361 0.272699893 0.075546667 0.48019278 0.117687635 0.0294274092 0.0539931916 -0.0815211684 -0.415981174 -0.595548928 0.403684676 0.278473824 0.116940267 0.120580025 -0.0598277077 -0.214207605 -0.0400378667 0.315954119 -0.0986226499 -0.215186372 0.417723268 -0.0689874738 -0.664239407 0.344171762 0.0553778 0.344486654 -0.690196991 0.166177839 0.0969483033 0.213637218 0.320059359 -0.103023745 0.0278335027 -0.547711849 0.340879261 0.254697978 -0.269448936 0.368409753 -0.0070411237 -0.419338584 0.382011443 -0.148200423 -0.360647976 0.0999134928 0.204983845 -0.110875696 0.3800928 -0.226749018 0.0469472744 -0.477996618 -0.180300459 0.112095863 0.180867717 -0.204931319 0.557500958 0.0597636588 0.0679508746 -0.644993722 -0.434823364 -0.0104552153 -0.0811233893 0.651824176 0.0168573465 -0.162697822 0.15871872 0.199416995 0.123017646 -0.831484735 -0.125771746 0.169339076 0.583002508 -0.175119191 -0.377025694 0.0960217416 0.441063941 0.159408063 0.0781869367 0.045151785 -0.0313449427 -0.0618188381 -0.00537563302 0.255247593 0.0969898477 -0.345455676 -0.138406679 -0.131940499 -0.149396613 0.0630485192 0.396766633 0.529996395 -0.28608048 -0.365319014 -0.015158996 0.2895464 -0.0141627965 -0.000578264997 0.209371909 0.484581113 -0.067414999 -0.0732890964 0.0654925704 0.00610072305 -0.0986464098 -0.45584777 0.391706854 0.44159615 -0.058715757 -0.511574984 -0.029880384 0.132753283 0.029871393 0.0513057597 0.143410578 0.595601559 -0.854584455 -0.0501496308 -1.21157527 1.08134294 -0.307048708 0.153067529 0.158377692 0.677115321 -0.116867706 -0.073877506 -0.331426144 -0.191035464 0.107697196 0.525442421 -0.152065828 -0.0222774968 0.0881500915 -0.407145292 -0.101223908 0.180333093 -0.125263989 0.156440809 0.699728847 0.139087722 0.464796096 -0.308513999 -0.19935374 -0.38561666 0.240327954 -0.213914305 0.789317369 -0.0736209601 -0.666401505 0.0123886354 0.256031543 0.0344193913 0.194380447 -0.0925436318 0.0658965409 -0.5818519 -0.451242805 0.0505082197 0.166255146 0.162257031 0.310880631 -0.0223970767 -0.0680342317 -0.577896655 -0.340032965 0.447769612 0.0543680787 0.0953390822 -0.00713332789 -0.0463263467 0.204844281 0.102559209 0.174466878 0.129297763 0.592121542 0.142518431 -1.02491033 0.387734085 -0.0129133975 -0.0812982842 0.444939494 0.239813372 -0.542487264 -0.141423136 0.138151705 0.368677258 0.341151029 0.273498356 -0.455795228 0.110767402 0.282877564 0.344708413 0.257558793 -0.0507944711 0.0168794058 -0.623828471 -0.609696627 0.344102859 -0.0079159271 0.753108084 0.0771867782 -0.183526441 -0.543863475 -0.286624938 -0.579837143 -0.0783378929 -0.0850575119 0.76875633 -0.0240486618 -0.0542909391 -1.0230155 0.585158408 -0.259347051 -0.049332682 0.440906495 0.201364815 -0.902576804 0.221519485 0.17939721 0.0341303796 -0.505410373 0.013797773 0.207775921 0.295753777 0.45512256 0.0197951924 -0.0484694019 -0.15257071 0.125247449 0.24550207 -0.306810707 -0.0421919227 0.328038901 0.0190247577 -0.277686924 0.628378868 -0.0238159075 -0.227809384 -0.283321679 0.698997378 0.129710153 0.0375648625 0.373041391 -0.252075821 -0.0882013217 -0.225674152 0.658768833 0.107294232 -0.230550706 -0.00824580528 -1.1169349 -0.15585351 -0.364503264 -0.820726097 -0.363326311 0.599731803 0.145666763 0.248845071 0.066640541 -0.584309697 -0.538854361 -0.130179971 0.524265289 0.496153802 0.24312602 0.0516357981 -0.0672734082 -0.0282831304 0.443356037 -0.186778456 0.251174569 -0.148707464 -1.01309419 -0.516562819 0.200781196 0.0662597045 -0.181285426 0.0694074482 -0.138949499 -0.153492332 0.425159156 0.101352632 -0.023804551 -0.402821869 0.512199342 0.048767142 -0.0673568472 0.103353389 0.000188099366 -0.0580302514 -0.0121465437 0.518435895 -0.580118537 0.0170140844 0.346517175 -0.528114736 0.396704823 -0.112962149 0.138324231 -0.634702742 -0.177746654 0.251290232 0.161760896 -0.0970277414 0.588985026 -0.180393845 0.0133062284 -0.652633905 0.265239298 -0.422260046 0.17055805 0.0184486546 0.130449563 -0.233578756 0.802752793 -0.124113768 0.365920275 0.205912247 0.228066742 0.0819715187 -0.213537738 -0.348454505 0.106687926 0.22983776 -0.0347000547 -0.0123358294 0.595241785 0.117500968 0.17140916 -0.414072871 0.0110437907 -0.1373218 -0.573544979 -0.176926121 -0.0652391911 0.116071336 -0.0388347544 0.0964660272 -0.612226546 -0.156330302 -0.640277982 0.130750507 -0.247590333 0.318379164 0.131274968 0.276980519 0.0360219032 -0.561658859 0.288308442 0.22298421 -0.174564481 0.0453562774 0.0583459325 -0.0988599584 0.00548206596 0.156363964 -0.717885494 0.437496394 0.0690422356 0.213607863 0.0281103719 0.0749475658 0.129728779 0.124091499 -0.137921065 -0.0171832666 -0.472990245 0.473712981 -0.342663437 -0.573550761 0.279712081 0.45874244 -0.378781497 0.190476 0.0198054314 0.808040023 -0.117831871 0.137889385 0.515749693 -0.292329729 -0.628496408 -0.4774445 0.00553738605 0.866043746 -0.24951376 0.188151687 -0.0245674308 -0.233633354 -0.708407581 -0.158527806 -0.152750149 0.220159039 0.183739573 -0.0194559339 -0.536168218 -0.103194438 0.591261208 0.357761621 -0.000780384231 -1.03485203 0.174513191 -0.101370446 -0.594457626 -0.198408768 0.337403476 0.383362293 -1.08676374 0.0629352778 -1.14584124 -0.0141315749 0.21749714 -1.19334257 -0.474057794 0.14284955 0.0768440217 0.709988117 0.0543756969 -0.171270445 0.246892437 0.174171373 -0.997132719 0.379584998 -0.219550923 -0.0921946466 -0.238095462 -0.15759334 -0.0786240697 0.263637513 -0.00950327143 0.0344164483 -0.235803664 0.354582042 0.106605276 -0.300538808 0.455610901 -0.00625844998 -0.573792458 0.0107589802 -0.190273494 0.138347208 0.0922654644 0.305989385 -0.0753033385 -0.420098215 0.0624729209 -0.290595978 0.00309436582 0.161505848 -0.0890281796 -0.108293697 0.749948859 -0.25771746 0.0826410502 -1.18787062 -0.0446524844 -0.216739669 0.250293583 -0.429384738 -0.944623291 0.513431728 -0.558399737 0.100852482 0.12797679 0.375148356 0.0355895869 0.0936499089 0.0093665421 -0.530730009 -0.667128026 -0.0399567299 0.394038528 0.0232308377 0.471008927 -0.373408347 0.033349745 -0.423873603 0.0832621828 0.311311483 -0.065248169 -0.105254278 -0.438187331 -0.232245132 0.256962359 -0.536325037 0.272563875 0.253664106 0.0121989343 0.111155614 0.0735077634 -0.524319232 0.0138202766 0.271284461 -0.0906561092 0.400702417 -0.0341694318 0.0722398683 0.00535108661 -0.00376663567 0.204674795 -0.747676849 -0.773722827 -0.28160733 -0.27727735 0.0119612506 0.297884673 0.016672574 -0.150950342 0.392019719 0.297430396 0.263129324 -0.261033237 0.134160563 -0.155584678 0.145444915 0.126892328 0.0203905776 -0.564056158 -0.0889678746 0.284764975 0.408048987 0.426632404 0.0119194547 -0.114444345 0.0246669836 0.106059738 0.252298325 -0.249058411 -0.139379025 -0.45704928 -0.292497665 -0.196154952 0.276227713 -0.585893154 0.0952897966 -0.215322867 0.14383395 -0.0920481458 0.394165456 -0.425126672 -0.178294525 0.437905222 0.131312743 -0.147484556 -0.150924325 -0.313386291 0.161737353 0.200001881 0.141999379 -0.539184153 -0.341939896 0.0557185709 0.822484612 -0.148473069 0.0404821932 0.335753262 -0.255369872 -0.305437416 -0.0425897539 0.130111158 0.0680470988 -0.113313638 0.10749764 -0.582961082 -0.135920137 -0.256159335 -0.400664002 -1.31106329 0.484018058 -0.316726297 -1.95370138 0.0555060282 0.288103282 0.185288712 0.00401652697 -0.907259345 -0.097676307 -0.377445668 -0.741161168 0.00146863447 0.295679837 0.451315373 0.171987101 0.0343987234 0.0788099021 0.268409997 -0.306743681 0.0674115196 0.383460224 0.389293253 0.0737270042 0.0708661601 0.102084428 -0.045204442 -0.0674612969 0.627746224 -0.263186932 -0.733206034 0.38522017 -0.0655469447 0.136129767 0.130759582 -0.201743111 0.20066227 -0.0449158214 0.0137342382 0.101855479 0.543228865 0.0767872185 -1.09130955 0.376617104 -0.0285621267 -0.0622444861 -0.461586803 0.100304112 -0.677912951 0.131597131 0.139193147 0.247918397 -0.473802745 -0.0110704228 -0.0355680399 0.0952777565 -0.310688317 -0.77241838 -0.276284546 0.125132352 0.00569281075 0.102493912 -0.118566521 -0.136022404 0.446081549 -0.031994503 -0.485816866 0.419651866 -0.069035098 0.367418855 0.150560424 0.166254863 -0.205434859 0.139636755 -0.210298061 0.229389861 0.352604508 -0.270611823 0.184929565 0.368706226 -0.529819965 -0.218068957 -0.472679734 -0.413905233 0.044646427 0.113309279 0.369203418 0.167626053 -0.0630206987 0.12358506 0.324778587 -0.358863831 0.401606262 -0.0261885058 0.0665576383 -0.0616862662 -1.07674468 0.282647431 -0.327331811 -0.447344959 0.841183424 -0.314852148 0.22755836 -0.0635955781 0.792921484 -0.240653157 -0.11525064 -0.176189527 0.00771830743 -0.0515566543 0.212058067 -0.245463863 -0.45422703 0.0333896987 -0.202343747 -0.106379516 0.655341387 -0.359086752 -0.488543451 -0.14914684 -0.437150896 0.259738952 0.456790388 -0.0199647043 0.0759744123 0.345340818 -0.621549368 -0.277271211 -0.47653237 0.403107643 0.298597038 0.275759906 -1.50949693 -0.0801280588 -0.666690052 0.0207626149 -0.064598605 0.299742222 0.268314004 0.209682465 -0.145237997 -0.311134011 -0.0799741372 0.0538726896 -0.421114087 0.19862026 -0.210130587 -0.358906507 0.117552452 0.402363122 -0.371833622 -0.240575835 -0.516754031 -0.148892328 0.687399387 -0.330767781 0.19432652 -0.317828774 -0.555113971 -0.157423079 -0.0247786958 -0.0512491837 0.206895262 -0.216254741 -0.531618118 -0.0593178496 -0.58746773 0.0391921736 -0.265655786 -0.00344291399 0.238396555 0.00514526386 -0.211468622 -0.136589125 -1.16423631 0.256932288 -0.0207861885 0.721070111 0.151899874 0.02730323 -0.0178719889 0.218936652 0.179230869 0.238139123 0.178840086 -0.264016479 0.392314851 -0.325559825 -0.0830896199 -0.580077529 0.241129145 -0.688291907 0.131098107 -0.121516474 0.125743419 -0.138892636 -0.469950289 -0.0592530183 -1.28486729 0.278010994 -0.20185706 0.329400212 0.173290774 0.165690422 -1.08172679 0.416349173 -0.151481181 0.334948957 -0.15037103 0.73727119 -0.00213853829 0.119182333 0.284088016 -0.0561818779 0.44616738 0.0823589936 0.120336041 0.115670286 -0.0260988753 -0.323953778 0.485826939 0.0213005804 0.181608364 0.0483568087 -0.824436128 0.342830271 -0.128903314 -0.558692575 0.283562452 0.221881077 -1.02676523 0.310929269 -0.221093684 -0.209212586 -0.288484097 -0.174515083 -0.0858016908 0.263875574 0.471605808 0.243221998 0.0247578155 -0.307366908 0.258964419 -0.240071744 0.18424654 0.168272167 0.0108302031 -0.188278556 0.178947449 -0.468985617 -0.011851904 -0.0149281686 -0.889971972 -0.0935556889 -0.614280343 0.0544451401 0.00913210306 0.484275758 0.404040068 0.282700479 0.0319007412 -0.0534496531 -0.245892093 -0.0339304656 0.404218793 -0.180530861 0.481178522 -0.383244544 0.0945553631 -0.217232198 -0.00500975037 0.26167652 0.180120304 0.229252517 0.255316436 -0.296115875 0.225567907 0.243535683 -0.370508671 0.419082493 0.0720918998 0.216782838 0.184401631 -0.225012124 -0.731857717 -0.0162496343 0.0839427263 0.210444406 0.387135595 -0.0322938822 0.0201260392 0.134389371 -0.271179318 -0.176245436 -0.224795714 0.0333773419 0.0671239048 -0.113080904 0.740030348 -0.66819787 -0.0727383047 -0.194689691 0.164262518 0.177274331 -0.0532669351 -0.332802504 -0.349422544 -0.206721783 0.191232145 0.13297683
tensor_linearrelustack3bias 8
-0.067949526 0.312602341 0.165864021 0.215614855 0.194788277 -0.209981799 0.251679122 0.156590268
tensor_linearrelustack3weight 1024
-0.0912908018 -0.0721644238 -0.00293878489 -0.198043987 0.0208280142 -0.231490031 -0.114488445 -0.142650947 -0.0529158227 0.412200809 -0.0075594387 -0.0165163018 0.0562631562 0.937785029 -0.260176897 -0.0346618704 0.130189583 0.062442068 0.170442492 0.0752242804 -0.101881549 -0.173710316 -0.201582953 -0.216807753 0.0149412937 0.303157151 0.000357642683 -0.00657695858 0.18996267 0.0491880588 -0.180847988 -0.318955809 0.0453474447 -0.286174625 0.169245616 0.0692373812 0.167314574 0.051163923 0.126209423 0.0167527013 0.275113076 0.10894049 -0.0410256572 0.0626113638 0.225514188 0.193135947 -0.112129852 -0.479563594 0.208594337 0.110453375 0.0557641536 0.0111127896 0.357551098 0.331518173 0.805978 -0.0633373931 -0.185821116 0.0310664922 0.0240921192 0.053195443 0.172395259 -0.248762146 0.0839238241 -0.113643944 0.163506418 0.00279232068 0.0701451749 -0.224624917 -0.0817749873 0.514427364 -0.215002298 0.387664258 0.199674129 0.101716138 -0.0787339658 0.181232616 -0.160534188 -0.0814712495 -0.305435479 0.405794799 0.188836798 0.102323927 -0.0580682158 0.248399705 -0.129332468 0.143421799 0.0753918141 0.0981651768 0.0456149243 0.365872681 -1.1048522 0.0702984482 0.0698009282 0.252621263 -0.388650149 0.437319368 0.0148178777 0.0948119909 0.124172367 0.100160442 -0.0723703131 -0.11473307 0.0080575319 -0.454561055 -0.0054618367 -0.226109013 0.138300419 0.231215239 -0.105684906 0.173181996 -0.027843494 0.130091727 0.0617811456 -0.165042236 0.0329955034 -0.120991111 -0.0675631315 0.301069289 -0.0018261564 -0.0174310338 0.316743523 0.0317010842 -0.0623379312 0.512028098 0.215132058 0.0256422795 0.0222066697 0.167185411 0.246110931 0.349718392 -0.488932252 -0.109581515 -0.00855844375 0.226611733 0.032645043 0.0169852953 0.04975795 0.1521862 -0.241981715 0.122736074 -0.377619892 -0.7581954 0.192639738 -0.00490719033 -0.0975863412 -0.166473716 0.0181338675 0.0317938849 0.0570831224 -0.00452152966 0.131967053 0.233733132 -0.0952871069 -0.1297777 -0.0259320419 0.638791084 -0.147857442 0.188993528 0.131533101 0.128886104 -0.0577252172 0.131971791 -0.00329565117 -0.604969978 0.0211127736 -0.0170833394 0.101524659 0.172451854 -0.266843379 -0.216302365 -0.125893936 0.105958752 -0.172841683 0.110607885 0.0548322275 0.200811341 -0.210045189 0.0127682146 -0.263702571 0.225365981 -0.371174484 -0.00638835225 -0.406284362 0.00327417976 -0.202587798 -0.12269251 0.12705709 0.0361243114 -0.186751395 0.317347944 -0.0726390779 -0.470017046 -0.219251633 -0.113982067 0.121674076 -0.0975934491 0.38971734 -0.298932463 0.0722625628 -0.196559101 -0.0136119258 -0.355080545 0.0175963398 -0.0870793536 -0.0679636002 -0.0760267228 -0.163506597 -0.253606766 0.0657367036 -0.156131864 -0.0794449896 0.270521998 1.06117415 0.0600712411 0.0434236228 0.237284705 0.345798284 -0.306544363 0.839204967 -0.311021686 0.139239624 -0.0726515204 0.0933593884 -0.226406738 0.0890943184 0.168968707 -0.0526417755 -0.184560314 0.207889497 0.216949239 -0.128813222 0.191498533 0.0986580253 0.369655997 0.250072509 -0.0895039737 0.212976813 -0.116878606 -0.223961413 -0.239790335 -0.131307155 0.124785401 0.212747917 0.129818067 0.222428024 -0.283690959 -0.162825435 -0.10580378 0.0493518896 -0.421427548 -0.0989421532 -0.179169104 -0.157376081 -0.0205300264 -0.170485109 0.0757560506 -0.0325461067 0.0849597529 -1.68275726 -0.200546205 -0.0869634524 -0.00639526686 -0.0857070833 -0.120478608 -0.0337121896 -1.1548754 -0.0219610762 0.0694591701 0.0305392314 0.499017596 0.0873551965 -0.174323082 -0.0979367718 0.0825534537 -0.231380552 -0.061653588 -0.725948036 0.132052451 0.0659640506 0.236310408 -0.00640174095 -0.166825175 0.0644670352 -0.355128139 -0.0120129092 -0.394982308 -0.0564256869 -0.0566367097 -0.0921827778 0.0152193606 0.10879346 -0.258244097 0.0895045847 0.201783374 -0.00527148414 0.0492851324 -0.719947875 0.0525186956 0.0129511375 0.145398557 0.177926958 -0.0245553516 0.357037276 -0.737204909 0.28595081 0.131364346 -0.451879591 -0.110090233 0.0639411211 -0.0209224615 0.117340349 -0.084875837 -0.121033318 0.114651904 -0.0656192526 -0.0648180693 -0.0598488525 -0.176251978 0.0253494307 -1.27357197 -0.86223799 0.221366957 -0.353026569 0.252692461 0.105499394 0.247019544 -0.0541342832 -1.12245929 -0.127168804 0.144654155 0.0573132336 0.0897698998 -0.0943002328 -0.31388095 0.0583687387 -0.85754931 0.0274276286 0.218959242 0.0127756726 -0.369597971 -0.722661376 0.114850834 -0.12379431 0.132140741 0.00546507444 0.19128193 -0.112156175 0.179710031 -0.121778302 -0.0638105348 -0.0327472202 -0.151939273 0.0166198593 -0.021998506 0.0254177172 0.175588578 0.214926481 0.0249175895 0.0169392917 0.221056834 0.225850254 -0.694248796 -0.217939943 -0.282784075 0.521709919 0.182817414 -0.133758649 0.0157300793 -0.595438182 0.350201398 0.105222799 -0.115867741 0.019369835 -0.256470323 -0.364884466 -0.19495973 0.0509852208 -1.2590661 0.0140400827 0.261158288 -0.331261665 -0.0538549572 0.0572928712 0.0282757562 -0.0315954201 -0.755665481 -0.309877872 0.277914345 0.028844662 -0.255440146 0.0264173094 0.367047966 0.263220042 2.25394893 -0.0140968999 -0.00942143425 -0.0682170093 0.404794812 -0.405093491 -0.0659366474 0.426285088 0.183300048 0.250671208 0.0726310983 -0.0276526827 0.0448481031 -0.203229785 -0.100213289 0.374293864 0.0425770469 -0.381645083 0.118788563 0.0604590178 0.481257856 -0.205236688 -0.102151737 0.0258311778 -0.0980591103 0.113552131 0.179099545 0.0117971953 -0.101009808 0.053423509 0.125347346 -0.0212208796 0.0943385214 0.160520703 -0.338207364 0.276820779 0.112103686 -0.136533692 0.0803453848 0.0541624986 0.176298559 -0.043392662 -0.45682162 0.122298054 0.360464722 0.509024441 -0.0653311163 -0.234548584 0.0300784707 -0.154219612 -0.02503803 0.120636418 -0.215499207 -0.191097394 0.108993508 0.150606692 0.0557368323 0.0353755765 0.158866808 -0.140830263 0.236510187 -0.112624995 0.0265163351 0.020107666 0.0503592566 -0.152370617 0.230556548 -0.270414889 -0.145933926 -0.183079913 0.201497078 0.0117960777 0.0582669228 0.0456838794 0.166613862 0.489969343 -0.0405877121 0.2355064 0.11524345 -0.0220665745 0.1579317 -1.12995517 -0.00723150279 -0.0152310701 0.109826222 0.014290777 0.103335217 -0.0607517995 -0.0911648497 0.0328505673 0.060485404 -0.284075141 0.0258738473 -0.0715065449 -0.384311259 0.0978995711 -0.296850771 0.235419735 -0.0764779896 -0.23321414 -0.0633755401 0.12698552 0.300545424 -0.151845217 -0.195836306 0.131477505 -0.0252122935 -0.170825481 -0.015921941 -0.055400461 -0.0332450233 0.200916812 0.0374263749 -0.144898549 0.0307147875 -0.586155593 0.0484825224 -0.0262117535 0.0654776022 -0.237744987 0.0640710294 -0.486380637 -0.510589778 0.0700594783 0.0202114731 -0.0538019128 -0.180045173 -0.0158976018 -1.1755445 -0.153104722 0.15689142 0.162548468 -0.267419487 0.0355671458 0.189807907 0.065568842 0.253689289 -0.107809849 0.313566864 -0.0289678201 -0.122197285 0.0472911298 0.0414551832 -0.00371915451 -0.266094387 0.403442651 -0.6845029 0.139432952 0.0393646955 0.0291584637 -0.15122512 -0.0785562918 0.0270659048 0.237147719 -0.971088409 0.119406402 0.136073545 -0.186824247 0.0414520055 0.46238327 0.04209999 -0.0203606337 0.0969028771 -0.0192268305 0.0884348974 0.0839348361 -0.314363033 0.0732586905 0.33633101 -0.473397285 -0.0169181395 0.345008343 -0.122304671 0.105751432 0.0722773448 -0.139745206 -0.0239752289 0.0962826163 0.256130576 0.136174411 -0.0774209723 -0.185824037 -0.314608246 -0.638071656 -0.0913370401 0.0767432973 -0.24347429 0.0225714594 -0.418042094 -0.248012111 -0.551450849 0.200003237 0.074351117 0.0604640618 0.187068284 -0.0238138493 0.00435651932 -0.261097431 -0.232951656 -0.0344637185 0.0507217795 -0.154130936 -0.00853420328 -0.0757155344 -0.261781663 0.237506568 -0.0156626329 0.0442193411 0.0237027947 -0.912334502 0.0555918925 -0.282553673 -0.370136648 0.00110727362 0.0918058679 0.0221227854 0.163997144 0.282046378 0.104853727 0.0603707321 0.18338348 -0.04780351 -0.0117007475 -1.79613344e-05 -0.232775196 -0.163267151 0.251619995 -0.00532732857 0.141747102 -0.154274344 0.195380896 0.472365767 -0.14860557 0.0935589746 0.185724348 0.14112094 -0.359883398 0.127044231 0.131656498 -0.00288111367 -0.558734894 -0.0750854537 0.396460354 0.0140806241 0.127606481 0.128636539 0.319362015 -0.0137509499 -0.232180804 0.412510842 -0.113452718 -0.0878372788 0.024320079 0.0705635324 0.220532477 -0.0104690744 -0.370422423 0.0466277152 0.240650997 0.0581225231 0.114190593 0.0727587566 0.211559668 -0.134381264 0.156000286 -0.167498529 -0.0509046316 -0.0605463348 0.0992947966 0.0763773695 -0.269240052 -0.00650533522 -0.0319290645 -0.12825191 -0.431897312 -0.244677246 0.032827802 0.0253031701 -0.133544177 -0.377074182 0.0835755095 0.117909953 0.0107428553 0.0178006049 0.246027619 0.209769398 0.00436209096 -0.181051552 0.141433969 0.022742847 -0.0339495242 -0.278918386 -0.14223364 0.172122344 0.0966112688 0.293249488 0.104083657 -0.0162526909 0.0518568307 0.706048489 0.0471534692 0.22789824 -0.126324326 0.236185551 0.266426504 0.0811265409 0.156025976 0.191562742 -0.0395647027 0.144523174 -0.425007164 -0.31204164 0.0748083368 -0.0182512719 0.326447815 -0.0514891408 0.445634365 -0.0744600669 0.0132226553 0.247483924 0.20680058 -0.0646278858 0.476630956 -0.00693322811 -0.147171602 0.35641551 0.0211698003 0.0467048846 0.26503253 -0.000305530732 0.00979484152 -0.321657985 0.253189474 0.130099386 0.131352276 -0.109954029 -0.00745388307 -0.547263145 0.239393875 0.00417537941 0.0827239901 -0.0716236755 -0.298928261 0.424042821 -0.0680380762 0.315025926 -0.233329058 0.122828878 -0.00454816828 -0.0971294045 -0.261556536 0.0753032491 -0.549051881 -0.600594521 -0.177125558 0.163213819 -0.0877639577 -0.124909192 -0.238836586 -0.0619335286 0.233659297 -0.151552066 -0.222434103 0.103393055 -0.123591244 -0.348394006 0.236541882 0.299097031 0.333008409 0.189518437 -0.0116930706 -0.0144377081 0.230718464 0.0956933126 0.0398198962 -0.236498207 0.0303494409 -0.359364569 -0.178293616 -0.238874137 0.0529405214 0.20156087 0.126868069 -0.160226882 0.489796877 -0.144802645 0.321653247 -0.246137798 -0.333128273 0.0538758636 -0.0391286239 0.308101207 -0.354270369 0.0319931209 0.123634622 -0.0207657851 0.0695088729 0.0981311426 0.0834149942 -0.337855875 -0.040656101 -0.802818954 -0.545140266 -0.290750176 0.0924099609 0.0385762379 -0.0799944848 0.637128949 0.0751258507 0.170042783 -0.424312711 -0.0532606021 0.329969496 0.00144868763 0.00933154579 -0.0907800943 0.567457318 0.096409522 0.111085691 -0.214114547 0.167635307 -0.1064502 0.0214920845 -0.264917582 -0.108322941 0.418789417 0.0257894862 -0.804998517 0.318440765 -0.294926882 -0.505684555 0.150158808 -0.310893029 -0.0646652058 0.00653283577 -0.267600119 0.0469866358 0.16852732 0.537435353 0.973182082 -0.277677327 0.0224743225 0.0580953993 -0.0733647794 0.218597919 -0.13670142 -0.315523922 -0.438888103 -0.520246863 0.188739747 -0.0812028423 -0.0949896052 -0.0937377438 -0.891840994 -0.263701707 -0.0748208985 -0.563499808 0.0184257943 -0.130821735 0.095463492 -0.045614671 -0.181529626 -0.285721809 0.0885243788 -0.124056026 0.370862812 -0.235276073 0.176245138 0.508797705 0.0555642918 -0.418520719 -0.19982101 0.305491954 0.158610329 -0.342798322 0.120864712 -0.0252526011 -0.0506245345 0.0872028172 0.0841769874 -0.165999889 0.160680026 -0.0640859306 0.304207712 0.397680551 -0.162933514 -0.12161994 -0.179628104 0.102820739 0.218203694 0.0746480674 0.110447444 0.5217641 -0.116897188 -0.322403401 -0.336373597 0.64964509 0.0801557675 -0.0103258258 0.07229238 -0.233185709 -0.0327056758 -0.0773414373 -0.0262306128 -0.130029991 -0.436542332 -0.116235584 -0.293367147 0.0322555043 0.336215287 0.567069352 0.128771394 2.40270901 -0.161583051 -0.158088982 -0.131669849 0.523565412 0.0831886828 0.205045789 0.13789624 -0.176863343 -0.216207653 -0.0316926017 0.259755164 0.216687083 0.0308241639 -0.231055707 -0.0825236291 0.0647159219 -0.352450997 0.676038742 -0.191535398 -0.0818477347 -0.0494774245 -0.0809049904 0.229207814 -0.013250717 -0.18746765 -0.321947187 -0.237521425 -0.076580286 0.354689687 0.296650499 -0.191450059 0.202942878 0.222253233 -0.0686979145 -0.0433410034 0.170548201 -0.129670799 -0.18958427 -0.231379509 0.142081618 0.952928185 -0.113761224 -0.247766435 0.836185157 0.288661242 -0.0638758019 0.134175703 -0.026495453 -0.191612944 -0.0446407348 0.00336878956 -0.181656212 0.582232773 0.237877503 0.544529855 -0.166570783 0.0139864022 0.351162702 0.0812122449 0.542203665 -0.207591087 0.463833749 0.0888554901 -0.420691758 0.089926295 0.153718248 -0.0889730528 0.128623337 -0.153146505 -0.171883017 0.103090197 -0.114957169 0.487991571 0.229641572 0.0818433687 -0.492488682 0.0710547715 -0.0524717607 -0.184452116 -0.135251597 -0.031417653 -0.0481729247 0.426713645 -0.0874355733 -0.114108168 -0.509175479 -0.0625490099 -0.437499285 0.515783906 -0.02792136 0.123967089 -0.116677031 -0.279151469 -0.218454227 -0.023794556 -0.514313936 -0.227805972 -0.179808646 0.138564602 0.149677411 -0.271217853 -0.148585379 -0.149949104 -0.0223899074 0.0540338084 -0.0423784368 0.126584172 0.761766732 -0.260074735 0.0172207355 0.760103941 0.468388259 0.00477514323 -0.0660495237 0.0363150612 -0.103418916 -0.244619623 -0.064291209
tensor_linearrelustack9bias 1
-0.0253959335
tensor_linearrelustack0bias 128
-0.103745371 -0.0947411284 -0.827127874 -0.491595238 0.0647312403 -0.199492514 -0.0861903206 -0.0791316181 -0.0977238342 -0.337022066 -0.0910794735 0.0486278199 -0.342590302 -0.241447389 -0.118249662 -0.0502493009 -0.431601256 0.229691774 -0.0734463483 0.16957739 -0.38799268 -0.190805957 -0.01575616 -0.00939543359 0.409461558 -0.0850311443 -0.749568284 0.132409424 0.238113597 -0.215213105 -0.0662005469 0.00288212649 -0.350871474 -0.0175122824 0.5127545 -0.490547478 0.410413176 0.30284366 -0.191500843 -0.0620203204 0.301442325 -0.0534661487 0.0315401442 -0.0145803243 -0.617722094 -0.349027365 -0.164870709 -0.343220919 0.442943811 0.324657559 -0.40967086 -0.34923166 -0.82803297 -0.336802185 -0.845099986 0.0464425161 -0.248496413 0.39742884 -0.107214622 0.170627967 0.256281585 -0.317311823 -0.485974461 0.111721545 -0.2635625 -0.495457202 -0.189659968 -0.0917869434 -0.326943368 0.357034773 0.0197053943 0.0933607072 0.134032041 -0.0627667308 -0.067453891 -0.434685975 0.0356073305 -0.139354512 -0.560980499 0.269499719 0.0490088537 0.480499417 -0.0732818767 -0.0360632055 -0.490156949 -0.308722049 0.377784193 -0.00539091695 -0.0781442747 -0.324590057 -0.666222572 -0.0101471776 -0.253962487 0.304080516 -0.155811414 -0.280518532 -0.100780576 -0.601979434 -0.0249136891 -0.17394194 -0.0808755457 0.0489635095 0.17771329 -0.690968692 0.19973591 -0.785469294 -0.189053789 -0.83517468 -0.333800137 0.00878123287 0.206265002 -0.0478434563 -0.65669018 -0.147449493 -0.081871435 -0.227556616 -0.113525346 -0.380856186 -0.530280054 -0.273667097 -0.509630501 -0.484239489 0.160691306 -0.26693067 -0.598042786 0.431818694 -0.212959021 0.42315498
tensor_linearrelustack6bias 128
-0.240880907 0.221585646 0.0902687833 -0.145231202 0.181873173 -0.0525965095 -0.876966238 -0.252258241 0.560065389 0.281450421 -0.0339204185 -0.15106298 -0.59942013 0.163484439 -0.33395645 0.160158917 0.2549721 0.327863276 0.171151131 -0.248365015 -0.0329228975 0.191267282 -0.0137697384 -0.0469204299 0.0195111409 -0.0929313526 -0.121582404 -0.268113285 -0.122103512 0.174801573 0.120199673 0.284395665 0.133726761 -0.610289156 0.00143799069 0.155742124 -0.0507661924 0.3213889 0.237030834 -0.210471585 0.0893781483 -0.78705287 0.111496031 -0.232497036 -0.0384155773 0.210238785 -0.165577978 -0.834107876 -0.244275734 0.250267357 -0.0891788453 -0.0473813899 0.444158584 -0.0706102401 -0.16094473 0.137886643 -0.191012502 0.0778544098 0.276443541 -0.0024556024 0.424665332 0.0647694468 0.0327118412 -0.390859485 0.0620489083 -0.166103512 0.0140703926 0.348346859 -0.177939907 0.148716375 -0.151450694 0.162405282 0.0766850561 0.292137355 0.185666561 0.179679975 0.169749975 0.143807471 0.194980249 0.184763968 -0.222717151 0.35818693 0.0689570457 -0.154698327 0.218954116 0.325770169 0.213627592 0.0145936683 0.334205419 0.0607931241 0.202008173 -0.294941396 -0.0765908882 -0.0682654828 -0.68113941 0.202876702 0.318460584 0.100952476 0.0688289329 0.247223914 -0.312891185 -0.0369073935 0.162375897 0.285967529 -0.134803101 -0.00399987865 0.146891385 0.160614267 -0.0583132505 0.40180403 0.269753903 -0.30629006 0.00565755647 0.267798305 -0.332496852 -0.235806003 0.0180317163 0.114171952 0.263537735 -0.244829178 0.418935776 -0.248571694 -0.0586440675 -0.334287077 -0.28832531 0.0500402711 -0.216369092 0.241301075
tensor_linearrelustack0weight 1792
-0.00461061951 0.36310479 0.207585335 0.00859600771 -0.0815898925 -0.272750169 0.39089486 -0.257471442 0.167526901 0.0537894443 0.258173853 0.250039786 -0.150256857 -0.291727692 0.114043154 -0.0626375824 0.0375126116 0.0609606877 0.126420021 -0.0223480724 0.156577617 0.342597544 -1.07363057 -0.00647173123 0.156306356 0.0702153891 0.0268178191 0.211446628 0.16521126 -0.113422677 -0.336229444 -0.0241701677 -0.0164683219 -0.232537284 -0.320506155 -0.0671311766 0.163539335 -0.0243986007 -0.248902678 -0.0709535256 0.0946174711 0.258165598 0.019612493 0.0266102366 0.00619919412 -0.224455297 -0.273216367 -0.457517326 0.440854073 0.137343571 -0.260707676 -0.154689565 0.159953609 0.0748395398 0.0535423271 0.278272092 0.398536056 0.0443538763 0.127834767 0.089697361 0.319756657 0.0226738695 0.17000711 0.236074314 -0.310664088 0.228421152 -0.109250464 0.0232560188 -0.11619705 -0.267802805 0.176188543 0.0664498657 -0.0147890262 -0.0391552597 -0.0323201381 0.0208233129 0.267023593 -0.0439821146 -0.363777846 0.0651152581 -0.205821455 -0.0514919348 -0.429251403 0.385953218 -0.174469456 0.0545187593 0.249060586 -0.281241685 -0.0407066718 -0.0777228251 -0.302662998 0.135224923 0.114898697 0.0885910168 -0.591833532 0.272132128 -0.0663853958 0.013104463 0.140106469 -0.0188231561 -0.330711156 -0.38525936 -0.0901060551 -0.456094772 -0.310828239 -0.447954178 0.757557929 -0.0329612829 0.0119668497 0.0305541474 0.155906424 -0.193911329 0.0700923279 -0.0777396336 -0.228470996 -0.108105183 0.0489963852 -0.202326462 0.0448654741 -0.00533656031 0.019165583 -0.588588774 -0.167664334 -0.0417193696 0.0920722261 0.0538568422 0.134555504 0.116287947 0.0753266811 0.0365624093 0.0505680628 0.153011203 0.0494184829 0.387687832 0.00356389093 -0.0122344922 -0.226068377 -0.0246027652 -0.936879694 0.0687738955 -0.168135002 0.247590646 0.104886822 0.101773381 -0.103371009 0.327045858 -0.0143869584 0.300415814 -0.0506528504 0.0488683432 0.234133899 0.202897206 -0.126894325 -0.0628324449 -0.052153755 -0.139201224 0.119870104 -0.117928557 0.155594707 0.66731751 -0.403128654 0.210914925 -0.454007596 0.0807604566 0.176402256 0.17870073 0.148510188 0.0571432784 0.152818143 0.0220018141 -0.0086326357 -0.0347146764 -0.0610769764 -0.19035691 -0.116417617 -0.0402586386 -0.154129624 0.00910199247 -0.191871703 0.109542184 -0.130188182 -1.30028951 0.0114957774 0.0154111367 0.101729274 -0.0273847673 0.00708857784 -0.0416571684 0.24766627 -0.0489871837 0.499279082 0.0350653157 -0.506093979 0.23150146 0.139859736 -1.47842109 0.0523180775 -0.0927705467 0.00197220081 0.0136595154 0.00142961647 0.0930925086 0.305563867 -0.230566382 -0.62570411 -0.0167598743 0.0585437641 0.00290433317 -0.000508639612 0.638544798 0.144453868 0.0777795613 -0.316090584 -0.602398634 -0.405835032 0.122978568 0.118098773 -0.115036801 0.0665733069 -0.0103929052 0.237636581 -0.0287450142 -0.0869475529 0.0276324041 0.105766088 0.299927324 -0.172894672 -0.121369086 -0.00567846233 -0.485235691 -0.467931747 -0.378774941 0.181793287 0.146353081 0.292088658 0.0288721099 -0.0690072402 -0.00522011612 0.0622808933 0.109616935 -0.0126632564 -0.11937169 -0.0432285368 0.474341393 -0.35073024 0.329874694 -0.0514855012 -0.18700555 -0.120074399 0.0646070316 0.065205045 -0.70075953 -0.0231408272 -0.0224049706 -0.00292396732 0.130144402 -0.419035047 -0.119341865 0.288354963 -0.167722419 0.523720086 0.120881274 -0.0474864841 -0.28386867 -0.0514405966 0.0745514259 -0.223297223 0.209985361 0.0188841764 -0.130222604 0.143963531 0.228203297 -0.180841386 0.0747430772 -0.0390867703 0.179666713 0.422289908 -0.239237025 -0.217031762 -0.03657059 0.0214921534 0.00279138749 -0.523609877 0.0222954564 0.0345864706 -0.00745280925 -0.228413403 -0.320625365 0.131059065 0.0797121897 0.154475331 0.0104734404 -0.108803749 0.332601845 -0.29058966 -0.0288772173 -0.0936125815 -0.26584664 -0.267635703 -0.186626226 0.358965248 -0.285436302 0.072946541 0.117671743 -0.0134765003 0.0219372846 0.0845009461 0.296310782 0.0703036711 0.0317356661 0.0577650443 0.0599967949 0.0280475635 0.185835749 0.305724442 -0.00725059817 -0.464359671 0.00025531961 0.00115576282 0.0269646086 -0.293023288 0.586854041 0.125815496 0.0435031578 0.14229016 0.108727127 0.00293268682 0.273201108 0.0168909263 0.433054954 -0.740626037 0.104856715 -0.191799298 -0.0737689063 -0.114334933 0.0446981452 0.183198199 -0.025422791 0.0386976115 0.0909461603 0.0941253826 -0.116030261 0.334721476 0.21229285 0.384604007 -0.0507796407 0.0239113811 -0.775306046 -0.203606993 -0.286978543 -0.513457894 -0.277398139 -0.124006972 -0.0625742972 -0.15184541 0.4636136 -0.798462749 0.486514866 0.0840017721 0.0758895874 0.296975732 -0.149111062 0.00489956606 -0.199980527 0.103052437 -0.0636672378 0.115065403 -0.308463454 -0.0497289188 -0.300262094 -0.196101233 -0.0443242006 0.564607263 0.171913728 0.12955232 0.12332724 0.106298432 -0.121531181 -0.160099 0.0197005514 -0.0244956352 -0.0694194436 -0.0162024666 0.520439982 -0.277917415 0.423633277 -0.153829724 -0.0232571159 0.330799103 0.176099762 -0.23625575 -1.06047416 0.279267251 -0.073984094 -0.157368898 -0.21317929 0.0206976179 0.150442898 0.2424476 0.0533695742 0.331015021 -0.0494769663 -0.259267747 -0.0516790338 -0.148456529 -0.665817559 0.294570506 -0.0587637722 0.160753593 0.116404459 0.0542635396 0.078262873 0.259155542 -0.265770465 0.166910648 -0.01905795 -0.6550951 -0.151985809 -0.0605802536 0.294460237 0.205183119 -0.0134980008 0.16481486 -0.0104875164 0.126044542 0.077492632 0.0553957336 0.0489699543 -0.504668415 -0.0293026622 -0.365545452 0.182570949 0.0157337394 0.348793775 -0.0917551666 -0.085118413 0.191959903 0.014597849 -0.160643265 0.0167718846 0.00103094231 -0.0383912697 -0.348647594 0.0495966151 0.14519231 0.4205302 0.401605457 0.144176692 -0.224080652 -0.0653018653 0.015114502 0.038314376 -0.00308931409 0.0628870353 0.178232089 -0.217830211 -0.0702477694 -0.681658924 0.0424796306 -0.158315316 0.0991833508 -0.108630873 0.138626039 0.0264768768 0.142026439 0.0217048954 0.00495973974 0.2566998 0.229155272 -0.0649782643 -0.504968107 -0.0642574877 -0.277772039 0.126026034 -0.037472304 0.389380246 0.116314188 0.0994114876 -0.00607164716 0.0450821482 0.0144535946 0.294274569 -0.228387505 0.0731313676 0.120372623 0.0434771329 0.365281284 -0.420569271 -0.147176921 -0.43772772 -0.208955571 -0.194495618 0.0560102761 0.0385576747 -0.0709380955 0.625974119 -0.25200972 0.315519303 -0.811966062 0.17437692 0.339440316 0.145912707 -0.0608732849 0.24287723 0.103394262 -0.0103466883 0.0315062441 0.0385720693 0.224923894 0.227081671 -0.0936956778 0.391023427 -0.0593652502 -0.142501712 -0.169863626 0.119539663 0.052258268 -0.334503919 0.0831951275 0.0403679982 0.0345998742 -0.210340366 0.167169139 0.0908672437 0.153584152 0.301543921 -0.566417634 0.0226950832 0.302287787 0.21295099 -0.0238822885 -0.248339012 -0.323301584 0.0460828394 -0.16475597 -0.299771577 -0.136672571 0.0625651926 -0.529907823 -0.206866726 0.474051833 0.33562243 0.289634556 0.171586335 -0.0938448831 -0.0621694438 -0.150587365 -0.513306677 0.00588854449 0.193336949 -0.0562975444 0.14530921 -0.127908528 0.281915456 0.278063685 0.0537334867 -0.0274030734 -0.451112449 0.11157088 -0.0403287783 -0.205707639 -0.00160436798 0.0926584154 0.0405844934 -0.0926457793 0.191674978 -0.134593129 0.131750464 -0.175979972 0.092371501 0.576768339 -0.0301216543 0.222498372 -0.923927128 -0.0769701898 0.310889572 -0.266085625 -0.104593799 -0.101790175 -0.340841681 0.0797280967 -0.442339748 0.388851762 0.114148654 0.564659238 0.0260091275 -0.0210132897 -0.0437380932 -0.340515763 -0.0139005138 -0.208629996 -0.0982181728 -0.275901139 -0.158517584 -0.240935028 -0.107862711 0.480650216 0.0201364476 0.19124648 -0.0444496945 0.0353527442 0.260045737 -0.0143402256 -0.00620405562 -0.185584635 0.27057606 0.183421314 -0.0746065751 0.203469768 0.1942233 -0.423206985 -0.25534448 0.620523393 -0.156613857 -0.23029311 -0.00161395338 -0.0623989701 0.00437335996 0.196623564 0.224680632 -0.0809100717 0.48589164 0.141214013 0.0868279487 -0.397413701 0.051628992 0.0981903002 0.402302265 -0.37194097 0.221818432 -0.19990091 -0.0349699967 0.0644711778 0.0771531388 0.0646619722 -0.349348992 -0.0941968188 0.0754448473 -0.462207675 -0.00792218558 0.154543594 0.0649925023 0.062429782 0.412347585 0.205285996 0.0534071326 0.0637401938 0.0217312146 -0.191761345 -0.227817371 -0.227658466 0.0177381393 0.405543059 -0.161292896 0.0558654703 -0.734595895 -0.0221802648 -0.21931152 -0.0450633243 -0.0219573285 0.141899079 0.0515509471 -0.000246817741 0.0404087976 0.103908144 -0.033554405 0.0653445721 0.0136264125 -0.714260221 -0.0893166512 0.0734403208 -0.0910231397 0.0147350235 0.0701194927 0.0310232695 -0.0160747021 -0.0102954144 0.338225901 -0.175136566 -0.0175100677 0.206739172 -0.091057919 0.187372774 0.0530774184 -0.103035532 -0.720070481 -0.173523664 -0.0591965802 -0.06970983 -0.0474755727 -0.0620098114 0.22759825 -0.0778965205 0.0806634575 0.0942449942 0.000287077361 0.647142768 0.0168000087 -0.493756294 -0.293235183 -0.081758514 -0.0203716159 -0.433411926 -0.542105556 0.214763537 0.0955016166 -0.145725265 -0.0890474468 -0.245111197 0.043105498 0.37515536 0.218795687 0.020073507 -0.0368922763 0.0315091237 -0.014076543 -0.0244640727 0.0172695499 0.0183333233 -0.163550243 -0.062279921 -0.0271642916 -0.795953274 -0.0980322585 0.116599157 0.0345230401 -0.0619190857 0.334476918 0.0739259571 -0.0111923767 -0.094763875 0.0754023418 0.087759383 -0.371240646 0.12877062 0.0891807899 -0.236116678 0.0030348117 -0.274411052 0.280254275 -0.224530175 -0.355085015 -0.179358348 0.222697318 -0.0269952845 -0.142692879 0.357300699 -0.247279495 0.565799952 0.055569984 -0.281817675 -0.145876959 0.259023994 0.144895926 -0.0904953927 -0.304178894 0.406408668 0.0404982194 -0.360916227 0.0572318807 -0.0247543082 0.428832769 -0.636985362 0.0112390891 -0.477845877 0.0302002728 -0.104221769 0.26215142 -0.126034662 -0.203611419 -0.0580005981 0.076295644 -0.169378713 0.0355607718 -0.118356712 -0.156897932 -0.275048852 0.032263007 0.423112661 -0.361275226 0.5762555 -0.243947253 -0.166548684 -0.136408195 0.217165366 0.0406541862 -0.271626353 -0.56774348 0.175298959 0.20590888 -0.383314282 -0.190368488 -0.0505935177 -0.151595965 -0.0445420034 0.345979869 -0.172361523 0.208607018 -0.160558268 -0.123127259 0.0768049359 0.0569924712 -0.0642712116 0.2689071 -0.0345202051 -0.23223123 0.258702785 -0.130542085 0.0825067684 -0.137399063 0.282554775 -0.347826838 -0.0404035598 -0.212647289 0.219063595 -0.070368275 0.267245412 0.126309603 0.0658527613 0.319437176 -0.426830262 0.0190028567 -0.0969000906 -0.233291894 -0.08921206 -0.0453019068 0.117067896 -0.0496703647 -0.00567781646 0.0193546731 0.0949521661 0.0792506188 0.100652948 0.0427787676 0.0952741876 -0.0826391131 0.172488779 -0.446531802 0.31292215 0.0665126368 0.263386458 0.000374557858 0.0547037534 0.117868505 0.10621351 -0.498475969 0.421532393 -0.228528172 -0.00323956041 0.0157825518 0.165716082 -0.0558566935 0.132557303 -0.856829822 0.220211267 0.0420180038 -0.0373590291 -0.0862163156 0.00426163059 -0.0681061149 0.0561968274 0.0614201091 -0.51875931 -0.000643876207 -0.448823929 0.041600205 -0.0392794982 0.261149883 0.0323567875 -0.0108189229 -0.111367755 -0.134746686 0.19516322 -0.283544451 -0.697129846 -0.43727228 -0.302035719 0.00975352526 0.262261331 0.0377284735 0.00637969328 0.0336891301 0.0480121709 0.210025102 0.196903616 -0.00748738553 0.0139627634 0.0387980603 -0.0715938732 0.205017462 0.0188702941 0.0681928694 0.49676764 9.23451807e-05 0.00301974104 -1.31472456 0.351010501 -0.0259172004 0.345555961 -0.232075408 0.072400406 -0.0811966434 0.324690431 0.0220618602 -0.0893429071 -0.00454904418 -0.0476399325 0.0747124776 -0.0249632727 -1.01831007 -0.0107321944 0.0695279092 0.163316131 -0.176749825 0.0325139277 0.133846685 -0.277923346 -0.300425053 0.140194058 0.0221812092 0.281202346 0.011966411 0.150235176 0.341641814 -0.365902781 -0.0788445324 -0.193438768 0.0853160918 0.0606066622 -0.321969241 0.141566247 -0.112011708 -0.0369270742 0.0768056959 0.231763676 -0.0293599982 0.0145535842 0.162870452 0.108905278 -0.0767197683 0.0809919164 0.0940242335 0.0973604918 0.588180363 -0.721791208 -0.0404540896 0.155278042 0.0195231009 -0.376310736 -0.0660689175 -0.0322073661 0.0211671237 0.0425884761 -0.306724191 -0.0165614039 -0.0457579345 -0.109694593 0.171276972 -0.320266455 0.184263274 0.00512854895 0.10292244 -0.346143425 0.026476413 -0.0721020699 0.528442144 0.0310288519 0.135369182 0.0185580179 -0.00319628348 0.0231709797 0.146942586 -0.036371313 -0.148306653 0.821971714 -0.00356242922 -0.103937693 0.0252151079 0.0227329452 -0.824421883 0.0607554838 0.0484313704 0.230259866 0.12453761 -0.0962040946 0.148470864 -0.289944798 0.207904682 0.501175106 0.0627052635 0.111317828 0.170288205 -0.159912974 -0.0327393226 -0.226329222 0.00572862383 -0.155684069 -0.0884771496 -0.0344769917 -0.137171388 -0.194007382 -0.0187548585 0.246387869 -0.00196001609 0.654429257 0.0144692622 -0.0698968843 -1.17739534 -0.545747995 0.0102049159 -0.0519082807 0.0242236946 -0.0275159236 0.0316792093 -0.0410596691 0.0425340235 0.0670541823 -0.165004641 0.530177474 -0.292537838 0.0151785975 -0.234272331 -0.267208993 -0.231068194 -0.0991789922 -0.195331946 0.159549206 -0.146290109 -0.19239305 0.0599314608 0.622684479 0.108550236 0.217037469 0.0211591721 -0.161246642 -0.668812275 0.197487578 -0.0817601681 -0.00412179809 0.0808562785 0.0391035303 0.11698202 -0.519590914 0.205236673 -0.579339087 -0.0249927249 0.098168157 0.132596359 -0.0347628444 0.216940358 0.0128892818 -0.197530657 -0.107519642 -0.0339302868 -0.0514068194 0.547771215 -0.65314579 0.241276339 -0.152757183 0.106769875 -0.425385654 0.381024569 0.0614907406 0.08374957 -0.000618832943 0.0726846829 0.265724003 -0.201951101 0.112127453 0.329896152 -0.0493570305 0.0186961666 0.00744576566 -0.209748387 -0.338275969 0.230524227 -0.368469656 -0.0834421292 -0.080708243 -0.167939499 0.205817774 -0.373847783 0.0339535847 -0.0577798262 0.0214703921 -0.278961092 0.0139976218 -0.143911317 -0.385426015 0.291662186 -0.129081339 0.285361588 0.198183775 0.0301162824 0.425442994 0.104463488 0.0448493734 0.428436428 -0.230235592 0.332789332 -0.452274978 0.378542662 -0.249879435 0.04142965 0.00213633082 0.0807395652 0.00605732435 0.0390363336 -0.16869919 0.124877609 0.037868578 -0.215397313 0.162210837 0.0471026599 0.255977124 0.0403336287 0.583911419 -0.567342401 0.0379025713 -0.888617158 -0.173806503 0.161623776 0.152817428 0.0652938187 0.0719190389 -0.365352869 0.425194561 -0.186156526 0.102743231 0.0101412283 -0.0726760179 -0.0774934441 0.190823197 -0.162074193 -0.0900342017 -0.0266711973 -0.0306561012 0.0194878411 0.0318149216 0.0793311223 -0.00344716408 0.0570354909 0.309148252 -0.0604373477 0.259211659 -0.260104895 0.00519007258 -0.553585947 0.00412439648 -0.00329568703 0.115919717 0.150096253 -0.33828935 -0.204115838 0.610501826 0.166514561 0.421013862 0.0525985546 -0.207120106 -0.0945216194 -0.0241167694 0.253565222 0.212386444 0.197407007 -0.214204401 -0.00965317339 0.059101373 -0.662387133 0.557072818 -0.288977504 0.194801643 -0.105848774 0.452412814 -0.4043414 -0.298241258 -0.101964675 0.107349962 -0.0622235313 -0.136411145 -0.4453803 -0.0208807606 -0.269200921 -0.325604171 -0.501189113 0.183653072 0.0214056652 0.222588122 0.0756934583 -0.0204743464 -0.297539622 -0.00804575253 -0.086007759 0.205938146 0.135652199 -0.0776005387 0.420268357 -0.655920267 0.0957407132 -0.0673548132 0.0991381556 -0.0194394458 -0.863889217 0.129177496 -0.484826475 0.0861653686 -0.00957368314 0.0161631275 0.0235307571 0.0552619435 -0.0330431052 0.315555573 -0.0938792452 0.295446932 -0.0161423571 0.249249518 -0.704431355 -0.156673267 -0.117366739 0.29627499 0.138987437 -0.00570857106 0.0796954781 0.41807425 0.331587523 0.243525356 -0.00575645734 -0.379073054 -0.209231138 -0.214635208 -0.250897199 -0.184353247 -0.0589424931 0.26630345 0.0604277365 0.163718 0.0845026672 0.124228984 -0.149051562 0.261787713 -0.039935641 -0.611764133 -0.0273287576 -0.308996499 -0.077450633 0.222189426 0.13546975 0.227345333 -0.0258156806 0.0314741358 -0.250450671 -0.0327572487 -0.357837021 0.0584417693 -0.246502295 -0.0866678208 0.0807033256 0.253899515 -0.614357114 -0.0464803912 -0.123040281 0.29926461 0.00260171178 -0.0740985423 0.0505404621 0.0097232461 -0.164250776 -0.44901678 -0.268384278 -0.157018647 0.00421213778 0.342167467 -0.711684167 -0.0715509877 -0.452387452 0.528161645 -0.126445159 0.156772777 0.0871958807 0.101883776 -0.377048284 0.690233052 0.175818741 0.0857990086 0.0259522609 -0.0512156859 -0.393854529 -0.242204055 -0.171232298 -0.127458379 -0.040605735 -0.339005291 0.0210706461 -0.0481859595 0.585572779 -0.493937463 0.162532747 0.0169353206 -0.296001583 0.0229798798 0.145314917 0.0105691785 -0.207306713 -0.0522467457 -0.0492136031 0.107430078 0.141917855 -0.0205160584 0.36830318 -0.00445108768 0.318142325 0.511353672 0.0207408108 -0.157170326 -0.134216085 -0.0137306731 -0.987202108 -0.1298756 -0.02910579 0.182367608 0.139404848 -0.0984825268 0.222627148 0.203640401 -0.0773840994 0.0645059347 0.025402043 -0.514608979 -0.148856908 0.02366562 0.298427522 -0.764074862 0.0999737382 -0.103039652 -0.0754316002 -0.0260059517 0.203588352 -0.00836943835 -0.227082968 0.0864433274 0.0281421077 0.438451171 -0.238339692 0.0284090973 -0.356308341 0.0897309557 0.343438268 -0.0274288189 0.0316208452 0.0678369626 -0.258050442 0.36792323 -0.039350871 0.0378148258 -0.515231371 0.193247408 -0.0378057212 -0.219740301 -0.0662114322 -0.0827901512 -0.0288959034 0.0399687253 0.0229437333 0.304037303 0.183189064 0.470029682 -0.0159969144 0.00735311769 -0.0380147062 0.393612444 0.260686845 -0.0281087086 -0.00657992717 0.125509784 0.00136539352 -0.0618101619 0.41983363 0.0340816267 0.402733803 0.217631742 0.20732604 -0.141506776 -0.0645792708 0.390247852 -0.855598986 -0.379724771 0.0486685336 0.432129383 0.211391747 -0.0188373793 -0.0367256738 0.132395744 -0.131873623 0.30652377 0.0706434473 0.154433697 0.321888745 -0.295096099 0.00961003453 -0.102092162 -0.299999267 0.0503307693 -0.0751870424 -0.0771309137 0.00116603496 -0.020673003 -0.0184682924 0.123618819 -0.104754709 -0.373194695 -0.00545333372 0.202578589 -0.282597393 -0.253410578 0.653633058 -0.138478115 -0.134057805 0.20864062 0.0861092806 -0.10738311 0.381079912 -0.167425185 0.266516566 0.0191701241 -0.0277540181 0.235934123 -0.254263848 -0.408012956 0.136171415 -0.091179505 -0.248452589 -0.00475222245 -0.0700785518 0.170530543 -0.0169399697 0.494992763 0.210351095 0.157083735 -0.15499799 0.0800102651 0.107607365 0.00603171811 -0.28415516 -0.0576777197 -0.0189616065 -0.196718499 -0.101468593 0.185878903 -0.077696465 0.0947171301 -0.104404129 0.0979577675 -0.0108519569 -0.360101849 -0.562026143 0.0189562626 0.183172613 0.282186836 -0.102283001 0.200969517 0.275978655 0.0491801463 0.197814047 -0.189486504 0.144826815 0.16092056 0.0734410882 -0.255518109 -0.357395142 0.0508339889 0.198256984 -0.0291112978 0.0220694076 -0.0412242264 -0.0171764251 -0.00590682495 -0.0744317546 0.241788045 -0.0539699718 -0.278427094 0.132928938 -0.381289601 -0.413745075 -0.195474684 0.0262594949 0.374256045 0.221446097 -0.0779143423 -0.0679230914 0.0632117465 -0.15824236 -0.251756728 0.13621904 -0.273986578 -0.30186066 -0.188723981 0.00461847056 0.125781834 -0.865523815 -0.0452363268 0.0262147989 -0.175459787 -0.134849817 0.389728695 -0.159979582 0.412831545 0.0935599655 -0.0354475714 0.109616227 -0.023683073 0.0353664868 0.159981966 0.314158767 0.00237374171 -0.02571656 -0.0236620679 0.0481015518 0.210494682 -0.112505801 0.309797078 0.189410686 -0.0889445841 -0.0535242334 0.365677863 -0.629068792 -0.321543872 0.0920389518 -0.0130411601 0.0678776205 -0.182748124 -0.418254137 -0.0788281634 0.0229159705 -0.0109334998 -0.2551184 0.214466408 0.0796456188 0.455786169 -0.418881118 -0.112713471 -0.334286243 -0.0443772338 -0.067810446 0.155785322 0.112140432 0.205836982 0.368875057 -0.133088291 -0.134702027 0.332123309 -0.038132228 -0.273487538 -0.174954683 -0.227342486 -0.722304583 -0.113328591 0.0468424298 -0.0451472327 -0.0882591605 0.00040603627 0.420643359 -0.171401039 0.220307529 0.0160256214 -0.0229871161 -0.608374119 0.202709481 0.00364767178 -0.633525968 0.204403311 0.013074046 -0.136175022 -0.0223324969 0.0940785483 -0.232267514 0.210322797 0.176005095 -0.296616435 0.0558041483 -0.505742192 0.169021979 -0.00801974069 -0.133583412 0.218699902 -0.0166617017 -0.0191953983 0.0737519413 0.152942255 -0.227813706 0.285089046 0.106277019 0.0109377205 0.00259222928 -0.326334953 -0.795747399 -0.105859913 0.17256698 0.0552575327 0.328370303 0.144436479 -0.110969044 -0.0430430025 0.30411908 -0.423531085 -0.0889021456 0.135786429 0.397590995 -0.153127745 0.146569446 -0.0742664561 0.00853033829 -0.0156836435 0.102846295 -0.00333591364 0.107542388 -0.100366227 0.0280287247 0.361940533 -0.137731925 -0.423162311 0.00897276588 -0.162037119 0.120468713 -0.0471633822 -0.140522644 0.0435630344 -0.189726606 -0.0197445173 -0.163234338 -0.148465365 -0.248553678 0.0875386894 -0.095769234 -0.516950011 -0.0232900139 0.108273059 -0.218399003 0.300381482 0.456231624 -0.0941667706 -0.012041688 -0.241691008 -0.295716405 0.232036144 -0.444304049 0.219190821 -0.179348797 -0.465917766 0.000575451239 0.454459906 0.203944117 -0.00852740277 -0.0246389899 -0.560881555 -0.130359769 0.024202602 0.0881421417 0.0982658714 0.287280589 0.304663509 0.0830715001 -0.0906775668 0.00959619042 -0.265491188 0.0813464522 -0.125850588 -0.0842109099 0.11665953 -0.232889012 0.274663538 -0.173870564 -0.0416514724 -0.196698323 0.415863365 0.0695355684 -0.484018266 0.292994648 0.287967592 0.0893989429 -0.0629942492 -0.103536651 -0.0153403953 0.306274235 -0.0311128013 -0.0546397641 0.0703371987 -0.224126011 -0.376742005 -0.214861959 0.214296564 -0.121836372 0.333900869 0.249448255 -1.00058591 0.00281513832 0.102049068 0.0122227641 0.105817325 -0.408090115 -0.17579326 -0.598120272 0.309630215 -0.214318603 0.118858308 -0.101699501 0.320491433 -0.0800808966 0.0611357763 -0.348517865 0.133511379 -0.00725496048 -0.0583788678 0.154103756 -0.0572330877 -0.204551294 0.242629379 0.225527555 0.184005424 -0.0541541986 0.127345294 -0.221059978 0.0140375514 0.353093982 0.341941833 0.106319688 0.342078924 -0.192944333 -0.122875556 -0.404636055 0.225403324 -0.0803550258 -0.206198856 0.0444829054 0.215984866 -0.272496253 -0.0814287961 -0.61310178 0.133650601 -0.00874635018 -0.0428994186 0.0480069071 -0.126562759 -0.313431352 -0.226798341 -0.413663894 -0.104446791 -0.0604898483 -0.0233800709 -0.0360817015 -0.029526392 0.453121126 -0.0114986915 -0.00986405089 0.0993557498 0.0480697528 -0.0264330935 0.292378515 0.0748166516 -0.222122326 0.204290673 0.00404786645 0.291008711 -0.257032365 -0.00154664228 -0.168669492 -0.112451605 -0.0104288738 0.09972395 0.0466134511 0.0200166497 0.385775149 0.473848552 0.183798939 -0.0458506756 -0.0294178426 -0.222200558 0.0826639533 -0.088185735 0.279709876 -0.00630037813 -0.000677289907 -0.0614937432 -0.0415357798 0.0265686139 0.288536489 -0.149385259 0.0879561827 -0.1325977 -0.00319438591 0.405884713 -0.250659078 -0.0868011415 -0.217656747
