tensor_linearrelustack9weight 32
-0.0859902576 -0.0806775019 0.550282955 0.326653421 0.170408666 0.408026278 -0.107758641 0.0579904243 0.340554088 0.209165111 -0.00564720901 0.282400608 -0.0692377016 -0.0753097981 -0.100889504 -0.152101666 -0.158357754 0.258916855 0.308516741 0.459565938 -0.130028799 -0.0885834023 -0.0998243243 0.0291706827 -0.572152734 -0.0661164448 0.4519732 -0.0656972975 0.217582837 0.366269648 -0.0840499699 0.185820907
tensor_linearrelustack6weight 1024
0.120836675 0.272545606 -0.0399713106 0.293352753 -0.0887024924 0.0709098279 -0.153698444 0.386942089 0.437745064 -0.0303650536 -0.0749828592 -0.113810852 -0.631223142 0.0764802843 0.150497481 0.304729372 0.54374218 0.362443298 0.129197493 -0.0371622816 -0.0642269403 -0.559200227 0.362749785 0.0826456472 0.263884962 0.477101922 0.267277569 -0.0662788078 -0.358958364 0.209146217 -0.11339771 0.256104559 0.142678291 0.399696589 0.137315825 0.684152722 -0.168822289 -0.290946305 -0.190512002 0.681732357 0.142295137 0.372031391 -0.0974504501 -0.0314930081 -0.37586087 0.158722609 0.216705501 0.428285301 0.287907451 0.28583172 0.0971411318 -0.124107353 0.0703341737 0.29237318 -0.164487153 -0.0437665507 0.163528264 0.674455762 0.117641427 0.19050537 -0.206976041 0.0376940668 -0.331525922 0.185171872 0.283194065 -0.27815178 -0.373531163 0.860749483 -0.0959892571 0.09308815 0.259169966 0.931424558 0.0537986904 -0.171267331 -0.095328331 0.501396239 0.141285434 -0.0234821383 -0.424566895 0.201730862 0.117715999 -1.01566374 -0.673727393 0.211167395 -0.272188663 -0.98327589 -0.194489077 -0.115003854 -0.651213884 0.556841254 -1.51349473 0.450347424 -0.218378767 0.39753744 0.0771879628 -0.426725358 -0.296631843 0.112456955 0.437955439 0.169028148 -0.0196948703 0.125343964 0.112828754 0.000373328017 0.0780819282 -0.151875794 0.265864253 0.356478333 0.657241762 0.294724166 0.147100776 -0.305887759 0.0326931924 0.0316105634 -0.133459449 1.0776782 0.248536944 -0.668376923 -0.618357539 -0.157077998 -0.288579762 0.787694693 0.128818125 -0.225041881 0.0460191555 -0.0443121493 0.563626707 0.321733147 0.177407891 0.417648435 0.00732097123 -0.695266247 0.0290915295 0.262619764 0.0872906074 -0.111963354 -0.717936814 0.176598877 -0.352397949 -0.312605232 0.37481457 -0.129975483 -0.0106200781 0.250586331 -0.362747461 -0.279673547 -0.284789354 -0.0417277031 -0.020201141 0.426935762 0.0523163155 0.440495312 0.266636431 -0.173142299 -0.403964728 0.113426164 0.490223795 -0.189166799 0.622402966 -0.109406054 0.294125646 -0.33666569 -0.293232232 0.474120647 0.507238328 -0.551579297 0.623472571 0.107902177 -0.749289572 -0.522391796 -0.570598185 0.455715507 0.607929349 -0.131990567 -0.105836995 -0.271707565 -0.239834771 0.285668254 -0.332113922 -0.259754807 0.380934626 -0.212244302 0.444318086 -0.213926032 0.587770939 0.258430898 -0.0954807922 -0.127405301 -0.336156249 -0.860665679 0.149192497 0.025351502 0.168087214 0.349001676 -0.169499427 0.352549493 0.296423137 -0.393056571 0.0728590712 0.79641968 -0.027312167 0.315927356 0.127107665 -0.00249842578 -0.466536313 -0.335385889 -0.105415717 0.324669868 0.170028508 0.464743853 0.156560689 0.408897698 -0.0710816681 -0.0229748301 -0.135602206 -0.402999252 0.158063263 0.815223038 0.0108006634 0.281728119 -0.314643532 0.0608014837 -0.0732643604 0.211677074 -0.220051512 -0.104336299 -0.206298128 -0.179575458 -0.0432123207 -0.0902456343 0.0676168129 -0.0231532399 -0.150380313 -0.148087487 -0.0635359585 -0.103529394 0.0303810202 -0.13222079 0.0365362391 -0.00944676716 0.144281924 -0.0631662533 -0.117629133 -0.052008938 -0.0621697903 -0.138331354 -0.113581039 -0.065091297 -0.143852875 -0.0456872582 -0.0556847826 0.0572547317 -0.0502922237 0.0384946503 -0.139700249 0.0236392971 0.730577409 -0.447468489 -0.0132672675 0.292552471 -0.372508228 0.584565401 -0.129017308 -0.071404621 -0.0267376974 0.533781707 -0.300550044 0.0981864408 0.143144339 -0.725787461 -0.635217309 0.15041399 -0.379560888 0.260200083 -1.02084744 -1.12371314 -0.371640891 -0.239935443 0.125101209 0.0819405764 0.0812199637 -0.232051283 -0.422852039 0.641057372 -0.57325989 0.162102997 0.136917219 0.160955846 0.0538585261 0.2271806 -0.296416044 0.477482378 -0.10489925 0.162256733 -0.171370164 -0.370919198 0.0815360025 0.371208757 -0.347867042 -0.749405742 -0.729964316 -0.199330568 -0.528352141 0.395845592 -0.204890266 -0.142684206 0.0654525384 0.444535643 -0.0830491409 -0.396587104 -0.295324922 0.265120149 0.22518532 -0.246674269 -0.462603569 0.668089807 0.0592744313 -0.207786992 -0.00433895318 0.174416766 0.0959888473 -0.0860008821 -0.127138883 0.108100541 -0.0168797076 0.0483071432 -0.196411043 0.0374626517 0.0406119898 -0.0159944706 0.0418061391 -0.246606052 0.0713274553 -0.217803553 -0.0749612302 -0.0341636613 -0.206744954 -0.00293773506 -0.0780303702 -0.024077246 -0.226491407 -0.153554142 -0.186928809 -0.161535203 -0.152834475 -0.0520847179 -0.0343566351 -0.147261217 -0.135917559 -0.141239971 -0.0483110882 -0.178147733 0.266934067 0.202344447 -0.011609843 -0.243528262 -0.0533939563 -0.576921344 0.562672079 0.100063562 -0.0653464049 0.146839947 -0.116308562 -0.256099433 -0.369362473 -0.00291314535 -0.405728191 0.181990623 -0.362469167 0.139443442 -0.790591121 -0.804748535 -0.212056398 0.353856236 -0.247447833 0.331107259 -0.0951158181 -0.515972495 -0.333449036 0.510595322 -0.262536913 0.411373943 0.098299332 -0.0522389747 0.00408339174 0.0840434283 0.0578471534 0.546029568 0.238348991 -0.00990688615 -0.301919371 0.829257131 0.0324931629 0.486768574 -0.0151195861 0.00288357446 0.0394934528 0.166854709 0.199418917 0.538120687 0.318995446 0.284564286 0.19029592 0.0207513329 -0.0782888532 0.0219919607 0.195011646 -0.281747729 0.026273936 0.643522978 0.226485416 0.214988947 -0.191623196 0.0920644924 -0.262758464 0.132708266 0.234061375 0.25047493 0.0185255371 0.449488044 0.00683622109 -0.0432584397 -0.0844442919 0.985778153 0.187403202 0.278186589 -0.0296052303 -0.0657280833 -0.275411993 0.0816129372 0.309705585 0.391550004 0.156215951 0.484660119 -0.0414618179 -0.142169639 -0.0526503436 0.107457504 -0.113070674 -0.309366584 0.023005249 0.460868359 0.0940477401 0.215567976 -0.125043869 0.203534216 -0.252038747 0.261006474 -0.356731236 -0.121159576 0.248326525 0.383838803 -0.0693144426 -0.0301409382 -0.714864969 0.330177128 0.0951130092 0.726049244 0.12389636 0.183876455 0.0153623372 0.415009826 0.360344231 0.145487189 0.501076162 0.0413863808 0.03621291 -0.154441938 -0.194320247 -0.283353031 0.273095518 -0.0988945588 0.211097538 0.257364124 0.20627898 -0.0823294744 -0.0684296042 0.0721362233 -0.327812344 0.164680287 0.205359682 0.407578677 -0.240231574 -0.156754583 0.313227028 -0.250819266 0.0758522227 0.175631106 0.475282639 -0.309429169 -0.242127791 0.00524954544 -1.19058955 0.263577104 0.0213453416 -0.192762196 0.423230916 0.379896432 -0.0399170816 -0.584726989 -0.00557469716 0.0354991965 0.342545003 0.235957801 0.549041152 0.203586474 0.166854903 0.24484168 -0.442030162 0.388339818 0.170298845 0.175934225 0.281612158 -0.519744873 0.419001728 0.270501643 0.426500469 -0.318516344 -0.592349052 0.748022616 0.0797985867 0.216167435 -0.026862165 -0.0523562208 -0.16701816 0.0386052355 -0.0765907913 0.285112351 0.548721075 -0.0396673866 0.357768118 0.200343534 0.0135091562 0.0860458091 -0.528488398 -1.08686852 0.279220521 0.452615231 -0.105178609 0.0164420232 -0.0671366379 0.470303476 -0.268634766 0.1307199 0.462095737 -0.155178398 -0.211315647 -1.1063441 -0.238927945 0.050239224 0.0817302391 -0.53716439 0.245447785 0.0191333648 -0.0418274663 -0.23786585 -0.13336885 -0.70066148 -0.57211417 0.0178415868 -0.606693387 0.588353932 0.161844507 0.225378528 -0.382433146 0.222297922 0.210597292 -0.170939341 0.130332068 -0.941387475 -0.1923289 0.238734543 0.231342673 -0.461994112 -0.123736493 0.077579312 0.197672829 0.475847095 0.170542881 0.504364014 0.457571417 0.403424829 0.0112523157 0.0418626592 -0.0276386626 0.262844503 -0.23725304 -0.174715564 0.21711719 -0.00161348702 -0.540136755 -0.182559267 0.53510344 -0.253475487 -0.518181324 -0.450817585 -0.100981377 0.157424375 -0.786641896 0.0168672968 -0.579313755 -0.0314313956 -0.460327774 0.0399669968 0.996784151 -0.0945244133 -0.403637975 -0.185893431 0.376632541 0.401383936 -1.92767525 -0.289100975 -0.0437948331 -0.715972722 0.181515232 0.666444778 -0.133608967 -0.325338751 -0.40367195 -0.533870459 0.0446645729 -0.159892052 0.134758815 0.353948683 -0.332320899 -0.36729452 -0.489622653 0.341448396 -0.403420866 0.604065239 0.330262542 -0.0471711718 0.182394341 -0.699645638 0.23129718 -0.353874177 -0.0637393966 0.177588269 -0.129976392 -0.164861247 0.251894474 0.0788313895 0.0719558001 0.532637835 0.116199203 -0.072947897 -0.0502474792 -0.523164988 0.51582408 -0.202926069 -0.490217566 -0.280816019 -0.191974252 0.081475988 -0.215518355 0.232492656 0.103301272 0.0729664043 0.306963027 -0.0367867686 0.103281684 -0.357786596 0.311014414 0.00993499719 0.401807696 0.472389728 0.496799678 -0.365135819 -0.47078535 0.568617046 -0.0513146259 0.254101664 0.295450151 0.336937696 -0.110414222 0.590683579 -0.163905188 -0.0437985994 0.108996406 0.902033687 -0.0034704688 0.372018546 0.172755077 0.11076922 0.0022280782 -0.0496061444 0.293254644 0.529780507 0.318843693 0.354990542 0.304521412 -0.134780392 0.138574824 -0.0685974509 -0.266849637 -0.563270748 0.120779797 0.253695309 0.0282581411 0.105680443 -0.368652076 -0.0265754666 -0.0419152081 0.246800363 0.532347679 0.412685752 -0.310252696 0.497923106 0.133652136 -0.268992841 0.351283967 0.545794487 0.171858191 0.0918093547 0.102385029 0.0899424255 -0.391050637 -0.0135714803 0.0844099969 0.507382512 0.355960965 0.310556322 0.0408838801 -0.282014549 0.145546436 -0.128491342 -0.0503205061 -0.322222173 0.316035688 0.220571011 0.136108398 0.152886167 -0.374289572 -0.0175957959 -0.00847133808 0.241263852 0.025538953 0.0533162914 -0.160084546 -0.0983304381 -0.140558943 -0.0689386874 -0.0748450607 0.0177052654 -0.0752223656 -0.204228684 0.00831679348 -0.013387695 0.0578009635 -0.00624696631 -0.0696455687 -0.160661548 0.0391943529 -0.0530843697 -0.155288771 -0.0826956183 0.018107852 -0.0651441664 0.0312304888 0.0473136827 -0.0220207274 -0.158545107 -0.0250674319 -0.147585452 -0.0585722476 -0.169998497 -0.139338821 -0.0519449264 -0.193237334 -0.0153532084 -0.482533991 0.853214324 0.575269759 0.874635279 0.119132631 -0.630878448 -0.446524531 0.226198554 0.377881199 -0.554382801 0.293387055 -0.0887385085 -0.333315343 -0.110955402 -0.736589849 0.0576877147 -0.3521415 0.432618052 -1.00395226 -0.0502084009 -0.570655704 -0.279932618 -0.154340342 0.856285691 0.269663632 -0.150118202 0.0829300582 -0.473404318 -0.142635241 -0.0702771917 0.258963317 0.343290299 -0.0540216714 0.290396392 0.150196344 0.00323215942 -0.126955584 0.890907764 0.0377460085 0.459736794 0.134416014 -0.0631948933 -0.381159455 0.185954511 0.0963475928 0.289074898 0.404851466 0.241666585 0.181677938 -0.158245087 -0.082021594 -0.0947893932 0.056831874 -0.201640129 0.170393556 0.488636971 0.0677416772 0.321342051 -0.276650518 0.0915209651 -0.195197448 0.131522432 0.050292749 0.0200325269 0.02914018 0.32393378 0.597346604 0.124891244 0.0193771143 0.396373063 -0.21670197 -0.24468565 -0.2555255 -0.535343766 -0.504617214 0.196003869 -0.875308514 0.198103577 0.152221456 0.104720324 -0.0807310119 0.0461620986 0.451192975 -0.900358319 0.428702921 -0.0218756404 0.330980867 -0.129935816 -0.760459483 -0.920399904 -0.107802138 -0.39936012 0.423292607 0.366795987 0.182303309 0.104755186 -0.0330489539 0.249962762 0.160597742 0.0114781475 -0.0720656291 0.870363235 0.103591993 0.440686584 -0.0137728881 0.0773025826 -0.189292014 0.124347225 -0.0412279367 0.475230068 0.331840634 0.35587427 0.0844498575 -0.148870721 -0.199495628 -0.0811901912 0.00816273224 -0.26110509 0.0892434046 0.51451838 0.259561718 0.300131142 -0.323178619 0.268747866 -0.103573218 0.266517043 0.444866508 -0.646326303 -0.231688082 -0.0626229644 -0.982924938 0.245224014 0.536672652 0.230008483 0.685575724 0.0137517676 -0.0069054137 0.00714080222 0.0432197042 -0.878390372 -0.409710377 0.171748564 0.471447259 0.0829343349 0.423858792 -0.245001107 0.0315300189 0.702748597 0.190387845 0.539030492 -0.104879558 -0.580473244 0.130216584 0.342944473 0.0778130814 0.0258904453 0.0464553833 -0.0783474967 -0.325061291 -0.446618885 -0.454159677 -1.29352582 -0.339346945 0.036269132 -0.412204027 -1.02511704 -0.335549116 -0.00288358843 -0.0722694993 0.440089852 -0.418115079 -0.0892416015 0.159886867 0.179476276 0.315511584 0.274410486 0.321099401 0.431872547 0.122204714 0.613967061 -0.98689568 0.271189928 -0.146226496 -0.0563230999 0.439377397 -0.354153723 0.709557176 -0.300978035 -0.0474799238 -1.23871505 0.332507342 0.372838467 -0.027936941 0.322317421 0.131986216 0.115812831 -0.119491667 0.80851537 0.217504039 0.102980241 0.119898312 -0.137229428 -0.627066314 -0.0382243469 0.100181974 0.321776897 0.424092174 0.340463847 0.0630546585 0.0185809918 0.0699903071 -0.188961238 0.311613381 -0.188563287 0.333887219 0.599559188 0.285406142 0.0618072525 -0.495093584 0.263520777 0.0387266539 0.0791327357 0.122901201 -0.302143872 -0.242944896 0.238782406 -0.105592914 0.100976355 0.38544485 -0.272308618 0.319653183 -0.396412134 -0.0609743297 -0.230950728 0.593863845 -0.393511295 -0.239813089 -0.155766815 0.234555274 0.441616535 0.0846210197 -0.230220065 -0.0478646681 0.682462156 0.730132818 0.499215782 0.544590592 -0.982254088 -0.0213104915 0.269312352 -0.364444911 -0.202882528 0.00255866046 -0.442651153
tensor_linearrelustack3bias 32
0.357951134 -0.0163221434 -0.327568829 -0.587418616 0.0553841405 -0.0194055848 0.173261151 0.43834734 0.483756423 0.606759846 0.121147223 -0.524121881 0.237741217 -0.0147494916 0.35944438 0.521056175 0.404123873 0.537699699 0.0958048031 1.09378469 0.207501546 0.42264083 0.145266652 -0.279891312 0.846268415 -0.294107139 -0.342569917 0.931722164 1.06751299 0.63995105 0.364528894 -0.237311378
tensor_linearrelustack3weight 2048
0.303401738 -0.152716145 0.202106461 0.349735379 0.165329516 0.322587281 0.331307888 0.18186295 0.755755782 0.43172425 -0.844955385 -0.794216394 0.0415922962 -0.0809415355 0.397947997 0.206911623 0.110311218 -0.270010769 -0.0310687628 0.095123589 -0.847459674 0.255266011 -0.721947312 -0.403701752 0.493537545 -0.849415004 -0.6041857 -0.178010315 -0.203213856 -0.10815613 0.0491240807 -0.132105187 -0.824645996 -0.247266993 -0.252592862 -0.494441092 -0.28546232 -0.346468955 -0.359107226 0.441966563 0.413090259 -0.341758579 -0.0430177562 0.617902398 -0.208128229 0.705541849 0.298936576 -0.00634863181 0.198165223 0.0781131312 -0.255978614 0.852344036 -0.633007348 -0.47446084 0.0392847434 -0.118708298 0.806168675 -1.03079379 0.0651261955 -0.36207664 0.129469499 0.466643751 -0.104013652 -0.166547239 -0.358004749 0.18923071 -0.348612577 0.708033144 -0.747205734 -0.533997834 0.157176062 -0.0594148599 0.586503327 0.150745481 0.00746129267 0.236875445 -0.218411595 -0.031053992 0.497892737 -0.274616987 -0.0813266858 -0.363203436 -0.251201898 0.442987233 0.35582903 -0.390025556 0.308570027 -0.573200047 -0.123334661 -0.469435453 0.642008066 -0.0871706381 0.418088138 -0.484092146 0.236627504 -0.705484629 -0.146640256 -0.609383464 0.186339602 0.00602142094 -0.137914568 0.054229524 0.83671093 0.261639088 0.158849239 0.134342805 0.159415722 0.0917838663 0.276586056 -0.148100123 -0.132771775 0.222650439 0.706213057 -0.192698479 0.499212921 0.828057766 -0.635896325 0.382215232 0.128814831 -0.226551354 -0.569429159 0.397790134 0.227874547 -0.15221566 0.0445118733 0.547708631 -0.208484575 -0.255172282 -0.248075768 0.0478018373 0.055478733 -0.352442831 0.339194804 0.209331021 0.119445451 0.371371269 -0.0761678368 0.585770905 0.247500584 0.334855974 0.417419195 0.0705090463 1.10689497 0.0485908352 -1.55537593 0.257446349 -0.156864867 -0.00135816797 0.354381472 -0.21860756 -0.490563422 0.519086003 -0.11627084 0.287400693 -0.0196439698 -0.463908732 -0.519948184 0.282070994 0.331768483 -0.237458676 1.07646143 0.708719492 -0.312408268 0.098260127 0.340798795 0.163789287 -0.293059379 -0.0382588468 -0.113890804 0.346021771 0.372269213 0.403454661 -0.232706726 -0.227132902 -0.102227338 -0.238582253 -0.214713693 0.627625942 -0.211977258 -0.641246915 0.744232595 0.494013786 -0.108022891 -0.0960469097 0.253319383 0.816933155 -0.116196401 -0.417635053 0.140130475 0.140403688 0.0884260014 -0.160988554 0.40339455 -0.653646708 -0.114363626 -0.0709582791 0.351177871 -0.231741816 1.27812994 0.122284591 0.409115195 -0.338481992 0.138826847 -0.411647439 -0.182998851 0.845929325 0.513670087 -0.187475637 -0.23033753 0.509258568 -0.173231825 0.723217309 -0.108953416 0.484180391 0.0907174721 0.251120746 0.0459224805 -0.0282875784 0.00337568461 -0.00164498691 -0.184134662 -0.110909224 -0.261852145 0.498745233 -0.650557637 0.227447256 0.077410996 0.155651659 -0.862507403 -0.224360242 0.112963721 -0.575603127 0.847696662 0.0166258141 -0.54335022 -0.427732348 2.36815691 -0.806793094 -0.552406728 -0.24894385 -0.253727108 -0.389506817 0.353888392 -0.0445314869 0.223300964 -0.0503608435 -0.114856429 0.257465959 0.191395968 0.762668252 -0.263139904 0.227936193 0.269656092 -0.337288618 -0.216942817 0.599723935 -0.140095338 -0.0648717806 0.144667208 -0.108987764 0.339557767 -1.13220453 0.41946429 -0.617679715 0.229482532 0.200388715 -0.552603722 0.223499656 -0.124968298 0.282469124 -0.165987015 -0.596015453 0.0784359276 -0.450261205 0.283634692 -0.605311692 0.387153149 -0.0796144903 0.1876757 -0.208724007 0.125070363 -0.391901433 0.129719883 0.447270572 -0.420509577 0.44529736 -0.21103926 1.09782434 1.15325606 0.367892146 -0.339111447 0.021080181 0.400723249 -0.641254723 0.0329849385 0.285865903 0.0960140452 0.509556115 0.087459065 0.188837767 1.42827058 -1.09063792 0.0604462735 -0.248928696 -0.0508205481 -0.155706868 0.302996665 -0.304895282 0.0218085926 0.0719532445 -0.875555217 1.08422732 -0.138498813 -2.23868012 0.51975143 0.226841241 -0.312304527 0.515989065 -0.0107505796 -0.423629642 0.12951991 -0.017298054 0.427039832 -0.339925766 0.493868649 -0.104971707 0.222269177 -0.405264288 0.475615501 0.676242709 0.0449892841 -0.577641368 0.428575754 0.567021966 -0.101231873 -0.468732446 0.0671202764 0.440215021 0.568218172 -0.227400064 0.0264269859 -0.209637806 0.033063937 0.457997918 -0.73389256 0.0538086928 -0.232059643 0.172428429 -0.591149807 -0.106434256 -0.208918005 0.525928378 -0.329877228 0.224373177 0.441401243 0.318557948 0.295430064 -0.0639446899 -0.837341189 -0.406887561 -0.375014365 -0.211364314 -0.562709808 0.177563339 -0.812156379 -0.264650911 -0.212515771 -0.111451775 -0.0627773702 0.156614646 -0.676534176 -0.285590649 -0.382721275 0.0657471567 -0.19326745 0.755424201 -0.14139992 -1.34942186 -0.20016019 0.93443352 0.272177637 -0.0467471108 0.447352737 0.313036352 0.101121515 -0.244894102 0.281490326 -0.0372189321 -0.0462109223 -0.0826576725 -0.31367445 -0.00749877049 0.475332111 -0.401709944 -0.29308784 0.314321786 0.0308037717 -0.534537077 -0.26430586 0.622552931 0.690237582 -0.0359449089 -0.154276162 -0.180257663 0.412437052 0.0227669198 0.281720161 0.115676835 -2.03719592 0.308307469 0.00266222237 0.417134285 -0.229821324 0.178281173 -0.279914588 0.455559701 0.663036704 0.689477742 -0.882279396 -0.134695694 -0.22280696 -0.103811614 -0.0859381706 -0.202736154 -0.207001209 -0.306823671 -0.221974939 0.746353209 -1.24252689 -0.623961985 0.16675809 0.178432107 -0.763106048 -0.457776695 0.278417587 -0.507796645 -0.490853995 -0.198317155 0.110710159 -0.0103067365 0.19798623 -0.173587993 -0.0564082004 0.367365539 -0.334139347 -0.528853476 0.252178669 0.614835382 -0.0119156428 -0.168842822 0.404541612 -0.0768455938 0.541175902 -0.0180104449 -0.511436105 -0.350489527 0.562583148 -0.0789392143 -1.54340768 0.421806395 -0.596571386 0.400681913 -0.261381865 0.0749289095 -0.288766503 -0.301109672 0.142100841 -0.094359085 -0.00688674673 -0.435522288 -0.249207988 0.947325051 0.375754088 -0.480168968 0.228549078 0.357649833 -0.364201248 -0.0760536119 0.0606065467 0.666905761 0.0271496028 -0.830630839 0.451120675 -0.571090043 -0.754972517 0.0541802719 -0.930261552 -0.851171434 -0.270347118 0.99052614 -0.797500789 0.393018961 -0.38646841 -0.102254771 -0.193526924 -0.289827943 0.709372938 -0.436601013 -0.616166592 0.130838305 -0.616237521 -0.33547467 -0.100472219 0.346269757 0.269750983 0.379764318 -0.470422745 0.201138809 0.243041232 -0.240630403 0.598631263 0.365159899 -0.114407979 -0.133881807 -0.27490586 0.247723117 -0.670356393 0.355253875 -0.629285991 0.0994450822 -1.04243934 -0.613427162 -0.183129862 0.579531014 -0.122343071 -0.0101722386 0.353082597 0.176956296 0.395255446 -0.289772868 -0.554917455 -0.150687456 -0.120832443 0.0158831067 -0.0312500447 -0.0563153736 0.751209021 0.271010667 -0.184165329 -0.078145951 -0.202001512 0.205930263 -0.190800071 -0.775019586 -0.016716741 0.259900689 -0.269163042 -0.614922523 0.386344433 0.263183504 0.112178549 0.0894343629 -0.0107516311 0.0150706805 0.33339709 -0.0674416348 1.07671762 0.0632876232 0.255851597 0.0986735225 -0.0949589536 0.103930198 0.262921989 0.54881537 0.306902051 -0.0404297225 0.0233980082 -0.253643572 -0.079662323 0.00679086521 -0.262776494 -0.484491289 0.278677046 -1.06828058 -0.157499418 -0.378936172 -0.094799608 0.123376898 0.500376821 -0.089829199 0.0651475191 -0.197439983 0.220552996 0.23075594 0.316927761 -0.884382188 0.831929982 0.57718581 0.416323632 -0.0134408195 -0.0604143701 -0.298050463 0.00213313871 -0.639304399 -0.755953729 -0.0221124608 0.0013404981 0.549066901 0.0609595887 0.464087456 0.199195817 -0.0273288302 0.473148406 -0.443239778 -0.0638611913 0.171407342 -1.02752781 -0.0995816663 -0.197442055 0.288072318 -0.380112618 -0.0103470655 0.0834543109 -0.0673371181 0.246601298 0.0741917267 0.510757983 0.0569255464 -0.249506339 0.197080016 -0.415423751 0.40481025 -0.472035468 -0.615966141 -0.260734707 -0.0379511304 0.292140573 -0.20206213 -0.185640633 -0.192760929 -0.0371348895 -0.177137777 -0.55568248 -0.416560829 -0.329136074 0.18241024 0.245922968 -0.0301631615 -0.0337102003 0.147763312 0.410343438 0.295497417 0.136487231 -0.0361365601 -0.889098525 -0.0510369688 -0.00733732991 0.165553585 -0.23250699 -0.0912392959 -1.00623298 0.509522557 -0.387997687 -0.722211123 0.419312954 -0.041767057 0.393549889 -0.588754237 -0.0537274182 0.628586471 0.198454723 -0.218290001 0.157366887 -0.117852777 0.379349858 -0.0588850081 0.218413204 -0.840324819 -0.112340063 -0.0169317387 -0.274385273 -0.263069063 0.286494404 -0.806608379 0.0427321531 -0.453040272 0.268599629 -0.235015139 0.0159067437 0.236800134 0.241403669 -0.361240715 0.386729717 0.274582416 0.196419492 0.0543517023 0.130657196 0.452875644 0.061412476 -0.0235677529 0.22054033 1.12116086 0.152666122 0.113066316 0.182614148 -0.465771407 -0.560138285 -0.245150477 0.0687681735 -0.321052551 -0.192578033 0.381709427 0.0318301581 -0.124920554 0.0414559394 0.439721853 0.0342974439 -0.0580016933 -0.639592826 0.00807602145 -0.412653029 -0.170821011 0.93155086 -0.552664578 0.53571105 -0.271575928 0.0265152939 -0.208792776 -3.21920991 0.00568957673 0.283067405 0.292948544 -0.00419555185 0.210400522 -0.355606169 -0.143019468 0.111897245 -0.264761955 0.179277822 -0.394934237 0.335750043 -0.0256299675 0.334293962 0.890437543 0.229649857 0.0159953255 0.051381778 0.165970415 0.243147671 -0.188994706 -0.0822382867 -0.0870087445 -0.0491264537 -0.361526519 0.660551786 0.32755518 0.162244767 0.318878949 2.93031693 0.410035282 0.272012025 0.025413014 0.165225103 -0.126665309 0.505116403 0.0929180458 0.52999568 0.228280291 -0.121061794 -0.110224016 0.179349333 0.426228583 -0.0590861812 -0.448472291 -0.625137329 -0.0461995378 0.268415928 -0.422958791 -0.399333566 0.0156962741 -0.0183433313 0.210203201 -0.475737274 0.593646646 0.0433917902 0.253961533 0.441113293 -0.210329324 -0.824761569 0.197248861 -0.210385501 -0.411689371 -0.171172768 0.309160143 0.31521678 -0.492340297 0.209607065 -0.311903447 -0.971460998 0.898220003 -0.00960271154 0.237292349 0.502998114 -1.14851904 0.238562062 -0.0199773032 0.324455142 0.341231048 0.701285839 0.278064966 -0.00328210625 0.161222428 0.177471414 -0.419878036 -0.193575621 -0.423164666 0.244431555 -0.304431885 0.297945827 0.109027527 0.298429191 -0.0437881537 -0.0824313536 -0.59779346 -0.0465806089 -0.100410648 0.183806345 -0.679911733 -0.265811265 0.167573258 -0.0159599204 0.102646179 0.183006629 -0.766738772 -0.289944142 0.0411825664 0.446983606 -0.251241893 -0.223590136 -0.185990378 -0.296578079 0.0104542654 0.064571254 -0.228312731 0.00791355129 -0.689377546 0.00234707864 -0.0115129463 0.262517452 -0.645060658 -0.982026339 0.305418879 0.578959227 -0.145290509 0.272435248 0.0754157603 0.242286325 0.0101152798 0.466800809 0.0732208341 0.345937014 -0.233972371 -0.803717732 -0.026044054 -0.355054855 0.438307315 -0.00899499934 0.0841422454 -0.268556982 0.441419631 -0.00779157132 -1.70172501 0.099389255 -0.124994174 0.829168439 1.75700581 0.318562776 0.0206343848 0.175776467 -0.13821663 0.398896724 0.482046545 -0.00372123951 -0.247112781 0.24261263 0.406446397 -0.856209219 0.513803303 -0.0525512695 -0.0142188137 -0.298895627 0.192787334 -0.239917412 -0.336036652 0.182171494 -0.653463006 0.049180273 -0.182872251 0.241465271 0.918463111 0.120341919 -0.376730353 -0.847790778 -0.0111030154 0.455441892 0.279961854 -0.108443253 -0.397559851 0.0795570686 0.144261107 0.154414758 -0.125794113 -0.548111975 0.025599869 0.146354124 -0.383647263 -0.0387988314 -0.368685156 -0.376238585 0.0787203014 0.21673058 0.23963435 0.221485004 0.125158355 0.186452031 -0.311884075 0.23136498 -0.429083794 -0.0350926667 0.47850579 0.70045501 0.208994687 -0.130661175 0.471494853 -0.14488551 0.351095736 -0.720429063 0.281793386 0.0875220597 2.35125589 -0.495371401 -1.26589251 -0.185936227 -0.565641701 -0.78584373 -0.0310704168 0.150281072 0.274740815 -0.63076514 0.00718228845 1.02849853 0.793370783 0.0170107577 0.0438863449 0.366092175 -0.00908649806 0.575940311 0.174361914 -0.190165684 0.296550751 -0.0486657806 -0.205995187 0.18383196 0.569388866 -0.0833955631 0.0713768825 -0.566340744 0.393578321 -0.104787529 -0.0847465768 -0.072520107 0.196863919 0.345886678 0.674645782 -0.528835058 0.541759074 -0.14000465 -0.0307966471 0.297839373 0.133714601 0.709041536 -0.295030624 -0.367350131 0.40810281 0.469186544 -0.770078957 -0.136352718 0.301261693 -0.274435788 0.29003346 -0.240576416 -0.399717957 -0.266754866 0.113630682 0.0523109399 -0.0581924841 -0.158185452 -0.170485899 0.0597854927 -0.253327698 -0.690180898 -0.32921049 -0.185971394 0.461042255 -0.265856773 0.00183440326 0.0345981792 -0.0408360809 0.398929954 0.0997440666 0.326416582 0.208757043 -0.316434979 0.457098186 1.14750338 0.228727013 -0.00776671059 -0.0793762654 0.672039509 -0.140112564 0.204525724 1.00316262 0.510695934 -0.203887373 0.0445795469 -0.306459576 -0.207917482 0.19134064 0.0340815075 -0.14879258 0.0408659279 -0.352373928 -0.218902022 0.00602442678 0.407299608 0.223943785 -0.391913921 0.178476304 -0.784022868 0.208231688 -0.496268362 -0.167160466 0.456401914 -0.180112913 0.200446844 0.269560635 -0.673587203 -0.578788102 1.52936852 0.0895294696 0.0722974911 -0.0119408732 0.0164471567 0.723442674 -0.572889149 -0.344874591 -0.0548936576 -0.0322517231 -0.0971683338 -0.471748769 -0.2674326 -0.528788984 -0.784558833 0.074371323 -0.265235543 0.00180912681 -0.610504985 0.503069401 0.0487085879 0.0598833933 -0.457331061 0.0105604539 0.404515773 -0.028030986 -0.311018974 0.325255662 -0.985722899 0.730124712 0.545356095 -0.0493373685 0.212219402 0.109700732 0.0227412712 0.192570537 0.159032866 0.146072105 -0.0417128876 0.884272993 -0.109112196 -0.159235001 -0.254388779 1.55887151 -0.098723039 -0.824046493 -0.246051937 -0.294265032 -0.150783405 0.233938858 -0.292018712 0.168098584 0.047213994 0.230438992 -0.0308506917 0.446926564 -0.601721287 -0.176258534 0.241047829 -0.211663172 0.695776105 0.490712523 -0.0413113683 -0.00141794921 -0.162005171 -0.0752704889 0.0761897266 -0.494354308 0.46857211 -0.591159821 -0.742908418 -0.320325255 0.118204318 0.0319398977 0.193435043 -0.374462634 -0.0810040981 0.00619877735 -0.226116195 0.127901718 0.117501788 0.241210014 -0.874305248 0.222397923 -0.0832347348 -0.256421894 0.0680836439 0.0387891307 -0.329251558 0.292796075 -0.093089819 0.517560244 0.212789595 0.527754068 -0.924851 -0.00432501547 1.70453906 -0.157546133 0.995971262 0.0363900326 0.339307457 0.49426496 -0.56873703 0.0138679203 -0.100683369 0.211558357 0.102012604 -1.43866074 0.669284642 0.123248249 -0.0418558381 0.341280997 0.0560242981 -0.281160146 0.00659448327 -0.450132132 -0.0760342404 0.228546321 0.107729189 0.351657271 0.58550477 0.0914214477 -1.20159864 0.390295923 0.883913159 -0.22860387 0.250532746 0.0898659527 -0.0818613991 0.164512783 -0.0094163036 0.141026318 0.21147573 -0.147256657 0.00977418665 -0.0250339843 -0.684456527 0.203487903 -0.0464944914 0.769276619 0.118109033 0.399584174 -0.0607365035 0.0242604576 0.337550521 0.521634281 -0.781565368 -0.330100328 0.0358159356 -0.053066019 0.250570565 -0.288223892 -0.415055871 -0.297309756 -0.485038072 0.152726039 -0.2789478 0.217388764 1.64408505 -0.36954987 0.246980697 -0.206142932 -0.0749033988 -0.119109631 -0.215838 0.434119165 0.973653555 -0.0416365042 0.436960369 0.246159121 0.558026671 -0.306359977 0.205487236 0.347316384 -0.247335866 -0.387509435 -0.201504663 -0.0426255018 -0.0469689667 -0.514528871 0.299454331 -0.839584112 0.0182142649 -0.674540222 -0.824456871 -0.215397775 -0.031654831 -0.225003511 -0.257715106 0.124187663 -0.18942371 0.051677715 -1.19864166 -0.39313373 0.353467137 0.113137007 -0.0978284329 -0.544548571 0.0141047044 0.00890989881 -0.52627331 -0.146923825 -0.241266504 0.00593865756 0.278781891 0.0555135086 0.0711879134 0.148071632 -0.26743412 -0.13184832 0.165451199 -0.232471928 0.936336577 0.369760931 0.2931647 0.0863681063 -0.16260545 -0.527974665 0.271954656 0.438461751 -0.250882596 0.00217523961 -0.48787418 0.118218631 -1.09340394 -0.0501716137 0.212347046 0.144536421 -0.217641845 -0.752090216 -0.270315915 0.0960495099 -0.106701009 0.384475082 0.0605979301 0.458922505 -0.255551755 -0.476731539 -0.445106536 -0.770935476 0.579069495 0.914626956 -0.0480601043 0.128231242 0.0229489282 0.289658815 -0.0351286158 0.00525283068 -0.21294795 -0.399771571 -0.807731807 0.0823979154 0.105291143 0.82999903 -0.0910909101 -0.183133975 0.545234203 0.130476713 0.410570592 0.0243148413 0.122049622 -0.146162882 -0.0534458496 -0.348547488 0.179101273 -0.382706255 0.253279567 0.1326143 -0.20374006 -0.0269390363 -0.282067925 0.439101845 -0.533843458 -0.649945557 -0.0311195366 -2.37635565 -0.180227667 0.00512444042 0.87523818 -0.0644917861 -0.139097318 0.213474721 0.156374395 -0.20055376 0.58320272 -0.0371551104 -1.59076273 -2.68000531 0.135140255 0.496115685 -0.359767258 0.295488626 0.142080158 -0.523341835 -0.893360198 0.200084671 -0.0405893475 -0.346016198 -0.175162509 -1.00451875 0.499983191 -0.0533176214 -0.0254342798 -0.316482037 -0.0677746832 0.219825462 0.152065828 0.296150774 -0.0821646154 -0.334009349 -0.224836424 0.369051248 0.327448726 -0.108048879 -0.0312069915 0.418255061 -0.130194053 -0.118098386 -0.0613739565 0.58666265 -1.5085274 0.505576968 -0.48068136 -0.147307187 0.372097641 0.656339049 0.79730165 -0.381106973 -0.374760896 -0.34024331 -0.38352707 -0.79673636 -0.184062108 0.348578572 -0.705073416 0.0828349143 -0.1192315 0.109394178 0.542497754 -0.191963747 0.182036743 0.37750116 0.135402754 -0.98422724 0.151879951 -0.0200227443 0.0914691389 0.0313390382 -0.130044788 -0.0720851123 -0.391988546 0.964285672 0.284789354 -0.175573751 -0.0681118518 -0.282398313 -0.752477229 0.63257128 -0.014714391 -1.06669545 -0.273709863 0.349722445 0.00596178509 -1.8279618 0.412948757 0.342550457 0.215426221 -0.185072467 -0.110539928 0.152107686 0.76991874 0.570166409 0.0106934458 0.360631526 0.401260495 -0.0598818175 0.393621594 -0.126827627 1.4641304 -0.0276466049 -0.520915568 0.0111514563 0.0846503004 -0.494921565 0.601963401 0.0513849668 0.354357272 0.137737304 0.35993129 -0.828508556 -0.0896912739 -0.174059153 -0.108813703 -0.011295517 0.397314012 0.119825959 -0.712405205 -0.119471937 -0.825660884 -0.632264972 -0.275558591 0.00792694371 -0.510734975 -0.768804789 -0.789126396 -0.431803644 -0.467506111 -0.906405509 0.206323043 0.261326075 0.371291697 -0.0568883494 0.280920416 -0.135652155 0.373207569 1.19436157 0.117429763 -0.153204694 -0.202335283 0.0828546137 -0.0757857114 0.0261549447 -0.61813581 0.189065069 -0.0278840624 0.108345322 -0.0305640083 -0.525744557 0.178865016 0.395353943 0.0175877716 0.299545228 -0.0910706818 -0.0372630581 -0.653128862 -0.137818187 0.0841896534 -0.351707697 0.217705056 0.882684946 0.479808092 -0.0286468193 0.174735785 -0.0168076102 -0.162792191 0.0412746891 -0.0767135099 -0.163740575 -0.987869263 -0.387571394 0.413472235 -0.0257192403 0.00179737271 0.281748533 0.0849782825 0.370164603 -0.0796201751 0.0985202119 -0.0213902295 -0.121123157 0.399385244 -0.395153016 0.399258524 0.717680395 -0.245546207 0.0934355259 -0.273626983 0.0110127665 -0.059340924 0.120610923 0.0212074332 0.396035999 0.167212456 0.106319621 0.386410505 -0.0983760655 -0.169345856 0.358065873 0.0134627623 -0.921265841 -0.768627167 0.512963653 -0.336629301 0.353828996 0.0025423253 -0.0586583205 0.00943630189 0.0733286887 -0.438663214 -0.1811921 -0.509868443 1.39596617 0.0162681509 -0.394226193 -0.574621797 -0.425577849 -0.407024115 0.252605975 0.272495449 -0.688349426 -0.179176539 0.865490258 -0.00287001231 -0.0289283991 -0.459637403 0.337959111 0.705785394 -0.152175263 -0.948876202 0.101520985 -0.27266404 -0.800726891 0.659934819 0.311685473 -0.499349415 0.116793185 -0.000523218769 0.588004351 -0.371643573 -0.178250298 -0.147276357 -0.391981214 0.419105053 0.262852311 0.0876535028 -0.0496321805 -0.352594554 0.435594529 -0.126903594 -0.125279307 -0.00718762027 -0.899003863 -0.492972255 -0.307890475 -0.00136933883 0.0113074575 0.256931692 -0.302390397 -0.130879194 -0.0640875325 0.204675883 0.130660355 0.601495743 -0.048660662 -0.0267957617 -0.149438217 0.255760998 0.284155279 0.316415966 0.345918655 -0.0678418428 -0.263213009 0.455871016 -0.51638484 0.300574899 0.879086137 -0.174367368 -0.460982233 0.168183178 -0.179264247 -0.00173001969 -0.443759292 -0.476825476 -0.47656405 0.0470407568 -0.135742381 -0.109005027 1.07565653 -0.150949851 0.15354909 -0.434232861 0.250994474 -0.0418955833 -0.231926575 0.459935308 0.22355108 1.00807369 -0.0852585807 -0.192682132 0.155981734 0.0796963945 -0.256823123 0.0854850039 0.250945747 -2.11978436 -0.0168803688 -0.36718902 -0.115227163 0.134873807 -0.0638111904 -0.0322399475 -0.0269362424 0.506367266 -0.422400296 -0.493872553 0.498078465 -0.0801985934 0.448587596 0.0450350568 -0.989568412 -0.119368337 -0.0703566298 0.172245428 -0.207589969 0.345395356 0.0471090153 1.99826443 0.232887149 0.147760108 0.221529528 -0.285493046 0.0552802347 -0.753453791 0.57186991 0.099856697 -1.071123 0.654246151 -0.0280462746 0.308339626 0.168234602 0.625538647 0.0776793435 -0.749719799 0.109167047 -0.36207363 -0.152677655 -0.805569708 -0.74608022 -0.630698264 0.320492625 0.367814124 0.00588771887 0.891208351 -0.386255234 0.177444682 0.405323833 -0.415479749 -0.194474086 -0.112392537 0.139791429 0.339853525 -0.00389920501 -0.190028533 0.481169611 0.242750153 0.313279778 0.0253303051 0.0522757284 -0.149302483 -0.175682858 -0.225072309 0.022502346 -0.38230595 0.647154033 0.15842028 0.563500106 0.212261111 -0.312291324 0.123874128 -0.0548544005 -0.268149167 0.266757697 -0.201163575 -0.343198448 -0.339835107 -0.29533276 -0.241518289 -0.220445871 0.563120425 0.216981113 -0.333475322 1.03297305 0.306179076 0.0171664897 0.172513574 -0.337461501 0.0726455301 0.852285445 -0.0234927703 0.0237367749 0.151187211 -0.207367897 0.53384918 1.23505723 0.0570118763 0.305057615 0.202151284 -0.46735391 -0.164610609 -0.242930487 -0.730324447 -0.192490339 -0.212306917 0.605491698 -0.0822087526 -0.944697261 0.102598257 0.467307121 -0.0583088621 -0.121574752 -0.745736122 0.0501971617 -0.0960462242 0.0690295622 1.32924283 0.163190112 -0.387938917 -0.112759553 0.197595865 -0.826197982 -0.618001342 -0.00506302714 0.149522275 0.507061303 0.0843754485 -0.367799103 -0.126703575 0.723341525 0.263455451 -0.208477601 -0.359391958 0.174407035 -0.0232626703 -0.388669789 0.110664733 0.000765573175 -0.00448762765 0.343758255 0.199486479 -0.292224824 -0.460750371 0.112927176 -0.404816777 -0.311747819 -0.506652415 -0.377976447 0.213133737 0.816312611 -0.0743523017 -0.154563516 -0.467951626 0.00646327017 0.451466233 0.371409744 0.47355321 -0.362208873 -0.423662633 -0.670249224 0.436011076 -0.40609017 -0.340438128 0.29176113 -0.770830393 -0.121062703 -0.0801890194 -0.0663727298 -0.137760416 -0.289282441 -0.340602905 -0.918290198 0.119671352 0.136523187 0.0113923997 -0.063125141 -0.196579307 -0.219475478 0.347895324 -0.146135256 0.91374892 0.172170013 -0.0882337913 -0.385868728 0.0670354515 -1.78745842 -0.0391416028 0.0173840486 -0.0180272236 0.149415284 -0.040270444 0.122465119 0.237478435 -0.114225619 -0.051503256 -0.150480777 -0.214220747 -1.12246025 -0.616311133 -0.812000334 0.182408631 0.0629895777 0.246435493 0.410282224 0.18793726 -0.0184952673 0.543704331 -0.291493416 -1.10288465 -0.263481021 0.348146915 -1.01497483 -0.450367719 0.0540000871 -0.243632317 -0.00120562117 0.0617392771 0.678250313 0.117054224 -0.552106261 0.216596723 0.184376687 -0.182762682 -0.562512934 -0.343084693 -0.30730176 0.446428716 0.0926943049 -0.375504047 -0.107059211 -0.247119963 0.190917045 0.44449389 -0.261177778 0.00243007648 -0.923738837 -0.00591833983 0.075379312 0.486604661 -0.111881107 0.0854150131 -0.127545074 0.299755663 -0.212637052 -0.341231823 -0.162457675 0.562915385 -0.166555449 0.198954105 -0.740878701 -0.000313694036 -0.0625390187 0.344484687 0.160009488 -0.198458716 0.0647046715 0.1501766 0.132865578 0.000865422189 -1.19775403 -0.446094364 -0.228115126 -0.400079519 -0.446695 -0.284041703 0.209718436 0.29509601 -0.20968166 0.774117351 0.182890713 0.136014938 -0.931899369 -0.0730810165 0.0553347096 -0.0591175593 -0.762241244 -0.134074926 0.166726544 -0.24073261 0.0851381049 -0.153897583 -0.150672853 -0.230347678 0.095318906 0.176886097 0.00747515773 -0.296201408 0.289695114 0.347606689 0.096374996 -0.550248384 -0.154065967 -0.0466039926 0.00842651632 -0.278088629 0.148781136 -0.532919526 0.180998415 0.499541044 -0.442393869 -0.10014271 0.582839608 0.486623824 -0.222514078 -0.102202006 0.106629819 -0.297525525 0.0129078561 0.558315635 0.0472404435 -0.108329944 0.050251577 0.676568866 0.358644813 0.455691546 -0.171069518 0.182843074 0.349181831 0.0505449437 -0.144223049 -0.0632053688 0.456143618 -0.287359953 0.174648732 -0.43568328 -0.720641851 0.231853515 0.889797866 0.547265887 0.041948095 -0.317375988 -0.177519873 0.343211323 0.339475691 0.0638654903 0.11049857 -0.0307921972 -0.159180179 -0.519465387 -1.11057937 0.266349435 0.509529352 0.241481692 0.00315446593 0.20871526 -0.303142697 -0.163977534 -0.00546999089 -0.141786903 -0.0774344206 0.0688743889 -1.11695385 0.0607125498 -0.493485749 -0.393396467 0.0622225702 -0.469125986 -0.188431963 0.186139226 0.0196598712 0.12344256 0.508139253 -0.213763192 -0.218289077 0.311464429 -0.0930186808 -0.158815265 0.0773975775 0.795970619 0.612876475 -0.284788132 0.212552249 0.254127979 -0.156085238 0.227903128 -0.0355300084 -0.410932988 0.438433468 0.0335359946 -0.0130358888 0.967885137 0.299564928 -0.25406602 0.112417862 0.203789219 -0.105195701 0.0840739533 -0.371801317 -0.32769087 0.18258363 -0.365629911 -0.22726053 0.517853022 0.197899476 0.0572671518 0.70830518 0.0500823334 -0.132536888 -0.480087906 0.125649542 -0.93354702 -0.272467256 -0.256190896 0.423635662 0.182175934 0.190886363 -0.0123747382 -0.0252175611 0.457830399 -0.444064915 0.200102806 0.0403037481 -0.138534397 0.00689839432 -0.0401591472 -0.492382795 -0.26623106 -0.430928379 -0.261907548 -0.435885668 0.355155587 -0.302886039
tensor_linearrelustack9bias 1
-0.608330667
tensor_linearrelustack0bias 64
-0.949955583 -0.461627096 0.100953005 0.2651501 -0.357085854 -1.09901166 0.191343665 -0.115349993 -0.735233545 0.207621992 -0.731051028 -0.104661085 0.107637376 -0.0131340995 0.539982438 0.199936762 0.337639064 0.334708184 0.278748482 -1.00268364 -0.544586003 0.408733845 -0.805829346 0.0829046369 -0.202492505 0.560645103 -0.547962725 0.063931115 0.211627364 -0.542606294 0.0902305394 -0.960368574 -0.767021775 0.642166436 -0.583423734 -0.352171212 0.451455623 -0.94347322 -0.841959894 0.570490718 -0.0729921684 -0.370344341 -0.426990062 -0.0268799178 -0.971591055 0.829974592 -0.458736748 0.494589478 -0.417578965 0.11971733 -0.555739164 1.02193987 0.710825682 -0.75645262 0.451646745 -0.0247621462 -0.0561914928 0.947517633 0.628889322 -0.409664869 -0.493075997 -0.598397911 -0.312753022 0.0117440019
tensor_linearrelustack6bias 32
0.282884598 0.22482416 -0.243337288 -0.562106669 0.513465703 -0.241301954 0.422274709 -0.152507365 -0.14583008 0.710431397 -0.271081716 0.844516635 0.192562684 0.0931204408 0.367962509 0.0827857032 0.359642565 0.776664436 0.472884953 0.539682806 0.269271582 0.105370089 0.162058279 -0.277995586 0.434557378 0.306677967 -0.546905398 0.146942645 -0.271280587 0.47695148 0.12943612 -0.082205914
tensor_linearrelustack0weight 896
-0.0716497153 -0.178055063 -0.148211241 0.19594878 0.0728088394 -0.563995361 0.291801453 -0.689403176 -0.445402056 0.113799088 -0.0510338843 0.0767832845 0.0902954563 0.372466475 0.0131225288 -0.32635349 0.1948075 -0.135621175 0.159267634 -0.198776364 -0.0534041189 -0.188276485 -0.826497614 -0.00510566263 -0.23013936 0.272186756 0.596115351 0.663117826 -0.611247659 0.186756775 -0.323787838 -0.0729115903 0.0368862003 -1.08260667 0.199698061 0.0283440817 0.517862499 0.0843849033 0.245283023 0.0895171985 -0.276604503 0.22609055 0.0218356568 -0.0139080994 0.147732407 -0.0913744718 0.131131798 -0.116581485 0.41480431 0.149319917 -1.92216015 0.0837935135 0.263739914 0.383181512 0.296115637 -0.0423446521 -0.0937340111 0.0201387946 0.0320379063 0.118081614 -0.0101869293 1.16284752 -1.01165068 0.100645341 -0.360570937 0.052097816 -0.603554428 0.925757408 -0.301532179 0.108352251 0.128120616 -0.0550937988 -0.208250031 0.0923439413 0.112660915 -0.429837376 0.678463101 0.155011311 -0.0241681989 0.094856441 -1.71772957 0.443874836 -0.000756922702 0.00365626207 -0.0223549157 0.368742734 -0.0320044979 -0.0929614231 0.168164968 0.430328518 -0.0284186285 -0.155887395 0.673131287 -0.127710015 0.266817331 0.230903268 -1.82500279 -0.124468669 0.118565746 -0.0143418806 0.354558587 0.130753741 0.0920214802 0.145255119 -0.421907872 0.740318775 0.296906143 0.139857352 0.336217761 -0.523972273 -0.198116243 0.200924128 0.218033999 -0.0489952192 0.00803126954 0.0545529835 0.0591448508 0.857993841 0.644335747 -1.345119 -0.841270387 -0.0130786346 -0.174499288 -0.125260547 0.127703279 0.421329051 0.695276856 -0.345220655 -0.348563522 -0.176979482 0.00422347989 0.0230626203 0.308125347 -0.145773143 0.358851284 0.33450222 -0.624838114 -0.298358887 0.610021532 -0.287487417 -0.303323448 0.0616242997 -0.115463339 0.038005963 -0.615665138 1.17720008 0.459305346 -0.408067673 -0.20027943 0.110582516 0.480436563 0.110005438 0.0234865602 -0.460678041 0.228843823 -0.224422574 0.415518731 0.232858256 0.106768735 -0.0401988477 -0.128775001 0.985104084 -0.7028476 -0.0470114127 -0.973477602 -0.306830615 0.24081625 0.240278065 -0.409595937 0.00869253464 -0.124351531 0.0834214166 -0.0233102702 0.391563594 -0.349639833 -0.229331806 0.0672690645 -0.406866431 0.0576663241 -0.849498928 0.946038008 -0.291239172 -0.311777502 0.0172946174 -0.487756759 -0.406129122 -0.465819955 -0.633068264 0.140495107 -0.0328307487 0.817572117 0.010432573 0.811308503 0.179947466 -0.750079155 -0.013120071 -0.181322142 0.0448392704 -0.00966972858 0.0414971933 -0.0203685611 0.0674340725 -0.300373852 0.166290998 0.0679281801 0.00903483387 -0.269787431 0.894549906 0.25210613 -1.55974019 0.117873728 -0.0228451043 0.0940084234 0.0245519709 0.000331663818 0.894046783 0.0375185646 -0.835992396 0.043257717 -0.0436038151 0.304928243 -0.510822892 0.348373622 -0.0883187056 0.0697693154 -0.08243265 -0.12367072 0.128036827 -0.00692933891 -0.683317423 0.0509788468 1.09297884 -0.219508708 0.0432334878 0.797711253 0.514059305 0.0757277086 -0.227775499 0.18537572 0.291505396 0.292197526 0.21535179 0.0947638825 -1.28311467 0.48758477 0.733778536 0.189259812 -0.135485023 0.192435443 -0.569575787 -0.348634213 -0.166589439 -0.0219988506 0.08607319 -0.0358366221 -0.195517719 -0.0220867302 -0.220505491 1.25529027 0.116201781 0.591163039 -0.0361594968 0.124937482 -0.25265944 -0.0587873198 0.0837434009 -0.084154807 -0.109728664 -0.0456430502 -0.141056582 -0.0162106082 0.0733764544 -0.0136697395 -0.059466023 -0.754781246 0.0299478322 -1.37551022 0.349582493 -0.216299862 0.198674649 -0.0612934902 0.0737028569 -0.458779931 -0.790647209 -0.339512199 -0.533819079 -0.34292832 0.367155284 0.802155137 -0.0602750331 -0.161397934 0.371244371 0.164319068 0.0611792319 -0.372871816 -0.308767527 -0.145835206 0.0181684792 -0.0689997002 0.659955502 -0.277900398 -1.00128949 0.681756914 -0.201922148 0.278734237 0.0420446247 -0.0290180836 -0.272037596 0.129665911 -0.0499260984 0.0212896019 0.00528740743 0.00106909184 -0.00532891089 0.18464686 0.122767322 -0.876774132 0.0254074875 -0.146886379 0.0627659708 -0.611913264 0.992777228 -0.279855639 0.426451921 0.072012037 -0.182439238 -0.0137413787 -0.637395561 -1.14753592 -0.0219745059 0.558216929 0.361198455 0.0300524049 0.588742793 0.349902362 -0.626543045 0.296675622 0.348313153 -0.0853775516 -0.0375439152 0.0238406193 -0.165899873 0.15075922 -0.162165061 -0.53404355 1.13797116 0.075885199 0.0598090701 0.345466912 0.159817681 0.0616292022 0.144307435 -0.104902379 -0.108863078 0.0549255423 -1.19152546 -0.125664458 1.15770221 -0.229089573 -0.0698924959 0.26213488 0.136676222 -0.10108909 -0.0162516702 -0.188828617 -0.0458766259 0.0912610963 0.115535371 -0.557935953 -0.0393204615 0.441154927 0.0628811195 -0.122964852 0.133977965 -0.0494512878 -0.0287551451 -0.0714912489 0.450388432 0.58198148 0.0584722422 -0.557716966 0.131020203 0.0673253089 1.02558994 -0.343017399 -0.10413897 0.0738071799 -0.096531041 -0.729428113 -0.149667963 -0.104390837 -0.390334129 0.153793097 0.138037071 0.44213444 0.203256443 -0.041607663 0.558581352 0.235189334 -0.285639048 -0.307204664 0.0959150568 -0.358175755 0.704599977 0.402647763 -0.218633696 0.171817303 -0.0469377525 -0.0240573976 -0.0440701507 0.038323272 -0.143606916 -0.126404375 0.225974664 -0.597698987 0.205904096 0.635439754 -1.73785079 0.00776427006 0.0602610111 -0.149343416 -0.243682697 -0.0878035501 -0.0483395085 0.0947586522 -0.417834014 0.0145353395 -0.973330677 -0.618053973 0.0606608465 0.368850917 0.344207078 0.0765401646 -1.14707875 0.318840027 0.250796109 0.151897162 -0.0935449451 0.063604705 -0.843887568 -0.0122745596 -1.32551396 0.233155727 -0.0675695613 -0.213891 0.0396571942 -0.240891144 0.0709161907 0.272660762 0.108697802 -0.0814690143 -0.0987197161 -0.12551859 -0.314323485 -1.91456509 0.0561773181 0.695780635 0.0539821275 -0.896819472 0.0703421012 0.00825129822 0.0472038276 0.0288126674 -0.0670004711 -0.0211947467 0.0301466379 0.0126917595 0.070211105 0.0353513695 0.0119281244 0.457547724 0.0487130843 0.645966828 -0.896288872 -0.104436889 -1.19325018 0.166174546 0.199845091 -0.201595545 0.176358983 0.356171608 0.187667355 0.408092588 -0.464385688 -0.329909593 -0.0160066448 0.710892558 -0.516772807 -1.20700216 0.111114256 0.153438166 -0.237307936 -0.0556632131 -0.129572257 -0.00797336828 -0.164414376 0.00535686035 -0.126876861 0.0263624899 1.12263942 0.191613436 0.0626317263 0.00555123854 -0.00553229405 -0.264246225 -0.124188811 -0.0330886655 -0.147092462 -0.103811204 -0.865447998 -0.624176323 1.03494275 0.0910641178 0.0471140593 -0.0842284337 0.205444217 0.608090758 -0.0878557488 0.106798045 0.00472219661 -0.436149925 -0.214252695 -0.0423326716 -0.24933821 0.0374441743 -0.104075521 -0.0871271268 0.0667244345 -0.155755416 -0.448080748 -0.0267350394 0.593541861 -0.419873625 -0.0716118217 -0.0549908914 -0.0498978719 0.13626954 -0.214348719 0.186235636 0.22715722 0.00208346546 0.132166103 -0.980101407 -0.963929296 0.244847491 -0.0924377292 -0.0703885332 -0.0737421587 0.286901176 0.082671091 0.39777264 0.134918451 0.272348523 0.710458338 -0.110171974 0.00390485767 -0.636704266 0.102826841 -0.0219201911 -0.193994984 0.156249702 0.0403941721 0.544433653 0.161515981 -0.058261402 1.06041479 0.418491513 -0.655002296 0.20194295 0.114640325 -0.637259603 0.181787685 -0.864699006 0.12334469 -0.107798055 -0.0974427089 -0.689813137 -0.423686326 0.376346797 -0.244121104 -0.4795928 -0.0853339359 0.0928987861 0.0883154795 0.422090381 -0.879900157 0.358056366 -0.278245449 -0.0082080001 -0.183815405 -0.0594562441 0.127341017 0.100647785 -0.89652878 -0.219733372 1.00628984 0.269262254 0.0415278152 -1.3234961 -0.0378896818 -0.224351227 -0.220117107 0.0253188442 0.78811276 -0.296839803 -0.00367075438 -0.0651442111 -0.84933883 -0.0598124191 -0.544628501 0.615021765 0.242327824 0.373965293 -0.312897563 0.110185683 -0.168118119 0.0141317537 -0.051225774 0.00408521434 -0.0180725548 0.00717317453 0.43306762 0.274310946 -1.00985241 -0.335522115 -0.0350981951 -0.0467864722 0.0413181745 -0.267388612 0.430468857 -0.201094851 0.0978023335 0.168861479 0.00467510661 -0.0191926025 0.049607303 -0.111389332 0.242934301 -0.312109977 0.118469216 0.979567945 0.00704241125 0.176723123 -0.992218196 -0.0006738191 -0.00894789025 0.0310289096 0.0980914608 -0.624891222 -0.570302546 -0.756972849 0.284139991 -1.22728014 -0.00953973737 0.473836154 0.352828503 0.169323891 -0.179630354 0.328758776 0.241706073 0.323317736 -0.0119226333 0.0356265344 0.309565514 -0.348985404 -0.28582859 0.402877063 -0.213648513 -0.0254973788 -0.0736034885 0.145327374 -0.122735552 -0.690023303 -0.0373165645 -0.00328533119 -0.0321124196 -0.0262643751 -0.139657423 0.0429336801 0.0491463766 0.0872267708 -0.971603155 0.264663458 -0.0959694982 0.0665335804 -0.294390887 0.205766127 -0.343048304 0.224163562 0.126520321 -0.0924843848 -0.691211343 0.0989503413 0.608493149 0.117418505 -0.158545718 -0.617013633 -0.0945543274 0.110496186 0.21881932 -0.0206593163 -0.0297245029 0.0336610936 0.232007623 0.0847918615 -0.412290543 -0.0362741426 0.711376846 -0.171648458 -0.0189759564 -0.854058325 -0.683863401 -0.319689721 0.168671176 0.260025024 0.166468963 -0.00702613639 -0.0315701291 0.0215999931 -0.00637806347 -0.17379351 0.989369512 -0.255983323 -0.0382459015 -0.0343374237 0.134595305 -0.155204356 -0.824357688 -0.223071232 -0.161264569 0.137039855 0.163708061 -0.0258087534 -0.140677392 -0.24601306 1.46300745 -0.084840931 0.0694320574 0.234727383 -0.0772066638 -0.214507237 -0.107564993 -0.133036911 -0.249461129 -0.24261561 -0.115450211 -0.189830795 0.141998366 -0.0864760801 -0.0159853715 -0.793922305 0.0958667547 0.00712259579 0.33364737 0.113546737 0.698206365 0.00795756374 -0.0551748239 -0.0650095195 -0.106460087 0.145865306 0.0267106593 0.305626959 -0.106244944 0.414828688 -0.0146293966 -0.223332077 -1.15040076 -0.0518416204 -0.23212114 -0.0068896967 -0.028139554 -0.864110112 -0.208343491 -0.0566112883 0.596598566 -0.361210167 -0.964410961 0.486280978 -0.0977087393 0.499057293 0.125756919 0.243353128 0.0610355809 0.343432963 -0.11434304 0.424656063 -0.313985616 0.0411848538 -1.45220613 -0.0164256897 0.559236109 0.137105048 -0.020070944 0.263864845 0.0875160098 -0.20668152 -0.439270526 0.0409450531 0.170310766 -0.00601944048 0.0477342643 0.0487376228 0.0298990868 0.138252392 -0.0950532183 0.952182472 0.0398202203 0.196552366 -0.290273041 0.0846741945 -1.05882668 0.0479666255 0.0437836349 -0.112537771 -0.0966906101 -0.08328183 0.193282753 0.297665238 0.0862714574 0.219137549 -0.226790637 -0.433070928 -0.496621192 -0.22729145 -0.786189377 -1.50031209 0.0188952815 -0.0453823507 -0.0324210189 0.000662108476 0.330875933 -0.184700504 0.247231111 0.394703329 0.150992021 0.390882641 0.121547207 -0.396558076 -0.0332905687 -0.0181521401 -0.11006254 0.0640512034 0.00496969419 -0.121945366 0.0507334732 0.544300556 -0.065418005 -0.329787284 -0.0310466494 0.748434126 -1.09014153 -0.805202603 0.37978977 -0.408967733 -0.060474921 0.00593747804 -0.343001038 0.610572219 0.015304965 0.313483 0.830926657 0.153628185 0.254287809 0.264232755 0.352841705 0.102514796 -0.358479947 -0.13034381 0.0605623387 -0.147950143 -0.157477751 -0.113265634 -1.23106432 -0.291776121 -0.260293603 0.477533638 -0.14907831 -0.127369881 0.137986556 -0.0213636793 0.394468874 -0.236477971 -0.134483665 0.136812493 -0.0658101067 -0.497316182 0.305989325 0.7259534 -0.688580394 0.837433934 0.110613845 -0.346321285 0.0744174719 0.29348737 -0.112011157
