tensor_0linearrelustack6bias 1
-1.22924232
tensor_0linearrelustack6weight 32
-0.102099545 0.26508823 -0.194863826 -0.0633552 -0.0668803826 0.299241871 -0.181178197 0.194539264 0.271532923 -0.247179687 -0.103091441 -0.0589623973 -0.0625515804 -0.162282288 0.178960979 0.280182838 -0.0959726125 0.54221797 0.255798191 -0.15026933 0.301846772 0.180750996 -0.302013278 -0.13610813 0.237415031 -0.254298925 -0.164261416 -0.171439499 0.255733073 -0.0945037007 0.310534775 -0.213138282
tensor_0linearrelustack3bias 32
0.737043023 0.90902859 0.441249728 0.573334038 0.802737892 0.860752821 0.592655182 0.849209011 0.905923843 0.17460759 0.603957117 0.596491039 0.702007711 0.203579277 0.610775948 -0.06034692 0.990208447 0.738686681 -2.39187288 0.485572517 0.282406121 0.848340631 0.139562577 0.251339614 1.3276906 -0.0753312632 0.605294645 0.53915745 0.533260226 0.662459373 1.11395097 0.273640811
tensor_0linearrelustack3weight 2048
1.23309815 0.0294027217 -0.130851865 -0.300095588 0.0258006696 -0.0470914468 0.797662199 0.017155299 -0.209556893 -0.39604193 -1.20211744 0.958298504 -0.25374639 -0.0555895716 0.387525231 0.116367087 -0.583292246 1.75211895 -0.0726477802 -0.026235627 0.108529925 -0.0460456088 -0.706891775 0.145905226 0.216193914 0.200199842 -0.179727122 0.974721074 1.59044588 -0.716856718 0.726675272 0.123423591 0.701994002 0.441993028 0.174709231 0.265842855 0.0973065346 0.0876561701 0.722813964 -0.230155453 -0.233965546 0.0819377229 -0.108397968 0.220536292 -0.507199526 -0.126622245 0.356194347 -0.17699489 -0.140359715 0.0715927258 -0.639196634 -0.411139458 -3.06547546 -0.116426267 -0.253361225 -0.097473599 -0.266177058 0.0934930295 -0.0741496235 0.552983642 -0.00316550559 0.00726712029 -0.197103471 0.14625439 -0.0306971185 -2.62038827 0.190852672 -0.241284296 0.373418331 -0.33888635 -0.476378262 -3.52828288 0.107854515 1.11412048 -0.086681895 0.536843777 -0.391837627 -0.0340862051 -0.690783024 -0.000653560332 -0.090847902 0.175243348 -2.82722354 0.117653742 -0.2484321 0.312170446 -0.0875859857 0.0421500131 -2.0460701 -2.82038355 -1.47549248 -0.563854098 -2.60192561 0.54663372 -0.909260571 -0.115999714 -1.30933762 0.100694127 -2.07623506 -0.0629680157 -0.255880475 0.17786184 -0.959632993 0.211613879 -0.072184667 -0.433791667 -3.29476523 -1.17163491 0.197181106 -0.0110466378 -0.0650706887 -0.138600945 -0.353309929 -0.521628976 0.100316674 0.0855580792 0.220859662 -0.766571105 -0.280678362 0.41641885 -0.474533051 -0.0311821979 -0.226499006 -0.532173932 0.66085732 -0.105045386 -0.0953527093 -0.837511599 0.365023345 -0.213175803 -0.029093951 -0.0151204411 -0.345112383 0.186440051 -0.712746739 -0.107128806 -0.112522557 0.0187769737 -1.32548213 -0.0387483947 -0.12960729 0.0549185574 -0.368565977 -0.0230524484 -1.75273192 1.50240767 0.152167499 0.152454704 -0.247565225 -0.568277001 -0.515502334 0.0211970918 0.0109456573 -0.030930588 -0.0184626542 -0.284170628 1.85864258 -0.195056364 0.193567365 0.0425634161 0.0469969027 0.249490291 -0.83554399 0.177734092 -0.0355658047 0.138979167 3.92029071 0.307126939 -5.39925337 -0.108340792 -0.0570901856 0.0476633608 -1.72423434 0.0674017742 0.114723206 0.0269693527 -9.35488351e-05 0.111476339 -0.946461558 -3.09971595 -2.94807744 -0.0863134935 0.0206821971 -0.0627391413 -0.0486862026 0.177375317 -1.02248538 -0.0381239988 0.113003351 -0.0957844034 -0.0659946129 0.374725282 0.222222611 0.17188853 -0.687477171 -0.0241728313 -0.0614078976 0.177043304 0.774622321 0.00450080493 -0.0976820737 -0.346058846 -0.0682032257 1.05774701 -0.22932677 0.338604987 0.353772074 0.229769796 -0.0947330743 2.00145769 -0.00879598036 0.0864804536 0.685764253 -0.237564325 -0.621117413 -0.0623788945 0.300492257 1.07074165 -0.549388885 0.667173803 1.55375862 -0.891580522 0.518652201 0.421469599 0.19527705 0.206983149 0.203239933 0.480123281 0.233059183 -0.333756357 0.61983645 -0.146255255 -0.0946461707 -0.357448667 0.0616523176 0.140520588 -0.230932996 0.124897003 -0.264224827 -0.0960230902 0.121109471 0.052135013 -0.170152143 -0.206319854 0.070086278 -0.0971475914 -0.0962075815 0.654591024 -0.148270294 0.202300638 0.491524249 0.437569082 -0.102018952 0.0165148117 0.0909886807 0.498233706 0.552914858 -0.094795607 -0.627095878 0.0325103812 -0.195628777 0.0668313131 0.3923527 -0.0136614423 -0.115146011 -0.417777866 -1.03180766 0.917678475 -0.133827284 0.389789611 0.39070338 0.360235572 -0.0836989954 1.74384689 -0.0396945924 0.364634901 -0.201758966 -0.882370114 -0.311058909 -0.0793600082 0.224093556 0.946970224 0.256545216 0.706184447 1.6791507 -1.00044394 0.441032231 0.386200875 -0.00183523621 0.160116836 0.163316235 0.0414228477 0.171116352 -0.364066303 0.891242087 0.112050906 0.00334053417 -0.0544042289 0.0102817602 0.058486063 -0.134850666 0.129766941 -0.131703228 -0.135130554 0.0460399985 0.097154215 0.0552995205 -0.113776594 -0.206113249 -0.114990726 -0.240221441 0.827244461 0.160850704 0.196014866 0.661303401 0.512977242 0.0460627452 0.0376202986 0.0379803479 0.736028016 -2.1808815 -2.37534595 -0.158839479 0.12620692 0.206582695 0.143908456 -0.609644413 -1.4661684 1.10649502 -0.123389229 0.141009673 0.163786665 0.0442893654 0.154996365 -0.274228603 -0.251383245 0.732468367 -1.3473115 -0.69029355 -0.0731749013 0.233030304 0.396217793 0.0250263531 -0.0853373483 -1.39043868 0.221373573 -1.37288308 0.391196966 -3.65011811 -0.760006368 0.213703528 -0.12500453 0.0953707546 -0.21477367 -1.35892236 -0.116785638 -0.00137839525 0.0414932333 -3.25718784 -0.70776403 0.0133947181 0.0511717573 -0.618516266 -1.20443356 -0.000223654555 -0.00796114653 -0.0446441136 -0.998556376 -0.582642794 0.082840763 -1.30065727 -0.0937554613 -0.116914324 0.143054709 0.109737031 0.373582274 -0.35237518 -0.0894981697 -0.706557751 -0.317817509 0.254609525 0.0315753743 -0.0787857771 -0.498022169 1.00916517 -0.106112972 0.396548271 0.222508684 -4.66856718 -0.0507770739 -0.0932537019 -0.0902717039 -0.100866489 -0.221692637 -3.39231253 0.351631284 -0.00816931203 0.0571473427 0.153464019 0.119812131 -0.045250725 0.598145485 0.193014726 0.0525718965 -1.44404995 -6.57282448 -0.455967188 -0.232680261 0.0527613163 0.075565964 -0.279839158 -0.335116297 -1.12658513 -0.148768023 -0.21771501 0.240501478 0.835677147 0.16374746 -0.324184418 -0.228190169 0.0286879074 0.0990811288 0.250632674 0.010041086 -0.264333129 0.0642999783 0.115488693 0.112720087 -0.335573703 -0.0895089805 -0.0405835286 -0.126824766 0.13706778 -0.057884492 -0.193540931 0.0397713967 -0.704008341 -0.108763933 0.0178503357 0.365092903 0.479295433 0.0739945322 0.533402681 -0.355859488 -1.8417778 -0.0329938829 0.0764061436 0.556490123 -0.983977199 0.169692546 -0.00586863374 -1.82364738 -0.169026181 -0.353185147 -1.32561636 0.0508229733 -0.0278327465 -6.45551395 0.24404411 -1.4177283 -0.0607739985 0.755052567 -1.64868808 0.138904244 0.475160956 0.547539532 -0.102002591 0.472840011 -0.0740406364 0.184396133 0.0881017819 -0.546177983 -0.329287261 -0.695207059 0.646893919 -0.214899987 0.218213245 0.0770923644 0.531011343 -0.00191441923 -1.15101767 -0.176811695 0.40787068 -0.0189536233 -1.64365637 0.259324491 -1.59631181 -2.1620605 0.137832522 0.326649278 -0.0264093932 0.454669952 0.094476521 -0.465304822 -0.325772852 0.0382794216 0.215364188 0.268532068 -2.49879384 0.0864664167 0.12464948 -0.327486038 -1.36539948 0.37322697 0.203580931 0.163327724 -0.0707225353 0.496136457 0.131499499 -2.83957696 -0.957138717 -0.176436841 -0.821909785 -1.22102928 0.367216766 0.0806087181 -0.102165647 -0.424511492 -0.180630505 0.0378585383 -0.713338852 -2.54902005 -0.204796046 0.535331666 -0.139838964 0.269212186 -1.48687005 -0.943547785 -0.282395899 -1.49864531 0.0456452891 -0.306001216 -0.130965501 0.438016206 0.0615110099 -0.286011219 -0.146312848 0.173133105 -1.98114693 0.0189588331 1.80740201 -0.756228745 0.0436155163 -0.507285595 -2.49937415 -0.21382612 -0.0286293309 -0.194975555 -0.874356389 -0.086466983 -0.942659497 -0.111645482 -0.0219057743 -0.65654856 0.222210258 -1.19972587 0.000967689208 -0.534276426 -0.189673617 0.696882248 0.201786801 -0.0908136889 -0.313693345 0.0847809315 -0.0244202632 0.446721166 0.0164780729 1.27533877 0.0416775011 -0.420312971 -0.111668095 -0.25584656 -0.437986553 -1.36571372 -0.730168462 -0.413128167 0.0195595771 -0.530329823 0.268129498 -0.258796066 -0.14238748 -0.610622108 0.577706456 0.00202220702 -4.19913006 -0.128335029 -0.0831782743 0.358565688 -0.768498123 1.6134783 -0.296098441 -0.579608977 -0.142904043 -0.686707616 -0.00547223631 0.00904022809 -1.82197261 0.251595438 -0.494619548 0.10336455 0.11758431 0.649934649 0.301821798 0.683900058 3.50852799 -0.306956112 -1.03655505 -0.560274899 -1.48613691 0.00280801766 -0.222709283 -0.388648003 0.024797108 0.432507485 0.385873228 0.48856917 -0.281649828 0.126874879 -0.0885554031 0.0272077303 -0.0658365935 0.0435503274 -0.148592204 -3.08788443 -0.00294614304 -1.279562 0.723957658 -0.278224379 -0.563478351 0.501511335 -0.630121112 -0.76400131 -0.574815154 0.658856094 -0.190519303 0.535402238 -0.091496475 0.00959837995 0.130291894 0.00915649626 0.397024304 0.414846897 -0.716956615 0.0753732622 -0.1203558 0.293735653 0.387200445 -0.0427534953 -0.134752229 -0.214323059 0.0405574068 0.515092134 0.0705403164 0.239065453 0.155639544 0.159924686 0.0207250509 3.94415712 -0.144274592 0.0832724497 0.539283216 -0.601949275 -0.324788958 -0.00259904796 0.303765625 0.407127798 -1.3370235 0.259697765 1.41443539 -0.377597302 0.442889273 0.328927696 0.0462080389 -0.22281453 0.529636383 0.200360268 0.201797292 -0.661863446 0.06432686 -0.0502246656 -0.0468757674 -1.12643969 0.0339580588 0.097903952 -0.108785383 0.149817288 -0.344354898 -0.0403408669 0.0171350762 0.0482474305 0.240578219 -0.081031993 0.036149811 -0.135122672 0.0610079803 0.617391109 0.127776042 -0.013400496 0.739886582 0.451183259 -0.28850475 0.110987507 -0.0903964713 -0.4157359 0.598619819 0.0487884842 -0.63873291 -0.0208386984 0.00324404985 0.129122257 0.624034882 -0.0446617678 -0.294175953 -0.651507199 -0.200481221 1.12164497 0.155463576 0.439202487 0.374548286 0.374193043 -0.0457059443 1.70583594 -0.0299160928 0.234413743 0.250376433 -0.161436275 -0.579814792 0.099221915 0.195816979 0.943769336 0.0594706088 0.603491545 1.8166877 -1.17372561 0.616048634 0.377230674 -0.0147902286 0.254744917 0.14491649 0.0704035908 0.224516451 -0.314654768 0.598359942 0.0158425812 -0.0251374766 0.0860215202 0.110425167 0.156003922 -0.214793935 0.197144195 -0.195855722 -0.197200149 0.112564661 0.143858537 0.126833767 -0.142355636 -0.177546635 0.0778960362 -0.269773602 0.814474165 -0.0882437453 0.31543088 0.667443991 0.460572213 -0.0762926862 -0.0389419831 -0.10220921 0.624620497 0.463459283 -0.101411432 -0.40649727 -0.231073007 -0.263328791 0.057206586 0.592270494 0.0263387468 -0.295870572 -0.702867031 -0.456100702 0.927713811 0.174851179 0.50482291 0.183781683 0.355325341 -0.10801772 1.25197625 0.154982984 0.386214942 -0.260751605 -0.431373864 -0.355098724 0.073396869 0.116145439 0.786134481 0.181072548 0.541426897 1.41990972 -0.97272253 0.307529569 0.325407892 -0.307907492 -0.101988211 -0.0266110171 -0.229526043 0.109643869 -0.304286987 0.32401216 0.234536976 -0.0776111484 -0.087930955 0.124721512 0.0192109048 -0.135150656 0.146346286 -0.0869526565 -0.246667966 0.0978946686 0.420808941 0.656330407 -0.0722585693 -0.268005103 0.184872523 -1.09197545 0.77545917 0.0955235958 -0.22000581 0.663791358 0.385928065 -0.0980839208 0.230697989 0.0279892217 0.581772923 0.18027167 0.653265715 -1.93173051 0.197829396 -0.0465579256 0.288898736 -0.378095716 0.197598994 -0.177326262 -0.27694416 0.905840099 0.0593959205 0.070073761 0.128205687 0.0652302876 0.329273045 0.375162572 1.29753673 -0.190976471 0.200212836 0.089403674 -0.262482941 -0.304499269 0.0843894482 0.137163877 0.59400481 -4.5098238 0.202811703 0.983328879 0.567611396 0.282185167 -0.00904216617 0.0401366577 -0.0659012422 0.70034188 0.348705381 0.0640032962 -1.88397217 -0.169244662 -0.087214224 0.113832913 -4.71661282 -0.347236753 0.259837687 -0.0587838069 -0.0179275479 -0.375068694 -0.0626579225 0.232390314 -0.07930471 0.0257179663 -0.0499678738 0.569120049 -0.226933658 0.228453487 0.256339312 0.0896091983 -0.101621166 1.09872234 0.182866484 -0.0671551079 0.0293657072 -0.0084955534 -1.17650318 -0.46300441 0.591407716 0.130284205 -1.4124229 -0.236559436 0.127958894 -1.98592556 0.110201553 0.256105244 2.50234365 0.682944238 -0.624539673 0.0902840644 0.316688329 -1.4599241 0.022545591 0.207203805 -0.34250319 0.0550641976 0.0963023901 -0.164425939 0.232924461 -0.202519923 -0.708181143 0.405018538 0.162233323 0.0462655798 -1.15417767 -0.212999612 0.193718761 -0.293273032 -0.469335288 -2.09731984 -0.557787895 0.254549414 -0.23369801 -0.30533281 0.0570972264 -2.5763514 -0.856324673 0.210010007 0.145848438 0.243060797 0.0894232392 0.26715675 -0.507998765 -0.248648435 0.0685006082 0.384913951 -0.238969594 -1.07057679 0.243500784 0.401213139 -0.382223994 0.482220292 1.20793593 -0.184365883 -0.282645464 -0.408500969 -0.819271326 0.0275174938 -0.333317071 -0.350798339 -0.44683373 -0.906421781 0.999064326 -0.291388571 1.0963589 -0.172879726 -0.0274580382 -2.35675192 0.224587008 0.251480073 -0.683513939 0.335438401 -2.59986186 0.38251847 -0.638829172 -0.666715801 0.0423495173 0.776641011 -0.0940856859 -0.0167061072 -0.261241317 -0.756064355 1.37424695 -0.0653252229 -0.401974261 0.13791357 -0.355193675 -0.0325271077 -0.59402293 -0.148509696 1.06085074 -0.135627031 0.015067555 0.29889676 -0.244865447 0.271372259 -0.554184735 0.100558214 0.0355612859 -1.18019164 -3.2722261 0.0712949336 0.325649768 -0.0904174373 0.265313417 0.0714466125 -0.143180937 -0.200801402 -0.556735456 0.0295017548 -0.741204202 -2.49241853 0.172239736 0.611743212 -0.0862560496 0.223555699 -0.728480458 -0.237594262 -0.264968276 0.0860260352 -0.0605135337 -0.498129874 0.106480055 -0.0312124956 -0.660890639 0.591448963 -0.106443226 -0.0238573328 0.0623984896 -1.41981733 0.142356232 -0.379302442 0.0754961148 -0.320567131 -0.44142434 -2.37598372 0.402664095 0.0965392068 -0.0634389147 0.38363722 0.413875848 -0.272841126 1.11598873 0.0964331031 0.146701291 -0.41897431 -3.62378597 -0.173606157 -0.140715837 0.0585504845 0.62868166 0.157317072 0.359548599 0.311606854 -0.801776528 0.156493753 0.119956419 0.202038154 0.159950316 0.0652031004 -0.409595579 -2.25595104e-05 -0.16014111 0.332454503 0.270404756 -0.113687061 -0.139554694 0.0600877926 -0.193659559 -0.201047748 -0.0409330465 -0.0142495269 -0.14583537 -0.057804808 0.165502846 0.452442706 -0.0201511495 -0.244762883 -0.0390867218 -0.291171044 0.46737501 0.452279925 0.198384389 0.670282245 0.17276369 -0.957094193 0.053232599 0.131366864 0.558860242 -0.815933943 0.388653755 0.302210838 -0.465349048 0.0257846545 -0.342252284 -0.52800864 0.112831973 0.0480317958 -1.79848933 0.251692921 -0.0983888507 -0.216516376 -1.53485584 -1.61758256 -0.188512161 -0.168654442 -1.57014954 0.0669903681 -0.559907079 -0.369848639 0.0671158433 -0.441646338 -3.46886635 -1.10531831 -1.2460866 -0.0654257238 -2.17772412 -1.97109938 0.766677499 -0.528718233 -1.37847567 -1.95556808 -0.102907501 -0.184714034 -1.72416019 -2.788831 0.212181017 -1.45998907 0.426631302 -0.0419796742 -1.18895686 0.0395635813 -0.0854314119 0.0720764175 -3.21796846 -1.37157786 0.122192651 0.0599089414 -1.00893295 -0.0581489205 0.0689611062 -0.0732168853 -0.495610923 0.518546402 0.037957523 0.596245587 0.545799255 -1.07036161 -0.513607919 -0.185649335 -2.19342732 -1.230667 -1.90105867 0.61743176 -0.264983624 -0.338657588 0.12173979 -0.718187094 0.254144639 0.109326266 -0.266627938 -0.0712767616 -0.815590084 -0.250707477 0.234973148 -0.0183554702 0.419380039 0.577825427 0.12218637 -0.796364188 -0.0841951668 0.139414877 -0.0504514016 -0.313970715 0.519888103 -0.694123089 0.299334526 0.0470880195 -0.314830124 0.129609793 0.437536985 0.613310277 -0.0718794987 -0.0436935164 0.0681665391 0.167982057 0.119515471 -0.811635852 0.141180843 0.513792634 -0.112058535 0.319853693 0.010023349 -0.0855566859 -0.273790449 -0.022676345 0.599203169 0.109264061 0.168800965 0.0292556807 -0.344812214 0.1188979 0.182446614 0.319456071 0.0162348598 0.040477775 -0.213211954 -0.874272108 0.385704637 0.0508599244 0.290630102 -0.132819101 0.0662068576 0.0444741286 0.779933453 0.082662262 0.203835577 0.558291197 -0.0532436781 0.115629457 -0.070676975 -2.42383552 -0.320093006 -0.567591608 -0.00271940557 -2.0089488 -0.0464816988 -1.31377232 0.437297642 0.237559155 -0.212191969 0.27568844 0.169657305 -0.420385063 0.550572276 -0.00103690778 0.490238279 0.0583215915 -2.6497016 -0.141137943 0.128450409 -0.103074163 -0.028096579 0.656896293 -0.708616793 1.94272661 0.406354755 0.609355867 -0.270799905 -2.22130132 0.10853871 -0.376452804 0.16530709 -0.0818433687 -0.263456374 1.92903972 0.57793808 -0.242275029 0.493716002 0.15527004 -0.177184731 -0.197430685 -0.0226725787 0.237956256 -1.05670428 -0.0744963512 0.0418398418 -0.0366981328 -0.428675532 -1.32276285 0.109928288 -0.521133661 -0.1092816 0.133102134 -1.68470371 -1.44833255 0.0474763699 0.0301875193 -0.136281773 0.0906801447 -0.294595778 0.0531024374 -2.67124248 -0.166631475 0.0318926424 0.184816048 0.22487691 -0.24397622 -0.438292623 -0.0200646762 0.172650531 0.144558728 -3.76513696 -0.277403116 -0.401809841 0.6353001 -0.689707279 0.521723509 -0.0831686705 -0.486723453 -0.135149434 -0.559695005 0.467560321 -0.39691928 -0.220499739 -2.19269395 -0.165106148 -0.304100454 -0.36612758 -6.37933969 1.49118924 -0.80095762 -0.282786608 0.736246765 -0.316761255 -1.37697196 -0.240935504 0.172299549 0.165336743 -0.152650431 -0.236583918 -0.0773529559 -0.0544251166 -0.600477338 -2.08448505 -0.200970381 -0.1486696 -0.0917379633 0.338588864 -2.4435389 -0.0511029921 0.0791494697 0.148451418 -0.609407663 0.393302083 0.411417991 -4.37076759 -0.980003536 -0.791609168 0.755923212 0.149664536 0.351583123 0.318879336 0.211185291 -0.0469952226 -1.32522869 -2.42103052 0.166392103 -0.380970001 0.160361156 -1.4571197 -0.493680567 -0.0437443107 0.468423367 1.64246547 0.589925468 -1.90879297 -0.287429541 -1.44095933 -0.332259208 -0.145290822 0.0159350727 -1.61607575 0.228005618 0.0354124084 -0.16395016 0.848689139 0.351975948 0.267585278 -0.442168772 -2.69593787 -0.598835647 -1.12312007 -4.77409935 -3.87486863 -0.329222143 -0.360053152 -0.345205575 -0.249445319 0.286845773 -0.114098378 -0.00639147591 -0.232317165 -1.27932715 -0.128632799 0.00296788383 -0.585847437 0.0384198837 -0.999736249 0.176181987 0.12190336 -0.0348079801 0.371556997 0.102678865 -0.112307191 0.230709359 0.10691262 -0.0885555148 -0.399457425 0.419821173 -0.708960533 -0.826378524 -0.00230432651 -0.794208109 -1.1821661 -0.518844783 -0.310996175 0.0395043269 -0.836458802 0.0576436035 0.109336533 -0.0786081627 -0.826144576 -1.54114223 0.194729105 0.237175405 0.0359618776 -0.522745907 -0.63637042 -0.636231244 0.815758705 0.0232623629 -0.0902540311 -0.25605008 -0.339985847 -0.187329531 -2.85493207 -0.0200153645 0.323473573 -0.172438905 -1.47040558 -0.339236975 -0.16506198 -0.303517133 1.86326742 0.354390383 0.421144724 1.18623328 -1.74830198 -2.26934886 -0.51021266 0.370856255 0.181749344 -0.0332996622 0.0900865942 0.261547029 -0.0943426117 -0.647062719 -0.139234126 -0.0189512931 0.788309693 0.0180043094 0.17346853 0.0389524251 -0.0145343533 -0.0515683331 -0.270489633 0.0397774875 0.16275695 0.675800383 -0.0327719897 -0.187181965 -0.0693957135 -1.88107407 0.121685646 0.303194761 0.234983683 0.779991329 0.335669994 -3.29009914 0.154816702 -0.073817648 0.663487554 0.00603695167 -0.18186751 -0.0469349027 -0.430822879 -0.412065804 0.139724061 0.0995073095 -0.0988681763 -0.183519974 -0.161266685 -0.0133805135 -0.897147 -1.25968647 0.985003412 1.02302849 -0.420532554 -0.819107115 0.63105011 -0.0172078088 -0.0820566863 -0.426577538 0.262227774 -0.191221029 0.233281717 0.344007611 0.196930483 0.711158037 0.176130205 2.09883237 0.150055423 0.729765594 -0.0251364242 -0.127927959 -0.071422562 -1.08341289 0.118279614 -0.0550264269 0.153181091 1.13414788 -0.636028409 -1.57456946 0.325284392 0.260965466 0.26363492 -0.411697686 0.123604119 0.332080662 -0.165970951 -0.273702919 -0.258999318 0.244158834 -0.311950326 -0.65546149 0.21955277 -0.361234605 1.07619977 0.087538369 -1.9079411 0.136377111 -1.24844396 -0.0630617663 -0.120068833 -0.0228776224 -0.172952205 -1.15307486 -1.47649288 0.0819587857 -0.0979379117 0.223584145 0.107665442 -0.0928118601 -0.620339811 0.125251189 -5.21435928 0.111166172 0.586701095 -0.265200049 0.456174225 -1.38177156 -0.449940741 0.0172726233 0.0287867412 -0.69354558 -0.133692667 0.127769664 -0.111191474 0.171425998 -0.117652565 -0.0636315495 0.344465405 -0.615881503 0.611214697 -2.91804242 -2.52258229 0.185813814 -0.185787678 -1.56783116 -0.0415436625 -2.06987715 -0.0125399968 -0.487062544 0.0698856711 -3.18372893 0.0248265471 -0.0723252073 -0.117245294 -0.833904147 -0.845643282 -0.0496212244 -0.155446962 -0.0588933714 0.219651148 0.030673068 0.0380695388 -0.126023769 -0.0360205173 0.0599921867 0.253465861 -0.159393087 -0.165620819 -0.178102896 -0.220221043 -0.517259181 -0.117071927 -0.108774066 -1.04072499 -0.304479241 -0.145939738 -0.223203361 -0.25513953 0.361189634 -1.89665413 -0.913264811 0.0627106726 2.4516089 -0.150433868 0.00579460803 -0.54301703 0.24243401 -0.176121011 -2.83113313 0.0835655257 0.0180745013 -0.133106127 -0.000367012632 0.185881481 0.212227747 0.0574038066 -0.395480126 0.251265377 -2.20084596 0.208619565 0.513517201 -0.419007748 0.385831982 0.536305547 2.10886765 0.11774873 -0.0152750127 -0.18361564 0.256737769 -1.26498926 -2.05635834 -0.322594047 0.103939779 0.27817747 0.474883467 -0.663053155 -1.03772795 0.237669364 0.0836301148 0.0868253857 -0.227600545 0.509944201 -0.121073648 0.0636702627 -0.276271462 0.388222337 0.620029449 -1.61598074 -0.491734564 0.0663660467 0.0993978977 1.27855122 -0.293788731 -0.706158519 -0.280197501 -0.0925411582 -0.158976153 -0.0906514525 -0.108536027 0.211895585 -1.40510011 0.0489638187 -0.179688528 -0.556348205 -0.022091113 -0.00379241654 -1.02035475 0.0364414938 -2.96160126 -1.02412248 -0.983084202 0.976480186 0.399618059 0.382766992 0.612958908 -0.383508295 -0.323703587 0.318735093 0.162288472 -0.331444025 -0.292393893 0.129757792 -0.56584698 -0.116044931 -0.166579783 0.415347189 1.02848065 0.779110909 0.598907292 -1.20032465 -0.16316551 0.304819465 -1.05423558 0.237835705 -0.206031322 -0.166754529 0.176131934 0.13752304 -0.504867792 0.435040444 -0.181590527 0.119311593 0.0953317806 0.146089152 -0.157741234 0.031269867 -0.0528672338 -1.07945311 -0.0252582654 0.5001387 0.952516675 -0.252164245 -0.525444329 0.0277339946 -2.09844184 -1.00588441 -0.674551368 -0.073742792 0.435456425 -0.820387423 -0.133930862 -0.0194678344 0.270237237 -0.304348499 0.0092520956 0.193869889 -4.77839422 0.109693617 -0.659366667 0.281572312 -0.286530584 -0.112300158 -0.0546535701 0.0874423459 0.176620826 -0.288516819 0.112008043 0.0321072526 0.251778126 0.409780502 -0.163468584 -6.96890926 -0.0407180414 0.570310831 -0.0885575637 -1.43016243 -0.0731410608 0.260017395 0.229269475 -1.09622502 -3.12591219 -0.780431807 0.289562851 1.30743325 0.224695683 -0.522987127 0.317223608 -0.0200751591 -0.358550787 -0.140414059 0.0352757685 -3.29912281 -0.110748589 -0.110843785 0.0438573174 -3.76622844 0.329470307 0.17813848 -0.010980878 0.0570001565 -0.0141623346 -0.0558974408 0.073034972 -0.12396872 -0.00686187809 -0.0238952972 1.01980162 -0.589640558 0.388475657 0.582824349 0.283662051 -0.694725513 -0.87041235 -0.339455515 -0.248158798 0.0735613108 0.042095881 -0.914297819 -0.875493228 -1.50603175 0.193724066 0.516173124 0.885029018 0.211627617 -2.7352674 -0.267649293 -0.237793013 0.124460168 1.05575788 -1.33124578 0.0870325044 -0.599457145 -0.804771066 0.0645879358 0.216915637 -1.30385447 0.148516864 0.725719929 -2.59262276 -0.568959832 0.00224972842 -1.64142072 0.431585044 -0.385177106 0.573343992 -0.599252105 -0.469734579 0.0279651172 -0.425343364 -0.235461503 0.0434953831 -1.58897221 0.428636491 -0.85261637 0.0930396393 -0.200995252 -1.40570617 -2.22927141 0.193477854 0.0698297843 0.112986304 0.467917591 -0.00994038861 -0.580103874 -0.392749161 0.236857235 0.0528435186 -0.965834022 -1.26866376 -0.159557685 0.401381791 -0.398153961 0.086122565 0.387773335 -0.546711147 -0.17575407 0.336154342 -0.574684203 -0.0693257228 0.0887165293 0.134125963 -1.64544547 0.132657185 0.03098098 0.421436489 -0.265799493 -1.0350827 0.0959331021 1.70922494 -0.150231704 -0.14516367 0.161242992 -1.41159701 0.945892155 -0.232081831 0.761103272 0.362229913 0.0333553292 -0.239644945 0.839609683 0.0888684466 -0.10050828 -0.335630566 -1.92053735 -0.257098347 0.00656017382 -0.0156218773 -0.0257062223 0.0196700748 0.38617751 1.32437408 -0.167185754 0.193271428 0.109051108 0.460037529 -1.94565082 -0.424050897 0.0413799733 0.0251955222 0.224496469 -0.171101257 -0.123487331 -0.319991022 -0.0784218088 0.109394625 0.0434570387 -0.412715167 -0.114334442 -0.0669947192 -0.133315057 -0.119500287 0.493225396 0.843782604 -0.158851728 -1.39155495 0.159283981 -0.160837144 0.891458929 0.471421927 -0.489292741 0.0684472099 -0.125493273 -0.278656155 0.158470854 -0.0294381753 0.340332776 -0.0862103254 -5.95440435 0.168640673 -0.328878433 0.228345111 -0.191551134 0.0778311566 -1.62407947 0.3436912 -4.60413074 0.0709540248 -1.10927963 -0.229211271 -0.509580612 0.201513693 -2.28708196 -0.108695418 0.906778753 -2.59068155 -0.192878902 -0.164913699 0.464101613 0.56068188 -0.0931896642 0.102569744 0.0532040522 0.00495933555 -0.131697148 -0.155867726 -0.126845121 0.225842357 0.0451665521 0.0412249193 -0.062430542 -0.54059571 -0.233491287 -0.431539267 0.0740100145 0.478825867 0.05794416 0.0127208261 0.171366915 -2.34522033 -3.72439694 -0.109371334 -0.176180214 -0.241956368 -0.123907939 0.0958651751 -0.140768766 0.0779957995 -0.312259108 -0.152250782 0.287873745 -0.00452942029 -2.31026912 -0.0533891991 -1.02720916 -0.413564116 0.14333038 0.123343065 -0.883627355 -0.454212815 0.0225843135 -1.46960247 -0.246984154 -0.0917564109 -5.20295763 -0.171960801 0.249505386 -0.980383754 -0.0174095947 -0.0961137041 -2.60653162 -1.35343122 -0.926635623 0.264064878 -0.289076477 0.341262668 0.14404422 -1.62280762 -0.596010327 0.00104363379 -0.0938498974 -0.579479516 0.562501609 -0.0578688681 0.129534602 0.342084825 -0.160245195 0.463419139 -0.0930431336 -1.55668962 -1.97157025 -0.421496093 0.159945041 0.959601462 -0.0121226655 -0.875546634 -0.0708917081 0.0383299403 0.0156822745 0.503129363 -0.0648939833 -0.403780162 1.18810654 -0.0611092411 0.0630626157 -0.159645155 -0.228677675 0.403572619 -0.058227621 -0.30507493 0.0160952322 -0.842295408 -0.205893368 -2.56769562 0.0815609843 -1.16850984 1.44701397 -0.222671777 -0.0738050789 0.493764132 1.33332992 -0.3766734 -0.0174568687 0.135151446 -0.679651618
tensor_0linearrelustack0bias 64
0.95815289 -1.81178987 -1.53339303 -1.5627656 -0.956080079 0.654327512 0.710753441 -0.812044442 -1.43562329 -2.13712168 -0.41685316 0.730312407 0.1409733 1.25552344 1.3644948 -0.41175735 -1.55398691 -1.96756482 -0.891450942 0.336269021 -0.765000999 -0.851374447 -1.61452007 -1.04151964 -0.733734429 -1.64781249 -1.64293349 0.852118552 1.46755505 -0.145985886 1.11396277 -0.258767188 1.30390227 0.449075848 -1.8684392 0.919216394 -0.849289298 -1.35016727 1.5107168 1.468153 -0.792561889 -1.61965346 -0.561698735 -1.33710301 -1.01646757 -1.01237917 -0.314060122 -0.170814902 -0.154243305 1.22280622 1.47707355 -0.648880064 -0.611317754 -0.999827743 -0.235239446 1.47485995 0.681154311 -1.34664154 -1.17786968 -0.251256913 -0.188300386 -1.30468178 -0.355328739 -1.735358
tensor_0linearrelustack0weight 1216
0.0170908198 0.184918627 0.262951672 -0.490781903 0.0769388676 0.136287972 -0.0105858864 0.0841126442 -0.0299861059 -0.0358286016 -0.00213072868 0.298342675 0.00649819057 0.326311558 -0.376098394 0.387889206 -0.452136278 0.719990969 -1.27630544 -0.0852027908 0.0328589417 0.0400194936 0.158573285 0.0595488027 -1.08779085 -0.0212694667 0.0976679325 0.0498795174 -0.0399636813 0.0106486697 0.0287893787 -1.6982733 0.135282144 -0.0680350363 0.221603066 -0.198130831 0.0766611621 -0.284594953 0.060507521 -0.158376709 0.143676847 -0.18315883 0.193383604 -0.0260401778 -0.0799827352 0.190021709 0.678487897 0.245941982 0.0044761016 -0.943126917 -0.0619816221 0.165029421 -0.135036722 -0.82898134 -0.0911534801 0.119043127 0.647406161 0.0664870292 -0.120041236 -0.884565115 0.648130894 0.212997139 0.138201058 0.239450172 -0.0561526343 -0.39477548 1.09292388 0.0197497923 0.0253493879 -0.272874355 -0.0342289396 0.0928492621 -0.159672871 0.453157425 -0.593001902 -0.203612 0.00642881822 -0.0478738099 0.0650471151 0.0317817479 -0.179293469 0.227978483 0.112112314 0.133877441 1.17068338 0.726944327 0.309218973 -2.06228566 -0.117581874 -0.128463358 -0.290093988 -0.123486929 0.155989498 0.372477382 -0.00361136673 0.123864546 0.393521667 -0.105904743 0.247392327 0.331879765 0.0516285375 0.268150419 0.0199093502 -0.114697859 0.0478998907 0.794317782 0.596532583 -0.412914008 -1.30048156 -0.338963747 0.247723222 0.412698567 0.181760028 -0.673135936 -0.299714178 0.0284252856 0.0294949766 0.0605915785 0.0726219565 0.00693806494 -0.0662164167 -0.0574368276 1.25034297 0.398608536 0.0484941974 -0.68886596 -1.12040424 0.360204577 0.0299845692 0.901431739 -0.324365407 -0.0508030653 -1.02467275 -0.0695636868 0.0359887257 -0.167865738 -0.016604675 -0.114662655 0.125939861 -0.16339834 -1.12491548 0.159678876 -0.0272905175 -0.119420119 -0.587289572 0.0398864001 0.292147368 -1.22251165 -0.0376883224 -0.191734791 0.311987638 -0.191270575 -0.0219993386 0.10406673 0.317317754 0.57341224 -1.0494653 -0.507828116 -0.26024276 -0.0488907136 0.175363734 0.010060438 0.0684628189 -0.219818488 0.965278804 -0.0702363849 -0.532446444 -0.169256017 0.392062396 0.319820106 -0.110613674 0.0316458158 -0.196221128 -1.02848005 0.217724651 0.188134491 0.0753329322 0.177849934 0.0629108995 -0.140788704 0.617603838 0.0707029998 -0.203079998 -0.413324594 -0.136765331 0.0371261574 -0.0193315167 0.168514431 -0.329733491 0.211400688 0.195228308 0.0456988402 0.135108426 0.0623682328 0.0119118029 0.113273874 -0.00252006412 0.017140802 1.37082624 0.459447145 0.0912713856 -1.97796953 0.0303241219 -0.0241702199 0.0621970445 -0.514736891 0.0825932324 -0.0794632882 -0.313292533 0.220812067 0.187455371 -0.31927067 0.406059802 -0.100554816 0.163983747 0.134886742 -0.111682139 0.159389645 0.0568673126 -0.0710618049 0.0135824149 -0.250170499 -0.622564733 0.506353796 0.411141992 0.810760379 -0.639482379 -1.58890045 0.103408709 0.171467334 0.192091152 0.241104275 0.53953445 0.41708529 -0.777176082 0.676042378 0.0697927251 -0.310106367 -0.047364302 1.34390271 -0.45967263 0.314481109 -0.062844269 0.290747881 -0.187738225 0.077665478 -0.604276896 -0.0561329275 0.212431371 0.0121311629 -0.0565272011 0.0948601291 0.0328784548 -0.123278551 0.123660125 -0.250498354 -0.276617795 0.00296962843 1.11175716 -0.379488826 0.69733566 -0.77670759 0.363776326 -0.50882858 0.378461629 -0.707224786 0.080036357 0.142033234 0.27960974 -0.0472037755 -0.097254999 0.0888595134 -0.0436920859 0.0345772579 -0.161333293 -0.00564624509 -0.0278163832 0.351348996 -0.333403468 0.0930276811 -0.269862264 0.545901418 -0.168512598 0.686465919 -1.20135069 -0.07480634 0.110465594 0.0443390422 0.0474760048 0.00100217934 -0.139823079 0.00283958879 0.118819557 -0.674300194 -0.0107812285 0.0224871337 0.826341152 -2.28610945 -0.0109574143 -0.373384327 -0.465965271 0.333760858 0.578456044 -0.243041053 0.145723671 -0.00322308042 0.290299743 -1.16553998 0.316902608 0.105242446 -0.0913919434 0.0302015059 0.442429543 0.150275707 -0.0208786763 -0.0972079411 -0.398811162 0.115313306 0.14731805 0.210523441 -0.0950145125 -0.208955258 0.0294435695 0.107098244 -0.157613873 0.0452994928 0.0911890343 0.0708798692 0.063283816 0.00960707571 0.0368783996 0.33705169 0.322740912 0.223643422 -0.982231855 0.00620047888 0.0536485463 -0.104492851 -0.705861747 -0.314977318 -0.306033969 0.618815422 -0.07905747 -0.0698325187 -0.104074486 0.0138063058 -0.0340741836 -0.155489534 -0.105563603 -0.068930082 0.0882449672 -0.0299384575 0.153802752 -0.398538023 0.323216885 0.250514865 -2.34454918 -0.404019535 -0.142029747 0.362522095 0.142590865 -0.739742279 0.2602157 -0.245910212 -0.0346646048 -0.00459043961 0.0225553848 0.0551467128 -0.000930234208 -0.0901546329 -0.0613523088 -0.147862896 0.738054574 0.408839434 0.0368539989 0.867817819 -0.729623437 -0.328409821 -0.796192586 -0.461874247 -1.06795239 -0.525002241 -0.248368248 0.141757026 0.0867417827 -0.483317614 -0.237232298 -0.520502508 1.08900034 -0.842015922 -0.272303641 -0.131511852 0.111444876 0.0349530913 0.299856097 0.698761582 -0.271241009 0.314204544 -0.265887022 0.0949167162 -0.0349231996 0.0646664426 0.0549282767 -0.0278997589 0.120404847 -0.0331676975 0.0277727451 1.07701766 0.555878282 0.226263955 -2.31594753 -0.0607202314 0.0145656429 -0.00430044811 0.00370908529 0.0390624478 -0.0224659108 -0.0996139646 0.130822808 0.214855656 -0.747544825 -0.559577405 -0.407692283 -0.0758275688 0.0134442765 -0.221703827 -0.676014185 -0.157707483 -0.373822421 0.271444768 -0.110137761 -0.119110569 0.170648322 0.376094997 0.29908213 0.462746441 0.400146008 0.170018896 -0.246616602 0.097197555 0.0882808864 -0.00786168687 0.0722817555 -0.0379933082 -0.0536884665 -0.509990335 -0.25487116 -0.0953480899 0.815038204 0.516706467 0.0406240709 0.108075529 -1.35316455 -0.0113416575 -0.113606818 0.698171794 -0.466511071 -0.178500265 -0.094887346 0.0370597206 -0.0273117796 0.0400264636 0.288883597 0.0508968681 -0.58570987 0.307159543 0.345187247 0.619996309 0.218377024 -1.85749125 0.118250571 -0.74824965 0.57565999 -0.493276954 0.0896857381 -0.0830611885 -0.324415743 0.253068477 0.217345372 0.11829932 0.134941727 0.0742435008 0.00903881621 -0.198847473 0.182546034 0.239814848 0.106283844 0.417707175 0.0385574624 0.327849478 -1.18075716 -0.405754894 -0.841525853 0.467228025 0.0348426998 -0.141158208 -0.144937038 0.0497357659 0.124527536 0.0192781296 0.0733454973 0.105824947 0.416923672 0.412680864 0.287139505 -1.14078748 -1.06275284 -0.156929061 -0.0976484865 0.334728479 -0.316914529 -0.388103873 0.469821364 0.581880808 0.433878511 -0.522674263 -0.550822854 -0.358395904 0.11307051 -0.0813395083 0.092303209 -0.611628175 -0.362938195 -0.27976492 -0.290510565 -0.190534472 0.0231001563 -0.0249773487 0.410110295 0.4038378 0.17309992 -1.39470661 0.0790963769 0.0429913998 -0.019468911 0.04546763 0.0627935976 -0.0500731058 0.0527095832 0.0275989883 -0.078384608 0.302328616 0.252379954 -0.0790394694 0.207869142 -0.174575612 -0.21616444 -0.174018547 0.273218602 0.29971388 -2.2035203 0.142847925 -0.167031109 0.129039258 0.116862111 0.148551717 -0.000858839368 -0.159377784 -0.0278273653 -0.0355544873 0.0467225797 0.131637692 -1.64610493 0.570294797 0.233233601 0.707884848 -0.615285099 0.0402208753 -0.850626647 -1.3215915 0.366119623 -0.248434082 -0.197194397 -0.198937684 -0.142847419 0.0659685582 0.239386961 -0.14094469 0.00442846725 -0.0338303559 -0.147320926 0.845098615 0.193850592 -0.745011866 0.792672336 -0.301769078 0.200000018 -0.667722523 -0.869333088 -0.512847483 -0.0659096539 0.112125784 0.221185654 0.190973073 -0.0754348487 0.0149930427 0.0881095007 -1.10393775 -0.612918437 -0.0223042443 1.43785048 0.794710815 0.287454575 0.29521969 -0.629599869 -0.344652206 -0.391973704 0.17626816 -0.15077728 0.254314423 0.0941748917 0.197563514 -0.310520232 0.0407195389 0.0139858089 0.0609284006 -0.054408446 -0.0700629279 -0.0730230436 0.254397899 -0.413825929 0.0381018594 0.0235398021 0.698704243 -0.280394852 0.648249447 -1.29854167 -0.500424385 0.364561617 0.136593536 0.358232319 0.0179909226 0.862092614 -0.247185394 -0.470579386 -0.412910521 -0.0191175733 -0.130675167 1.29243767 -0.279884905 0.194560796 0.0522132553 0.662356615 -0.133523852 0.103663884 -0.682293594 -0.0940614119 0.0468607657 0.334944576 -0.126650795 0.140547276 0.0587985478 0.0271126609 -1.24442577 0.242556006 0.056321837 -0.0811279714 0.0829018578 -0.0834862217 -0.238481298 -0.313442111 0.43909961 0.110322013 -0.21669662 -0.181228489 -0.17248866 0.164579466 -0.137443364 -0.0921229571 -0.0844151154 0.0898969397 -0.0772929788 -0.00110961846 -1.26302528 -0.39585349 -0.0767868832 1.48799837 -0.340636253 0.244893342 -0.190100104 0.544290662 -0.166252151 0.291987866 -0.151080623 0.113288783 -0.184674516 -0.0269781537 0.0315154232 -0.0284717232 -0.041277919 -0.00897627976 -0.108568087 -0.231978104 -0.0999530107 0.00866969768 0.219210446 0.7574597 -0.36313346 0.591511846 -0.994774997 0.537329018 -0.915298343 0.573629975 0.10907419 -0.168944046 0.04973308 0.098880142 -0.0150629021 0.3123748 -0.0261044987 0.0483895019 0.776279092 0.142624825 0.100944437 -1.00309801 -0.33024627 0.0274746325 -0.0505390279 -0.618353963 0.0382169522 -0.052029904 0.690372705 0.0218470134 0.170260295 0.0239557233 -0.0236778613 0.0125434464 0.0639642254 -0.0797357112 0.10055586 0.669673383 0.0126762157 0.0861488804 -0.145114467 -0.509536326 0.188978314 -0.330471784 0.332204461 -0.123361856 0.373226374 -1.44355977 -0.0145980101 0.262966573 -0.126917616 -0.0966119692 0.0779248476 0.223020658 -0.0577573515 -0.118002973 -0.0819695964 -0.100407839 -0.0417750813 0.18887651 0.270879418 -0.00855580065 -0.00354798418 0.908452451 0.025285868 0.0889570266 -1.1210202 -0.494235545 -0.0877986699 -0.0268736091 -0.277137041 0.148873612 -0.51767236 -0.244825855 -0.0346690975 0.675500154 0.00589543814 -0.120125636 -0.465473026 0.0545099638 0.392157227 -0.206399381 0.686956644 -0.227655292 0.783527315 0.167886943 0.100203827 -0.0663100332 -0.0269350987 0.0267773271 0.0324556306 0.00324802892 -0.050962586 0.0379314981 0.272896528 0.131096348 0.275915295 -1.59899199 0.0380548425 0.081438981 -0.00659245718 -0.0495927781 -0.0226646978 -0.564727306 0.581803977 -0.17599611 -0.10011784 -0.0215327106 -0.00731985364 -0.0689861029 0.0189512372 0.0630910024 0.0261038374 0.00210309052 -0.0300509054 0.140909225 0.17855759 0.268420696 -0.046209652 -2.43205285 -0.750616491 -0.076266706 0.555172145 0.0907663032 0.0653579012 0.0937772766 0.154238299 0.0559933037 -0.0114803594 -0.372834653 -0.0805278793 -0.0844808221 0.105732992 -0.0364958569 0.0109585598 -0.205880627 -2.33988714 0.2060453 0.0256144255 0.110999979 -0.138299614 -0.140244633 -0.0953414664 0.112138264 0.0885355398 -0.0695078224 -0.153692678 0.0725518465 -0.0548195951 0.209218264 0.168941349 0.763576329 -0.559288383 -0.843245029 0.0867766216 0.490490019 -0.180442035 -0.350423962 -0.315404624 0.182562217 0.224181324 0.283296168 0.0842879564 -0.034916807 -0.0158651844 -0.00399359735 -0.0103039872 -0.0557864755 -0.0331096575 0.0377430432 -0.911826551 -0.298663974 0.127361462 0.776770234 0.175100282 -0.0556193776 -0.250311494 -0.260878921 0.186947495 -0.560732663 0.745751679 -0.0341330208 -0.0932237208 -0.0472581685 -0.0555885285 -0.0245887656 -0.121992819 -0.028655218 -0.121666312 -0.914724231 -0.291979045 0.11785198 1.09178948 0.417336464 -0.49502486 0.039465636 -0.299493164 0.36472708 -0.380131871 0.607622504 0.506315529 0.202838242 0.6714347 1.08188045 -0.64852953 -0.0101932744 -0.16661495 -0.256068617 0.668789864 0.337981939 -0.042102281 -0.535857141 0.791419864 0.208106324 0.0448445231 -0.297041684 -0.0797240883 -0.171527401 -0.44230628 0.218146503 0.0296516605 -0.034858454 0.123831727 0.0238865875 0.265414357 -0.07709454 0.0423024595 0.283874363 0.0479777828 0.260599911 0.156866476 0.0480085984 -1.87694299 0.206127793 0.0436558239 -0.151008844 -0.176637515 -0.182648078 -0.317451298 0.142878473 0.0233592279 0.116824925 0.101765275 0.0643141121 0.0416635051 -0.0552735366 -0.623291194 -0.0119898077 0.035349939 1.37158465 -0.467469692 -0.143024564 0.148333758 0.668872416 -0.456326038 0.169163555 -0.467923582 -0.123077422 0.27638337 -0.0318317041 0.00489871297 0.0790346265 0.0481502526 0.00277979579 0.00715546031 -0.0599578694 0.0882531106 0.0361316949 0.0943541005 -0.226448759 0.259409964 -0.248127863 0.933457315 -0.429434419 0.479807168 -1.01038742 0.148214296 0.0414789803 -0.0114860926 -0.705996633 -0.403798342 0.0510460436 0.093710959 0.189357862 0.167799622 -0.288290799 0.200460032 -0.0485375412 -0.0731139556 -0.0739292353 0.0475304238 0.72224462 0.0892019048 0.235271886 0.0391608141 0.153216675 -0.0437394977 0.121338457 0.147412866 0.210810065 0.0207354575 0.0709826648 0.00458678883 0.821837008 0.529714525 0.216325238 -1.380283 -0.182900414 0.347216994 -0.0518228672 0.280650824 -1.65772724 0.520364821 -0.201022968 -0.21209076 -0.242713019 0.35184148 0.366404772 -0.0264113192 -0.295439363 -0.155449554 -0.116914138 -0.438295782 0.661736846 -0.00993745495 0.177068174 -0.0744461268 -0.00355490111 0.207213163 -0.915635109 0.0164911132 0.0664147213 0.594349921 0.425501704 -0.144193411 0.0520245843 0.513508558 0.0712821111 0.280311793 0.0231075492 -0.0124218212 0.699772358 0.992803693 -0.129696995 -1.48259091 -0.0114169987 -0.115681008 0.0957192481 -0.112613991 0.397826374 -0.959883749 -0.727736175 -0.0242084544 0.190147623 0.0337731093 0.0537729189 -0.0189531762 0.027715398 0.0207663998 -0.0197070148 0.0305192024 0.0258233566 0.0635955855 0.0973786041 -0.340980113 -0.0320139639 0.119503096 0.455834955 0.797577083 -0.350233525 -1.58394277 -0.0949409083 -0.138741985 0.341307521 0.233136564 0.257711738 0.449208945 -0.133644029 -0.055959072 -0.795446992 -0.432817817 -0.139308318 1.78342187 -0.269981652 -0.0710788295 -0.0115877865 0.0129116094 0.0254088379 -0.0985504389 -0.288700372 0.0354766771 0.374367476 -0.378377199 -0.232977375 -0.148863763 -0.103733353 -0.0468518063 -0.0337959044 -1.55003357 -1.14530957 -0.368778348 -0.864871621 -0.173216 0.255567312 0.223636761 0.754230142 0.333202481 0.0296464823 0.0234793685 0.0729843974 0.438092351 -0.94474107 -0.523173571 -0.326977074 0.00122840726 0.0631662309 -0.0725120455 -0.442229778 0.237627029 0.0716306046 -1.99222898 0.0868244022 -0.0794457123 -0.122694097 0.345742911 -0.0228399262 0.543977857 0.0263488796 0.247573406 0.441573143 -1.00903463 -0.145365953 0.0747425705 -0.51916635 0.0925315097 -0.318288207 0.933436871 -0.53394413 -0.0841529444 -0.524758279 0.757038772 -0.144968525 0.445396632 -0.242792234 0.253903538 -0.387614697 -0.773132265 -0.203404963 -0.189581156 -0.103904679 -0.00817361008 0.248635739 -0.247675136 0.0404362939 -0.201066852 0.425025016 0.376361042 0.747122228 -2.07168007 -0.154106751 0.0758485645 -0.00127332041 0.568868816 0.00446135458 0.249358132 -0.486641407 -0.145091146 -0.0180926695 -1.36802173 -0.0695341825 -0.145036101 0.0135105038 0.0140349539 -0.105367064 -0.0238931905 0.0343634561 -0.00790705159 -0.833786368 0.074308075 -0.157607332 -0.168013737 -0.0817096159 0.141679138 0.536848605 0.499718368 -0.258980393 0.164553374 -0.601153493 0.0928657949 0.0723266229 0.0638877824 -0.000924051099 -0.00773653202 -1.63812637 0.00914255623 0.0606817417 0.452085197 -0.181331322 -0.123221196 -0.146876395 0.0701434687 -0.00776073569 0.343613446 0.428697705 -0.115112506 -0.133663788 0.0167326871 -0.0260658804 -0.0180741362 -0.165713802 -0.0983284488 -0.079570882 -0.125785112 0.252069503 0.00987364817 -0.639609993 0.267267406 0.0814052224 0.0377721824 -1.15741289 0.0270618275 0.0818840191 0.671891749
