################################################
# DECAY H+ Total width #
#     BR # partial width
#     ....
################################################
M 200 GeV
DECAY 37 2.194368e+00 # 
      8.693849e-01 2 -5 4 # 1.9077504599560184
      1.306151e-01 2 -5 6 # 0.28661767994762


M 250 GeV
DECAY 37 3.960380e+00 # 
      6.023758e-01 2 -5 4 # 2.385636892909974
      3.752345e-01 2 -5 6 # 1.4860712416735882
      2.238974e-02 2 24 25 # 0.08867187399327145


M 300 GeV
DECAY 37 6.086866e+00 # 
      4.766801e-01 2 -5 6 # 2.901487805507124
      4.704199e-01 2 -5 4 # 2.8633828551603684
      5.290005e-02 2 24 25 # 0.32199553276628456


M 350 GeV
DECAY 37 8.370157e+00 # 
      5.165648e-01 2 -5 6 # 4.323728979808047
      3.991620e-01 2 -5 4 # 3.3410485195459314
      8.427317e-02 2 24 25 # 0.7053797207518928


M 400 GeV
DECAY 37 1.078525e+01 # 
      5.292063e-01 2 -5 6 # 5.707621367199419
      3.540636e-01 2 -5 4 # 3.8186639872062456
      1.167302e-01 2 24 25 # 1.2589639965762631


M 450 GeV
DECAY 37 1.334902e+01 # 
      5.279676e-01 2 -5 6 # 7.047851758374161
      3.218397e-01 2 -5 4 # 4.296245985898895
      1.501927e-01 2 24 25 # 2.004926336316116


M 500 GeV
DECAY 37 1.608892e+01 # 
      5.189250e-01 2 -5 6 # 8.348940775079729
      2.967138e-01 2 -5 4 # 4.773804554188582
      1.843612e-01 2 24 25 # 2.9661720077209246


M 550 GeV
DECAY 37 1.903443e+01 # 
      5.052497e-01 2 -5 6 # 9.61713908947883
      2.758867e-01 2 -5 4 # 5.251346081088895
      2.188635e-01 2 24 25 # 4.165942006851144


M 600 GeV
DECAY 37 2.227647e+01 # 
      4.874304e-01 2 -5 6 # 10.858229484674267
      2.571716e-01 2 -5 4 # 5.728874826342579
      2.526278e-01 2 24 25 # 5.62765516531928
      2.162461e-03 3 -5 6 25 # 0.04817199848999999
      6.077265e-04 3 -6 6 24 # 0.01353800151


M 650 GeV
DECAY 37 2.579053e+01 # 
      4.682744e-01 2 -5 6 # 12.077046744885928
      2.859512e-01 2 24 25 # 7.374833249090278
      2.406462e-01 2 -5 4 # 6.206393739208305
      3.009515e-03 3 -5 6 25 # 0.0776170009299
      1.147553e-03 3 -6 4 24 # 0.0295960064329
      9.711318e-04 3 -6 6 24 # 0.025046005863099997


M 700 GeV
DECAY 37 2.959395e+01 # 
      4.486558e-01 2 -5 6 # 13.277497935476081
      3.186820e-01 2 24 25 # 9.431061502261542
      2.258537e-01 2 -5 4 # 6.68390492641182
      3.973109e-03 3 -5 6 25 # 0.11757999399059997
      1.443065e-03 3 -6 4 24 # 0.042705996528
      1.392278e-03 3 -6 6 24 # 0.0412030094814


M 750 GeV
DECAY 37 3.373553e+01 # 
      4.287085e-01 2 -5 6 # 14.46270824278746
      3.503715e-01 2 24 25 # 11.819966252691453
      2.122810e-01 2 -5 4 # 7.161409932949767
      5.040681e-03 3 -5 6 25 # 0.17005002513024
      1.864178e-03 3 -6 6 24 # 0.06288901262336
      1.730460e-03 3 -6 4 24 # 0.05837799648512
      3.739975e-06 4 -24 23 24 24 # 0.00012617001635072


M 800 GeV
DECAY 37 3.824488e+01 # 
      4.088175e-01 2 -5 6 # 15.63517690753206
      3.808405e-01 2 24 25 # 14.565201460876358
      1.997368e-01 2 -5 4 # 7.638909917608122
      6.180436e-03 3 -5 6 25 # 0.23637004569779999
      2.371167e-03 3 -6 6 24 # 0.09068501267790999
      2.047726e-03 3 -6 4 24 # 0.07831502327942998
      5.873989e-06 4 -24 23 24 24 # 0.00022465002180606998


M 900 GeV
DECAY 37 4.848343e+01 # 
      4.376623e-01 2 24 25 # 21.21936949366123
      3.702200e-01 2 -5 6 # 17.949534204106055
      1.772543e-01 2 -5 4 # 8.593898168995276
      8.638621e-03 3 -5 6 25 # 0.41882998148649997
      3.433338e-03 3 -6 6 24 # 0.16645998846444
      2.750218e-03 3 -6 4 24 # 0.13333998992843998
      2.829009e-05 4 -24 24 24 25 # 0.0013716003153504
      1.289100e-05 4 -24 23 24 24 # 0.00062500002668128


M 1000 GeV
DECAY 37 6.259142e+01 # 
      4.726382e-01 2 24 25 # 29.583093752500012
      3.232471e-01 2 -5 6 # 20.232494079563796
      1.525588e-01 2 -5 4 # 9.548874702250327
      1.777241e-02 3 23 23 24 # 1.1124001446672
      1.514792e-02 3 -24 24 24 # 0.9481300133136
      1.084685e-02 3 -5 6 25 # 0.6789199182312
      4.438308e-03 3 -6 6 24 # 0.27779999379792
      3.270896e-03 3 -6 4 24 # 0.20472999610763998
      5.627928e-05 4 -24 24 24 25 # 0.003522600027852
      2.322044e-05 4 -24 23 24 24 # 0.001453400007186


M 1250 GeV
DECAY 37 1.070168e+02 # 
      5.533380e-01 2 24 25 # 59.216479840295165
      2.415437e-01 2 -5 6 # 25.849242283933133
      1.115365e-01 2 -5 4 # 11.936283223939428
      3.478518e-02 3 23 23 24 # 3.7225997288620003
      3.018684e-02 3 -24 24 24 # 3.2304995155580003
      1.669551e-02 3 -5 6 25 # 1.7866999709920002
      7.023100e-03 3 -6 6 24 # 0.7515899079514
      4.553676e-03 3 -6 4 24 # 0.4873199394216
      2.150876e-04 4 -24 24 24 25 # 0.02301799218426
      7.576471e-05 4 -24 23 24 24 # 0.008108098420200001
      4.658799e-05 4 -6 -5 6 6 # 0.0049856988717219995


M 1500 GeV
DECAY 37 1.742773e+02 # 
      5.949421e-01 2 24 25 # 103.68491502908113
      1.800940e-01 2 -5 6 # 31.386295756136796
      8.218891e-02 2 -5 4 # 14.323663621035822
      5.613294e-02 3 23 23 24 # 9.782698396744
      4.911194e-02 3 -24 24 24 # 8.559098449752
      2.156792e-02 3 -5 6 25 # 3.758799149012
      9.182491e-03 3 -6 6 24 # 1.6002999877747999
      5.444942e-03 3 -6 4 24 # 0.9489299357899998
      5.699134e-04 4 -24 24 24 25 # 0.09932299211001999
      4.883423e-04 3 23 24 25 # 0.08510699576806
      1.765117e-04 4 -24 23 24 24 # 0.030761986238319997
      1.000704e-04 4 -6 -5 6 6 # 0.017439999266437998


M 1750 GeV
DECAY 37 2.728441e+02 # 
      6.082384e-01 2 24 25 # 165.95425808571014
      1.351573e-01 2 -5 6 # 36.87687663576833
      8.015933e-02 3 23 23 24 # 21.870998389968
      7.064841e-02 3 -24 24 24 # 19.27599974496
      6.124754e-02 2 -5 4 # 16.711027946705244
      2.528588e-02 3 -5 6 25 # 6.899102034048001
      1.085528e-02 3 -6 6 24 # 2.9618000716416004
      5.978872e-03 3 -6 4 24 # 1.6312999314080001
      1.204021e-03 4 -24 24 24 25 # 0.32851002023056003
      7.160866e-04 3 23 24 25 # 0.19538000002527997
      3.420049e-04 4 -24 23 24 24 # 0.09331401898448001
      1.668242e-04 4 -6 -5 6 6 # 0.045516998687664


M 2000 GeV
DECAY 37 4.135230e+02 # 
      6.021207e-01 2 24 25 # 248.99076302713243
      1.056120e-01 3 23 23 24 # 43.672989174479994
      1.023838e-01 2 -5 6 # 42.33807122871001
      9.362959e-02 3 -24 24 24 # 38.717988525299994
      4.618457e-02 2 -5 4 # 19.09838222764834
      2.780256e-02 3 -5 6 25 # 11.496996186079999
      1.205495e-02 3 -6 6 24 # 4.984999465064
      6.226253e-03 3 -6 4 24 # 2.57469904483
      2.191800e-03 4 -24 24 24 25 # 0.9063598182814
      9.650489e-04 3 23 24 25 # 0.39906992386699996
      5.904869e-04 4 -24 23 24 24 # 0.2441799280008
      2.382165e-04 4 -6 -5 6 6 # 0.0985079853521


