#Mass [GeV]   rhott rhotc     scale unc. (%)  <scale unc.(%)>   PDF unc.(%)     total(%)
200            01    01        +16.4  -18.2     17.3                 7.29        18.77   
200            01    04        +16.1  -17.9     17.0                 7.02        18.39   
200            01    06        +16.1  -17.9     17.0                 7.22        18.47   
200            01    10        +15.8  -17.6     16.7                 7.06        18.13   
200            04    01        +25.5  -26.6     26.05                 5.81        26.69   
200            04    04        +16.2  -18     17.1                 6.94        18.45   
200            04    06        +25.1  -26.1     25.6                 5.94        26.28   
200            04    10        +15.8  -17.7     16.75                 7.2        18.23   
200            06    01        +25.3  -26.5     25.9                 5.8        26.54   
200            06    04        +16.3  -18.2     17.25                 6.97        18.6   
200            06    06        +16.2  -18     17.1                 6.91        18.44   
200            06    10        +25.4  -26.7     26.05                 6.02        26.74   
200            10    01        +16.3  -18.1     17.2                 7.04        18.58   
200            10    04        +25.3  -27.1     26.2                 5.45        26.76   
200            10    06        +16  -17.9     16.95                 6.99        18.33   
200            10    10        +15.6  -17.5     16.55                 7.1        18.01   
300            01    01        +12.7  -14.7     13.7                 8.03        15.88   
300            01    04        +12.7  -14.8     13.75                 8.21        16.01   
300            01    06        +12.7  -14.8     13.75                 7.96        15.89   
300            01    10        +12.7  -14.8     13.75                 7.97        15.89   
300            04    01        +12.8  -14.9     13.85                 8.39        16.19   
300            04    04        +13  -15.1     14.05                 8.18        16.26   
300            04    06        +12.7  -14.8     13.75                 8.62        16.23   
300            04    10        +12.7  -14.7     13.7                 8.18        15.96   
300            06    01        +12.6  -14.7     13.65                 8.46        16.06   
300            06    04        +12.8  -14.8     13.8                 8.43        16.17   
300            06    06        +12.6  -14.7     13.65                 8.39        16.02   
300            06    10        +12.6  -14.7     13.65                 8.16        15.9   
300            10    01        +12.9  -15     13.95                 8.39        16.28   
300            10    04        +12.5  -14.6     13.55                 7.95        15.71   
300            10    06        +12.4  -14.5     13.45                 8.31        15.81   
300            10    10        +12.5  -14.5     13.5                 8.27        15.83   
350            01    01        +11.5  -13.7     12.6                 9.26        15.64   
350            01    04        +11.5  -13.7     12.6                 8.9        15.43   
350            01    06        +11.3  -13.4     12.35                 9.04        15.31   
350            01    10        +11.5  -13.6     12.55                 8.65        15.24   
350            04    01        +11.6  -13.8     12.7                 9.02        15.58   
350            04    04        +11.5  -13.7     12.6                 8.83        15.39   
350            04    06        +11.7  -14     12.85                 9.03        15.71   
350            04    10        +11.2  -13.3     12.25                 9.03        15.22   
350            06    01        +11.6  -13.8     12.7                 8.93        15.53   
350            06    04        +11.3  -13.5     12.4                 9.1        15.38   
350            06    06        +11.5  -13.7     12.6                 8.91        15.43   
350            06    10        +11.5  -13.7     12.6                 9.25        15.63   
350            10    01        +11.6  -13.8     12.7                 9.05        15.59   
350            10    04        +11.4  -13.6     12.5                 8.83        15.3   
350            10    06        +11.6  -13.8     12.7                 8.96        15.54   
350            10    10        +11.4  -13.5     12.45                 9.06        15.4   
400            01    01        +10.6  -12.5     11.55                 9.76        15.12   
400            01    04        +10.4  -12.6     11.5                 9.64        15.01   
400            01    06        +10.5  -12.7     11.6                 9.65        15.09   
400            01    10        +10.4  -12.3     11.35                 9.73        14.95   
400            04    01        +10.5  -12.7     11.6                 9.65        15.09   
400            04    04        +10.5  -12.7     11.6                 9.57        15.04   
400            04    06        +10.4  -12.6     11.5                 9.58        14.97   
400            04    10        +10.3  -12.4     11.35                 9.62        14.88   
400            06    01        +10.4  -12.6     11.5                 9.32        14.8   
400            06    04        +10.5  -12.7     11.6                 9.41        14.94   
400            06    06        +10.6  -12.8     11.7                 9.22        14.9   
400            06    10        +10.4  -12.6     11.5                 9.63        15.0   
400            10    01        +10.4  -12.5     11.45                 9.66        14.98   
400            10    04        +10.5  -12.7     11.6                 9.54        15.02   
400            10    06        +10.2  -12.4     11.3                 9.82        14.97   
400            10    10        +10.6  -12.8     11.7                 9.31        14.95   
500            01    01        +11  -11     11.0                 10.7        15.35   
500            01    04        +10.3  -10.9     10.6                 11        15.28   
500            01    06        +11.1  -10.8     10.95                 11.3        15.74   
500            01    10        +10.8  -11     10.9                 10.9        15.41   
500            04    01        +11.2  -11     11.1                 11.3        15.84   
500            04    04        +11  -11.3     11.15                 11.1        15.73   
500            04    06        +11.2  -11.2     11.2                 10.9        15.63   
500            04    10        +11  -11.3     11.15                 11        15.66   
500            06    01        +10.8  -11.1     10.95                 10.9        15.45   
500            06    04        +11.4  -11.1     11.25                 11.3        15.95   
500            06    06        +11.1  -11     11.05                 10.9        15.52   
500            06    10        +11.1  -11.2     11.15                 10.7        15.45   
500            10    01        +10.6  -11.1     10.85                 10.8        15.31   
500            10    04        +11.1  -11.1     11.1                 11        15.63   
500            10    06        +11.1  -11.3     11.2                 10.9        15.63   
500            10    10        +11.4  -11.2     11.3                 10.7        15.56   
600            01    01        +11.7  -9.81     10.75                 12.6        16.56   
600            01    04        +26.8  -17.7     22.25                 10.9        24.78   
600            01    06        +26.4  -17.4     21.9                 11        24.51   
600            01    10        +11.5  -9.81     10.66                 12.1        16.13   
600            04    01        +11.5  -9.93     10.71                 12.7        16.61   
600            04    04        +11.4  -9.82     10.61                 12.1        16.09   
600            04    06        +12.1  -9.9     11.0                 11.8        16.13   
600            04    10        +11.9  -9.75     10.82                 12.2        16.31   
600            06    01        +12  -9.84     10.92                 12.4        16.52   
600            06    04        +11.6  -9.7     10.65                 12.3        16.27   
600            06    06        +12.1  -10.1     11.1                 12.2        16.49   
600            06    10        +12.1  -10.1     11.1                 12        16.35   
600            10    01        +11.9  -9.96     10.93                 12        16.23   
600            10    04        +26.9  -17.7     22.3                 10.7        24.73   
600            10    06        +11.5  -9.89     10.7                 12.2        16.23   
600            10    10        +11.7  -10.2     10.95                 12.7        16.77   
700            01    01        +11.8  -8.79     10.29                 13.3        16.82   
700            01    04        +12  -8.59     10.29                 14.3        17.62   
700            01    06        +12.4  -8.82     10.61                 13.9        17.49   
700            01    10        +11.8  -8.85     10.32                 13.1        16.68   
700            04    01        +12.5  -8.89     10.7                 14        17.62   
700            04    04        +11.7  -8.65     10.18                 13.7        17.07   
700            04    06        +11.9  -8.69     10.29                 13.8        17.21   
700            04    10        +11.8  -8.9     10.35                 13.6        17.09   
700            06    01        +12.5  -8.95     10.72                 14.2        17.79   
700            06    04        +12.4  -8.83     10.62                 13.9        17.49   
700            06    06        +11.9  -8.68     10.29                 13.5        16.97   
700            06    10        +12.5  -9.05     10.78                 13.5        17.28   
700            10    01        +12.3  -9.01     10.66                 13.7        17.36   
700            10    04        +12.4  -8.86     10.63                 13.6        17.26   
700            10    06        +12.3  -9.06     10.68                 13.2        16.98   
700            10    10        +12.4  -9.15     10.78                 13.7        17.43   
800            01    01        +12.4  -8.86     10.63                 16.1        19.29   
800            01    04        +12.9  -9.24     11.07                 16.1        19.54   
800            01    06        +12.3  -8.77     10.54                 15.3        18.58   
800            01    10        +12.6  -9.01     10.8                 14.2        17.84   
800            04    01        +12.4  -8.88     10.64                 15.4        18.72   
800            04    04        +13.3  -9.42     11.36                 15.8        19.46   
800            04    06        +12.9  -9.2     11.05                 15.2        18.79   
800            04    10        +12  -8.62     10.31                 15.2        18.37   
800            06    01        +12.9  -9.15     11.03                 15.7        19.19   
800            06    04        +12.7  -9.06     10.88                 14.9        18.45   
800            06    06        +12.7  -9.09     10.89                 15.4        18.86   
800            06    10        +12.3  -8.81     10.55                 14.4        17.85   
800            10    01        +12.8  -9.17     10.98                 14.8        18.43   
800            10    04        +12.7  -9.06     10.88                 15        18.53   
800            10    06        +12.2  -8.68     10.44                 15.2        18.44   
800            10    10        +12.9  -9.22     11.06                 15.5        19.04   
900            01    01        +13.2  -9.43     11.31                 16.9        20.34   
900            01    04        +13.1  -9.42     11.26                 17.7        20.98   
900            01    06        +12.7  -9.13     10.91                 16.6        19.86   
900            01    10        +12.2  -8.75     10.47                 15.7        18.87   
900            04    01        +13.2  -9.41     11.3                 18        21.25   
900            04    04        +12.9  -9.29     11.09                 17.3        20.55   
900            04    06        +12.7  -9.06     10.88                 16.8        20.02   
900            04    10        +13.1  -9.36     11.23                 16        19.55   
900            06    01        +12.7  -9.11     10.9                 17        20.19   
900            06    04        +13.1  -9.36     11.23                 16.7        20.12   
900            06    06        +12.8  -9.19     11.0                 16.4        19.75   
900            06    10        +12.6  -9.07     10.84                 16.6        19.83   
900            10    01        +12.9  -9.27     11.09                 15.8        19.3   
900            10    04        +12.7  -9.12     10.91                 16.5        19.78   
900            10    06        +13.3  -9.5     11.4                 16.6        20.14   
900            10    10        +12.4  -8.91     10.66                 15.1        18.48   
1000            01    01        +12.8  -9.23     11.02                 19.9        22.75   
1000            01    04        +12.9  -9.28     11.09                 19.1        22.09   
1000            01    06        +13  -9.33     11.16                 18.7        21.78   
1000            01    10        +12.3  -8.81     10.55                 18.3        21.12   
1000            04    01        +14.2  -10.2     12.2                 20        23.43   
1000            04    04        +13.7  -9.81     11.75                 17.8        21.33   
1000            04    06        +13.1  -9.42     11.26                 18.1        21.32   
1000            04    10        +13  -9.31     11.16                 17.7        20.92   
1000            06    01        +13.6  -9.79     11.7                 19.4        22.66   
1000            06    04        +13.2  -9.5     11.35                 19.1        22.22   
1000            06    06        +13.8  -9.86     11.83                 17.8        21.37   
1000            06    10        +12.5  -8.97     10.73                 17.5        20.53   
1000            10    01        +12.5  -9.05     10.78                 17.8        20.81   
1000            10    04        +12.9  -9.3     11.1                 17.9        21.06   
1000            10    06        +12.9  -9.32     11.11                 18.9        21.92   
1000            10    10        +12.7  -9.14     10.92                 16.7        19.95   